01:00:00;715;1023;715;;11768
01:00:00;715;1023;715;;11940
01:00:01;715;1023;715;;11764
01:00:01;715;1023;715;;11964
01:00:02;715;1023;715;;11768
01:00:03;715;1023;715;;11792
01:00:03;715;1023;715;;11816
01:00:04;715;1023;715;;11848
01:00:04;715;1023;715;;11872
01:00:05;715;1023;715;;11792
01:00:05;715;1023;715;;11816
01:00:06;715;1023;715;;11796
01:00:06;715;1023;715;;11792
01:00:07;715;1023;715;;11792
01:00:07;715;1023;715;;13200
01:00:08;715;1023;715;;11816
01:00:08;715;1023;715;;11848
01:00:09;715;1023;715;;11852
01:00:09;715;1023;715;;11816
01:00:10;715;1023;715;;11868
01:00:10;715;1023;715;;11892
01:00:11;715;1023;715;;13200
01:00:11;715;1023;715;;11944
01:00:12;715;1023;715;;11816
01:00:12;715;1023;715;;11768
01:00:13;715;1023;715;;11852
01:00:13;715;1023;715;;13248
01:00:14;715;1023;715;;11796
01:00:14;715;1023;715;;11796
01:00:15;715;1023;715;;11796
01:00:15;715;1023;715;;11868
01:00:16;715;1023;715;;11844
01:00:16;715;1023;715;;11920
01:00:17;715;1023;715;;11852
01:00:17;715;1023;715;;11872
01:00:18;715;1023;715;;11844
01:00:18;715;1023;715;;11792
01:00:19;715;1023;715;;11768
01:00:19;715;1023;715;;11852
01:00:20;715;1023;715;;11816
01:00:20;715;1023;715;;11820
01:00:21;715;1023;715;;11992
01:00:21;715;1023;715;;11872
01:00:22;715;1023;715;;13172
01:00:22;715;1023;715;;13252
01:00:23;715;1023;715;;13176
01:00:23;715;1023;715;;11872
01:00:24;715;1023;715;;11796
01:00:24;715;1023;715;;11796
01:00:25;715;1023;715;;11864
01:00:25;715;1023;715;;11848
01:00:26;715;1023;715;;11832
01:00:26;715;1023;715;;11968
01:00:27;715;1023;715;;11844
01:00:27;715;1023;715;;13200
01:00:28;715;1023;715;;11816
01:00:28;715;1023;715;;11852
01:00:29;715;1023;715;;11792
01:00:29;715;1023;715;;11792
01:00:30;715;1023;715;;11872
01:00:31;715;1023;715;;11796
01:00:31;715;1023;715;;11868
01:00:32;715;1023;715;;11792
01:00:32;715;1023;715;;11816
01:00:33;715;1023;715;;11872
01:00:33;715;1023;715;;11820
01:00:34;715;1023;715;;11768
01:00:34;715;1023;715;;11848
01:00:35;715;1023;715;;11892
01:00:35;715;1023;715;;11768
01:00:36;715;1023;715;;11852
01:00:36;715;1023;715;;11852
01:00:37;715;1023;715;;13252
01:00:37;715;1023;715;;11868
01:00:38;715;1023;715;;11892
01:00:38;715;1023;715;;11844
01:00:39;715;1023;715;;11768
01:00:39;715;1023;715;;11820
01:00:40;715;1023;715;;11820
01:00:40;715;1023;715;;11824
01:00:41;715;1023;715;;11920
01:00:41;715;1023;715;;11768
01:00:42;715;1023;715;;11816
01:00:42;715;1023;715;;11968
01:00:43;715;1023;715;;11816
01:00:43;715;1023;715;;11792
01:00:44;715;1023;715;;11796
01:00:44;715;1023;715;;11916
01:00:45;715;1023;715;;11896
01:00:45;715;1023;715;;11772
01:00:46;715;1023;715;;13204
01:00:46;715;1023;715;;13196
01:00:47;715;1023;715;;11892
01:00:47;715;1023;715;;11792
01:00:48;715;1023;715;;11856
01:00:48;715;1023;715;;11844
01:00:49;715;1023;715;;11968
01:00:49;715;1023;715;;12016
01:00:50;715;1023;715;;11852
01:00:50;715;1023;715;;11868
01:00:51;715;1023;715;;11836
01:00:51;715;1023;715;;11820
01:00:52;715;1023;715;;11824
01:00:52;715;1023;715;;11768
01:00:53;715;1023;715;;11816
01:00:53;715;1023;715;;11796
01:00:54;715;1023;715;;11796
01:00:54;715;1023;715;;11868
01:00:55;715;1023;715;;11920
01:00:55;715;1023;715;;11856
01:00:56;715;1023;715;;11824
01:00:56;715;1023;715;;11968
01:00:57;715;1023;715;;13200
01:00:57;715;1023;715;;11868
01:00:58;715;1023;715;;11796
01:00:59;715;1023;715;;13200
01:00:59;715;1023;715;;11792
01:01:00;715;1023;715;;11820
01:01:00;715;1023;715;;13200
01:01:01;715;1023;715;;11844
01:01:01;715;1023;715;;13232
01:01:02;715;1023;715;;13232
01:01:02;715;1023;715;;11832
01:01:03;715;1023;715;;11796
01:01:03;715;1023;715;;11868
01:01:04;715;1023;715;;11816
01:01:04;715;1023;715;;11816
01:01:05;715;1023;715;;11768
01:01:05;715;1023;715;;11824
01:01:06;715;1023;715;;11744
01:01:06;715;1023;715;;11768
01:01:07;715;1023;715;;11792
01:01:07;715;1023;715;;11820
01:01:08;715;1023;715;;11768
01:01:08;715;1023;715;;11916
01:01:09;715;1023;715;;11916
01:01:09;715;1023;715;;11860
01:01:10;715;1023;715;;11892
01:01:10;715;1023;715;;11820
01:01:11;715;1023;715;;11768
01:01:11;715;1023;715;;13252
01:01:12;715;1023;715;;11872
01:01:12;715;1023;715;;11796
01:01:13;715;1023;715;;13176
01:01:13;715;1023;715;;11792
01:01:14;715;1023;715;;11820
01:01:14;715;1023;715;;11768
01:01:15;715;1023;715;;11820
01:01:15;715;1023;715;;11768
01:01:16;715;1023;715;;11772
01:01:16;715;1023;715;;11768
01:01:17;715;1023;715;;11768
01:01:17;715;1023;715;;11868
01:01:18;715;1023;715;;11748
01:01:18;715;1023;715;;11768
01:01:19;715;1023;715;;11768
01:01:19;715;1023;715;;11844
01:01:20;715;1023;715;;11768
01:01:20;715;1023;715;;11848
01:01:21;715;1023;715;;11848
01:01:21;715;1023;715;;11968
01:01:22;715;1023;715;;11920
01:01:22;715;1023;715;;11768
01:01:23;715;1023;715;;11792
01:01:23;715;1023;715;;11768
01:01:24;715;1023;715;;11792
01:01:24;715;1023;715;;11796
01:01:25;715;1023;715;;11868
01:01:25;715;1023;715;;11796
01:01:26;715;1023;715;;11920
01:01:27;715;1023;715;;11772
01:01:27;715;1023;715;;11796
01:01:28;715;1023;715;;11868
01:01:28;715;1023;715;;12036
01:01:29;715;1023;715;;11768
01:01:29;715;1023;715;;11816
01:01:30;715;1023;715;;11792
01:01:30;715;1023;715;;11792
01:01:31;715;1023;715;;11820
01:01:31;715;1023;715;;11800
01:01:32;715;1023;715;;11820
01:01:32;715;1023;715;;11792
01:01:33;715;1023;715;;11820
01:01:33;715;1023;715;;11896
01:01:34;715;1023;715;;11796
01:01:34;715;1023;715;;11748
01:01:35;715;1023;715;;11872
01:01:35;715;1023;715;;11816
01:01:36;715;1023;715;;11852
01:01:36;715;1023;715;;11868
01:01:37;715;1023;715;;11820
01:01:37;715;1023;715;;11820
01:01:38;715;1023;715;;11792
01:01:38;715;1023;715;;11820
01:01:39;715;1023;715;;11844
01:01:39;715;1023;715;;11792
01:01:40;715;1023;715;;11852
01:01:40;715;1023;715;;11820
01:01:41;715;1023;715;;11820
01:01:41;715;1023;715;;11792
01:01:42;715;1023;715;;11792
01:01:42;715;1023;715;;11916
01:01:43;715;1023;715;;11872
01:01:43;715;1023;715;;11968
01:01:44;715;1023;715;;11768
01:01:44;715;1023;715;;11820
01:01:45;715;1023;715;;11844
01:01:45;715;1023;715;;11856
01:01:46;715;1023;715;;11816
01:01:46;715;1023;715;;11768
01:01:47;715;1023;715;;11792
01:01:47;715;1023;715;;11840
01:01:48;715;1023;715;;11820
01:01:48;715;1023;715;;11768
01:01:49;715;1023;715;;11896
01:01:49;715;1023;715;;11744
01:01:50;715;1023;715;;11768
01:01:50;715;1023;715;;11820
01:01:51;715;1023;715;;11824
01:01:51;715;1023;715;;11820
01:01:52;715;1023;715;;11768
01:01:52;715;1023;715;;11768
01:01:53;715;1023;715;;11844
01:01:53;715;1023;715;;11744
01:01:54;715;1023;715;;11844
01:01:55;715;1023;715;;11816
01:01:55;715;1023;715;;11896
01:01:56;715;1023;715;;13200
01:01:56;715;1023;715;;11896
01:01:57;715;1023;715;;11872
01:01:57;715;1023;715;;11772
01:01:58;715;1023;715;;11792
01:01:58;715;1023;715;;11768
01:01:59;715;1023;715;;11768
01:01:59;715;1023;715;;11840
01:02:00;715;1023;715;;11820
01:02:00;715;1023;715;;11796
01:02:01;715;1023;715;;11824
01:02:01;715;1023;715;;11796
01:02:02;715;1023;715;;11788
01:02:02;715;1023;715;;11768
01:02:03;715;1023;715;;11940
01:02:03;715;1023;715;;11740
01:02:04;715;1023;715;;11796
01:02:04;715;1023;715;;11820
01:02:05;715;1023;715;;11872
01:02:05;715;1023;715;;11820
01:02:06;715;1023;715;;11792
01:02:06;715;1023;715;;11772
01:02:07;715;1023;715;;11748
01:02:07;715;1023;715;;11724
01:02:08;715;1023;715;;11772
01:02:08;715;1023;715;;11768
01:02:09;715;1023;715;;11920
01:02:09;715;1023;715;;11872
01:02:10;715;1023;715;;11868
01:02:10;715;1023;715;;11768
01:02:11;715;1023;715;;11772
01:02:11;715;1023;715;;11768
01:02:12;715;1023;715;;11768
01:02:12;715;1023;715;;11856
01:02:13;715;1023;715;;11820
01:02:13;715;1023;715;;11868
01:02:14;715;1023;715;;11796
01:02:14;715;1023;715;;11744
01:02:15;715;1023;715;;11848
01:02:15;715;1023;715;;11768
01:02:16;715;1023;715;;11892
01:02:16;715;1023;715;;11824
01:02:17;715;1023;715;;11772
01:02:17;715;1023;715;;11768
01:02:18;715;1023;715;;11792
01:02:18;715;1023;715;;11864
01:02:19;715;1023;715;;12116
01:02:19;715;1023;715;;11820
01:02:20;715;1023;715;;11868
01:02:20;715;1023;715;;11796
01:02:21;715;1023;715;;11832
01:02:21;715;1023;715;;11892
01:02:22;715;1023;715;;11792
01:02:23;715;1023;715;;11768
01:02:23;715;1023;715;;11820
01:02:24;715;1023;715;;11820
01:02:24;715;1023;715;;11796
01:02:25;715;1023;715;;11824
01:02:25;715;1023;715;;11772
01:02:26;715;1023;715;;11768
01:02:26;715;1023;715;;11872
01:02:27;715;1023;715;;11844
01:02:27;715;1023;715;;11768
01:02:28;715;1023;715;;11968
01:02:28;715;1023;715;;11820
01:02:29;715;1023;715;;11796
01:02:29;715;1023;715;;11768
01:02:30;715;1023;715;;11940
01:02:30;715;1023;715;;11892
01:02:31;715;1023;715;;11752
01:02:31;715;1023;715;;11768
01:02:32;715;1023;715;;11772
01:02:32;715;1023;715;;11844
01:02:33;715;1023;715;;11824
01:02:33;715;1023;715;;11796
01:02:34;715;1023;715;;11792
01:02:34;715;1023;715;;11768
01:02:35;715;1023;715;;11800
01:02:35;715;1023;715;;11772
01:02:36;715;1023;715;;11768
01:02:36;715;1023;715;;11872
01:02:37;715;1023;715;;11796
01:02:37;715;1023;715;;11772
01:02:38;715;1023;715;;11768
01:02:38;715;1023;715;;11872
01:02:39;715;1023;715;;11816
01:02:39;715;1023;715;;11792
01:02:40;715;1023;715;;11792
01:02:40;715;1023;715;;11896
01:02:41;715;1023;715;;11848
01:02:41;715;1023;715;;11964
01:02:42;715;1023;715;;11792
01:02:42;715;1023;715;;11872
01:02:43;715;1023;715;;11944
01:02:43;715;1023;715;;11792
01:02:44;715;1023;715;;11796
01:02:44;715;1023;715;;11820
01:02:45;715;1023;715;;11844
01:02:45;715;1023;715;;11836
01:02:46;715;1023;715;;11868
01:02:46;715;1023;715;;11796
01:02:47;715;1023;715;;11836
01:02:47;715;1023;715;;11844
01:02:48;715;1023;715;;11816
01:02:48;715;1023;715;;11868
01:02:49;715;1023;715;;13252
01:02:49;715;1023;715;;11844
01:02:50;715;1023;715;;11772
01:02:50;715;1023;715;;11796
01:02:51;715;1023;715;;11768
01:02:52;715;1023;715;;11888
01:02:52;715;1023;715;;11844
01:02:53;715;1023;715;;11792
01:02:53;715;1023;715;;11896
01:02:54;715;1023;715;;11832
01:02:54;715;1023;715;;11796
01:02:55;715;1023;715;;11796
01:02:55;715;1023;715;;11792
01:02:56;715;1023;715;;11848
01:02:56;715;1023;715;;11820
01:02:57;715;1023;715;;11848
01:02:57;715;1023;715;;11852
01:02:58;715;1023;715;;11820
01:02:58;715;1023;715;;11860
01:02:59;715;1023;715;;11768
01:02:59;715;1023;715;;11848
01:03:00;715;1023;715;;11816
01:03:00;715;1023;715;;11892
01:03:01;715;1023;715;;11844
01:03:01;715;1023;715;;11796
01:03:02;715;1023;715;;11768
01:03:02;715;1023;715;;11820
01:03:03;715;1023;715;;11796
01:03:03;715;1023;715;;11840
01:03:04;715;1023;715;;11940
01:03:04;715;1023;715;;11796
01:03:05;715;1023;715;;11868
01:03:05;715;1023;715;;11796
01:03:06;715;1023;715;;11768
01:03:06;715;1023;715;;11920
01:03:07;715;1023;715;;11848
01:03:07;715;1023;715;;11792
01:03:08;715;1023;715;;11872
01:03:08;715;1023;715;;11844
01:03:09;715;1023;715;;11816
01:03:09;715;1023;715;;11892
01:03:10;715;1023;715;;11844
01:03:10;715;1023;715;;11796
01:03:11;715;1023;715;;11768
01:03:11;715;1023;715;;11940
01:03:12;715;1023;715;;11772
01:03:12;715;1023;715;;13224
01:03:13;715;1023;715;;11820
01:03:13;715;1023;715;;11896
01:03:14;715;1023;715;;11740
01:03:14;715;1023;715;;11848
01:03:15;715;1023;715;;11792
01:03:15;715;1023;715;;11940
01:03:16;715;1023;715;;11772
01:03:16;715;1023;715;;11744
01:03:17;715;1023;715;;11792
01:03:17;715;1023;715;;11792
01:03:18;715;1023;715;;11772
01:03:18;715;1023;715;;11844
01:03:19;715;1023;715;;11796
01:03:20;715;1023;715;;11940
01:03:20;715;1023;715;;11816
01:03:21;715;1023;715;;11856
01:03:21;715;1023;715;;11852
01:03:22;715;1023;715;;11820
01:03:22;715;1023;715;;11920
01:03:23;715;1023;715;;11796
01:03:23;715;1023;715;;11796
01:03:24;715;1023;715;;11892
01:03:24;715;1023;715;;11792
01:03:25;715;1023;715;;11844
01:03:25;715;1023;715;;11768
01:03:26;715;1023;715;;11792
01:03:26;715;1023;715;;11868
01:03:27;715;1023;715;;11820
01:03:27;715;1023;715;;11744
01:03:28;715;1023;715;;11768
01:03:28;715;1023;715;;11768
01:03:29;715;1023;715;;13200
01:03:29;715;1023;715;;11768
01:03:30;715;1023;715;;11772
01:03:30;715;1023;715;;11820
01:03:31;715;1023;715;;11792
01:03:31;715;1023;715;;11820
01:03:32;715;1023;715;;11856
01:03:32;715;1023;715;;11820
01:03:33;715;1023;715;;11852
01:03:33;715;1023;715;;11816
01:03:34;715;1023;715;;11992
01:03:34;715;1023;715;;13232
01:03:35;715;1023;715;;11800
01:03:35;715;1023;715;;11968
01:03:36;715;1023;715;;11768
01:03:36;715;1023;715;;11868
01:03:37;715;1023;715;;11820
01:03:37;715;1023;715;;11944
01:03:38;715;1023;715;;11768
01:03:38;715;1023;715;;11768
01:03:39;715;1023;715;;11844
01:03:39;715;1023;715;;11844
01:03:40;715;1023;715;;11796
01:03:40;715;1023;715;;11792
01:03:41;715;1023;715;;11768
01:03:41;715;1023;715;;11816
01:03:42;715;1023;715;;12016
01:03:42;715;1023;715;;11892
01:03:43;715;1023;715;;11872
01:03:43;715;1023;715;;11856
01:03:44;715;1023;715;;11768
01:03:44;715;1023;715;;11768
01:03:45;715;1023;715;;11840
01:03:45;715;1023;715;;11968
01:03:46;715;1023;715;;11792
01:03:46;715;1023;715;;11796
01:03:47;715;1023;715;;13228
01:03:48;715;1023;715;;11872
01:03:48;715;1023;715;;11816
01:03:49;715;1023;715;;11768
01:03:49;715;1023;715;;11768
01:03:50;715;1023;715;;11792
01:03:50;715;1023;715;;11840
01:03:51;715;1023;715;;11968
01:03:51;715;1023;715;;11828
01:03:52;715;1023;715;;11768
01:03:52;715;1023;715;;12016
01:03:53;715;1023;715;;11840
01:03:53;715;1023;715;;11868
01:03:54;715;1023;715;;11796
01:03:54;715;1023;715;;11896
01:03:55;715;1023;715;;11868
01:03:55;715;1023;715;;11920
01:03:56;715;1023;715;;11792
01:03:56;715;1023;715;;11768
01:03:57;715;1023;715;;11820
01:03:57;715;1023;715;;11796
01:03:58;715;1023;715;;11872
01:03:58;715;1023;715;;11820
01:03:59;715;1023;715;;11796
01:03:59;715;1023;715;;11844
01:04:00;715;1023;715;;11796
01:04:00;715;1023;715;;11768
01:04:01;715;1023;715;;11848
01:04:01;715;1023;715;;11896
01:04:02;715;1023;715;;11792
01:04:02;715;1023;715;;11792
01:04:03;715;1023;715;;11892
01:04:03;715;1023;715;;12140
01:04:04;715;1023;715;;11868
01:04:04;715;1023;715;;11852
01:04:05;715;1023;715;;11788
01:04:05;715;1023;715;;11820
01:04:06;715;1023;715;;11860
01:04:06;715;1023;715;;11796
01:04:07;715;1023;715;;11848
01:04:07;715;1023;715;;11820
01:04:08;715;1023;715;;11792
01:04:08;715;1023;715;;11896
01:04:09;715;1023;715;;11792
01:04:09;715;1023;715;;11856
01:04:10;715;1023;715;;11868
01:04:10;715;1023;715;;11772
01:04:11;715;1023;715;;11792
01:04:11;715;1023;715;;11772
01:04:12;715;1023;715;;11844
01:04:12;715;1023;715;;11920
01:04:13;715;1023;715;;11796
01:04:13;715;1023;715;;11844
01:04:14;715;1023;715;;11872
01:04:14;715;1023;715;;11772
01:04:15;715;1023;715;;11820
01:04:16;715;1023;715;;11796
01:04:16;715;1023;715;;11852
01:04:17;715;1023;715;;11796
01:04:17;715;1023;715;;11796
01:04:18;715;1023;715;;11872
01:04:18;715;1023;715;;11828
01:04:19;715;1023;715;;11840
01:04:19;715;1023;715;;11848
01:04:20;715;1023;715;;11816
01:04:20;715;1023;715;;11916
01:04:21;715;1023;715;;11848
01:04:21;715;1023;715;;13228
01:04:22;715;1023;715;;11816
01:04:22;715;1023;715;;11844
01:04:23;715;1023;715;;11744
01:04:23;715;1023;715;;11796
01:04:24;715;1023;715;;11820
01:04:24;715;1023;715;;13196
01:04:25;715;1023;715;;11896
01:04:25;715;1023;715;;11796
01:04:26;715;1023;715;;11868
01:04:26;715;1023;715;;11796
01:04:27;715;1023;715;;11792
01:04:27;715;1023;715;;11968
01:04:28;715;1023;715;;11792
01:04:28;715;1023;715;;12020
01:04:29;715;1023;715;;11868
01:04:29;715;1023;715;;11820
01:04:30;715;1023;715;;11820
01:04:30;715;1023;715;;11868
01:04:31;715;1023;715;;11852
01:04:31;715;1023;715;;11820
01:04:32;715;1023;715;;11792
01:04:32;715;1023;715;;11792
01:04:33;715;1023;715;;11920
01:04:33;715;1023;715;;13228
01:04:34;715;1023;715;;11816
01:04:34;715;1023;715;;11772
01:04:35;715;1023;715;;11772
01:04:35;715;1023;715;;11856
01:04:36;715;1023;715;;11792
01:04:36;715;1023;715;;11792
01:04:37;715;1023;715;;11892
01:04:37;715;1023;715;;11820
01:04:38;715;1023;715;;11792
01:04:38;715;1023;715;;11768
01:04:39;715;1023;715;;11768
01:04:39;715;1023;715;;11768
01:04:40;715;1023;715;;11840
01:04:40;715;1023;715;;11868
01:04:41;715;1023;715;;11768
01:04:41;715;1023;715;;11744
01:04:42;715;1023;715;;11772
01:04:42;715;1023;715;;11768
01:04:43;715;1023;715;;11816
01:04:44;715;1023;715;;11796
01:04:44;715;1023;715;;11740
01:04:45;715;1023;715;;11724
01:04:45;715;1023;715;;11768
01:04:46;715;1023;715;;11792
01:04:46;715;1023;715;;11940
01:04:47;715;1023;715;;11772
01:04:47;715;1023;715;;11824
01:04:48;715;1023;715;;11792
01:04:48;715;1023;715;;11792
01:04:49;715;1023;715;;11816
01:04:49;715;1023;715;;11920
01:04:50;715;1023;715;;11816
01:04:50;715;1023;715;;11848
01:04:51;715;1023;715;;11892
01:04:51;715;1023;715;;11872
01:04:52;715;1023;715;;11820
01:04:52;715;1023;715;;11896
01:04:53;715;1023;715;;11844
01:04:53;715;1023;715;;11868
01:04:54;715;1023;715;;11920
01:04:54;715;1023;715;;11940
01:04:55;715;1023;715;;11820
01:04:55;715;1023;715;;11848
01:04:56;715;1023;715;;11920
01:04:56;715;1023;715;;11772
01:04:57;715;1023;715;;11896
01:04:57;715;1023;715;;11792
01:04:58;715;1023;715;;11844
01:04:58;715;1023;715;;11792
01:04:59;715;1023;715;;11792
01:04:59;715;1023;715;;11820
01:05:00;715;1023;715;;11868
01:05:00;715;1023;715;;11792
01:05:01;715;1023;715;;11868
01:05:01;715;1023;715;;13200
01:05:02;715;1023;715;;11768
01:05:02;715;1023;715;;11792
01:05:03;715;1023;715;;11820
01:05:03;715;1023;715;;11868
01:05:04;715;1023;715;;11816
01:05:04;715;1023;715;;11868
01:05:05;715;1023;715;;11772
01:05:05;715;1023;715;;11872
01:05:06;715;1023;715;;11816
01:05:06;715;1023;715;;11816
01:05:07;715;1023;715;;11796
01:05:07;715;1023;715;;11816
01:05:08;715;1023;715;;11768
01:05:08;715;1023;715;;11892
01:05:09;715;1023;715;;11832
01:05:09;715;1023;715;;11820
01:05:10;715;1023;715;;11844
01:05:10;715;1023;715;;11944
01:05:11;715;1023;715;;11868
01:05:12;715;1023;715;;13200
01:05:12;715;1023;715;;11864
01:05:13;715;1023;715;;11896
01:05:13;715;1023;715;;11820
01:05:14;715;1023;715;;11796
01:05:14;715;1023;715;;11872
01:05:15;715;1023;715;;11744
01:05:15;715;1023;715;;11792
01:05:16;715;1023;715;;11968
01:05:16;715;1023;715;;11872
01:05:17;715;1023;715;;11796
01:05:17;715;1023;715;;11796
01:05:18;715;1023;715;;11768
01:05:18;715;1023;715;;11748
01:05:19;715;1023;715;;11792
01:05:19;715;1023;715;;11848
01:05:20;715;1023;715;;11796
01:05:20;715;1023;715;;11892
01:05:21;715;1023;715;;11772
01:05:21;715;1023;715;;11796
01:05:22;715;1023;715;;13228
01:05:22;715;1023;715;;13232
01:05:23;715;1023;715;;11848
01:05:23;715;1023;715;;11860
01:05:24;715;1023;715;;11768
01:05:24;715;1023;715;;11824
01:05:25;715;1023;715;;11852
01:05:25;715;1023;715;;11896
01:05:26;715;1023;715;;11896
01:05:26;715;1023;715;;11820
01:05:27;715;1023;715;;11796
01:05:27;715;1023;715;;11788
01:05:28;715;1023;715;;11796
01:05:28;715;1023;715;;11852
01:05:29;715;1023;715;;11768
01:05:29;715;1023;715;;11748
01:05:30;715;1023;715;;11880
01:05:30;715;1023;715;;11868
01:05:31;715;1023;715;;11916
01:05:31;715;1023;715;;11820
01:05:32;715;1023;715;;13196
01:05:32;715;1023;715;;11988
01:05:33;715;1023;715;;11868
01:05:33;715;1023;715;;11872
01:05:34;715;1023;715;;11872
01:05:34;715;1023;715;;11820
01:05:35;715;1023;715;;11792
01:05:35;715;1023;715;;11768
01:05:36;715;1023;715;;11832
01:05:36;715;1023;715;;11820
01:05:37;715;1023;715;;11944
01:05:37;715;1023;715;;11768
01:05:38;715;1023;715;;11892
01:05:38;715;1023;715;;11816
01:05:39;715;1023;715;;11944
01:05:40;715;1023;715;;11768
01:05:40;715;1023;715;;11768
01:05:41;715;1023;715;;11744
01:05:41;715;1023;715;;11868
01:05:42;715;1023;715;;11816
01:05:42;715;1023;715;;11792
01:05:43;715;1023;715;;11848
01:05:43;715;1023;715;;11792
01:05:44;715;1023;715;;13196
01:05:44;715;1023;715;;11916
01:05:45;715;1023;715;;12044
01:05:45;715;1023;715;;11892
01:05:46;715;1023;715;;11792
01:05:46;715;1023;715;;11816
01:05:47;715;1023;715;;11864
01:05:47;715;1023;715;;11816
01:05:48;715;1023;715;;11860
01:05:48;715;1023;715;;11796
01:05:49;715;1023;715;;11820
01:05:49;715;1023;715;;11836
01:05:50;715;1023;715;;11896
01:05:50;715;1023;715;;11792
01:05:51;715;1023;715;;11820
01:05:51;715;1023;715;;11892
01:05:52;715;1023;715;;11820
01:05:52;715;1023;715;;11848
01:05:53;715;1023;715;;11820
01:05:53;715;1023;715;;11968
01:05:54;715;1023;715;;11768
01:05:54;715;1023;715;;13200
01:05:55;715;1023;715;;13228
01:05:55;715;1023;715;;11892
01:05:56;715;1023;715;;11796
01:05:56;715;1023;715;;11892
01:05:57;715;1023;715;;11896
01:05:57;715;1023;715;;11820
01:05:58;715;1023;715;;11792
01:05:58;715;1023;715;;11768
01:05:59;715;1023;715;;11896
01:05:59;715;1023;715;;11872
01:06:00;715;1023;715;;13252
01:06:00;715;1023;715;;11820
01:06:01;715;1023;715;;11964
01:06:01;715;1023;715;;11924
01:06:02;715;1023;715;;11844
01:06:02;715;1023;715;;13196
01:06:03;715;1023;715;;11868
01:06:03;715;1023;715;;11892
01:06:04;715;1023;715;;11892
01:06:04;715;1023;715;;13204
01:06:05;715;1023;715;;11816
01:06:05;715;1023;715;;11852
01:06:06;715;1023;715;;11896
01:06:07;715;1023;715;;11768
01:06:07;715;1023;715;;11844
01:06:08;715;1023;715;;11868
01:06:08;715;1023;715;;11872
01:06:09;715;1023;715;;11768
01:06:09;715;1023;715;;11796
01:06:10;715;1023;715;;11744
01:06:10;715;1023;715;;11896
01:06:11;715;1023;715;;11892
01:06:11;715;1023;715;;11824
01:06:12;715;1023;715;;11772
01:06:12;715;1023;715;;11868
01:06:13;715;1023;715;;11772
01:06:13;715;1023;715;;11768
01:06:14;715;1023;715;;11796
01:06:14;715;1023;715;;13172
01:06:15;715;1023;715;;11824
01:06:15;715;1023;715;;11920
01:06:16;715;1023;715;;11868
01:06:16;715;1023;715;;11848
01:06:17;715;1023;715;;13196
01:06:17;715;1023;715;;11764
01:06:18;715;1023;715;;11920
01:06:18;715;1023;715;;11768
01:06:19;715;1023;715;;11744
01:06:19;715;1023;715;;11748
01:06:20;715;1023;715;;11868
01:06:20;715;1023;715;;11796
01:06:21;715;1023;715;;11792
01:06:21;715;1023;715;;11868
01:06:22;715;1023;715;;11820
01:06:22;715;1023;715;;13280
01:06:23;715;1023;715;;11852
01:06:23;715;1023;715;;13228
01:06:24;715;1023;715;;11868
01:06:24;715;1023;715;;11872
01:06:25;715;1023;715;;11792
01:06:25;715;1023;715;;11868
01:06:26;715;1023;715;;11892
01:06:26;715;1023;715;;11796
01:06:27;715;1023;715;;13252
01:06:27;715;1023;715;;11892
01:06:28;715;1023;715;;13224
01:06:28;715;1023;715;;13200
01:06:29;715;1023;715;;11920
01:06:29;715;1023;715;;11768
01:06:30;715;1023;715;;11844
01:06:30;715;1023;715;;13200
01:06:31;715;1023;715;;11796
01:06:31;715;1023;715;;13224
01:06:32;715;1023;715;;13252
01:06:32;715;1023;715;;11872
01:06:33;715;1023;715;;11768
01:06:33;715;1023;715;;11852
01:06:34;715;1023;715;;11796
01:06:35;715;1023;715;;11796
01:06:35;715;1023;715;;11840
01:06:36;715;1023;715;;11772
01:06:36;715;1023;715;;11788
01:06:37;715;1023;715;;11868
01:06:37;715;1023;715;;11852
01:06:38;715;1023;715;;11796
01:06:38;715;1023;715;;11820
01:06:39;715;1023;715;;11796
01:06:39;715;1023;715;;11852
01:06:40;715;1023;715;;11792
01:06:40;715;1023;715;;11768
01:06:41;715;1023;715;;13200
01:06:41;715;1023;715;;11820
01:06:42;715;1023;715;;13228
01:06:42;715;1023;715;;11920
01:06:43;715;1023;715;;11896
01:06:43;715;1023;715;;11876
01:06:44;715;1023;715;;11992
01:06:44;715;1023;715;;11868
01:06:45;715;1023;715;;11896
01:06:45;715;1023;715;;11796
01:06:46;715;1023;715;;11816
01:06:46;715;1023;715;;11820
01:06:47;715;1023;715;;11772
01:06:47;715;1023;715;;11868
01:06:48;715;1023;715;;11764
01:06:48;715;1023;715;;11920
01:06:49;715;1023;715;;11792
01:06:49;715;1023;715;;11796
01:06:50;715;1023;715;;11768
01:06:50;715;1023;715;;11792
01:06:51;715;1023;715;;13224
01:06:51;715;1023;715;;11844
01:06:52;715;1023;715;;11844
01:06:52;715;1023;715;;11768
01:06:53;715;1023;715;;11792
01:06:53;715;1023;715;;11792
01:06:54;715;1023;715;;11852
01:06:54;715;1023;715;;11820
01:06:55;715;1023;715;;11796
01:06:55;715;1023;715;;11824
01:06:56;715;1023;715;;11768
01:06:56;715;1023;715;;11844
01:06:57;715;1023;715;;11768
01:06:57;715;1023;715;;11916
01:06:58;715;1023;715;;11820
01:06:58;715;1023;715;;11796
01:06:59;715;1023;715;;11864
01:06:59;715;1023;715;;11844
01:07:00;715;1023;715;;11916
01:07:00;715;1023;715;;11796
01:07:01;715;1023;715;;11792
01:07:01;715;1023;715;;11920
01:07:02;715;1023;715;;11792
01:07:03;715;1023;715;;11792
01:07:03;715;1023;715;;11764
01:07:04;715;1023;715;;11796
01:07:04;715;1023;715;;11796
01:07:05;715;1023;715;;11844
01:07:05;715;1023;715;;11820
01:07:06;715;1023;715;;11764
01:07:06;715;1023;715;;11820
01:07:07;715;1023;715;;11820
01:07:07;715;1023;715;;11796
01:07:08;715;1023;715;;11772
01:07:08;715;1023;715;;11844
01:07:09;715;1023;715;;11820
01:07:09;715;1023;715;;11792
01:07:10;715;1023;715;;11768
01:07:10;715;1023;715;;11744
01:07:11;715;1023;715;;11792
01:07:11;715;1023;715;;11848
01:07:12;715;1023;715;;11872
01:07:12;715;1023;715;;11848
01:07:13;715;1023;715;;11824
01:07:13;715;1023;715;;11772
01:07:14;715;1023;715;;11968
01:07:14;715;1023;715;;11840
01:07:15;715;1023;715;;11796
01:07:15;715;1023;715;;12092
01:07:16;715;1023;715;;11812
01:07:16;715;1023;715;;11796
01:07:17;715;1023;715;;11852
01:07:17;715;1023;715;;13204
01:07:18;715;1023;715;;11820
01:07:18;715;1023;715;;11872
01:07:19;715;1023;715;;11768
01:07:19;715;1023;715;;11868
01:07:20;715;1023;715;;11796
01:07:20;715;1023;715;;11796
01:07:21;715;1023;715;;11796
01:07:21;715;1023;715;;11848
01:07:22;715;1023;715;;11820
01:07:22;715;1023;715;;11868
01:07:23;715;1023;715;;11848
01:07:23;715;1023;715;;11844
01:07:24;715;1023;715;;11768
01:07:24;715;1023;715;;11868
01:07:25;715;1023;715;;11772
01:07:25;715;1023;715;;11844
01:07:26;715;1023;715;;11796
01:07:26;715;1023;715;;11844
01:07:27;715;1023;715;;11964
01:07:27;715;1023;715;;11836
01:07:28;715;1023;715;;11832
01:07:28;715;1023;715;;13224
01:07:29;715;1023;715;;13200
01:07:29;715;1023;715;;11944
01:07:30;715;1023;715;;11896
01:07:30;715;1023;715;;13200
01:07:31;715;1023;715;;11792
01:07:32;715;1023;715;;11868
01:07:32;715;1023;715;;11840
01:07:33;715;1023;715;;11868
01:07:33;715;1023;715;;11868
01:07:34;715;1023;715;;11868
01:07:34;715;1023;715;;13200
01:07:35;715;1023;715;;11916
01:07:35;715;1023;715;;11820
01:07:36;715;1023;715;;11868
01:07:36;715;1023;715;;11768
01:07:37;715;1023;715;;11816
01:07:37;715;1023;715;;11792
01:07:38;715;1023;715;;11844
01:07:38;715;1023;715;;11840
01:07:39;715;1023;715;;11792
01:07:39;715;1023;715;;13256
01:07:40;715;1023;715;;11848
01:07:40;715;1023;715;;11820
01:07:41;715;1023;715;;11820
01:07:41;715;1023;715;;11768
01:07:42;715;1023;715;;11844
01:07:42;715;1023;715;;11768
01:07:43;715;1023;715;;11844
01:07:43;715;1023;715;;11968
01:07:44;715;1023;715;;11788
01:07:44;715;1023;715;;11772
01:07:45;715;1023;715;;11788
01:07:45;715;1023;715;;11816
01:07:46;715;1023;715;;11852
01:07:46;715;1023;715;;11848
01:07:47;715;1023;715;;11768
01:07:47;715;1023;715;;11848
01:07:48;715;1023;715;;11796
01:07:48;715;1023;715;;11792
01:07:49;715;1023;715;;11820
01:07:49;715;1023;715;;11792
01:07:50;715;1023;715;;11848
01:07:50;715;1023;715;;11872
01:07:51;715;1023;715;;13228
01:07:51;715;1023;715;;11796
01:07:52;715;1023;715;;11816
01:07:52;715;1023;715;;13228
01:07:53;715;1023;715;;11820
01:07:53;715;1023;715;;11892
01:07:54;715;1023;715;;11788
01:07:54;715;1023;715;;13204
01:07:55;715;1023;715;;11844
01:07:55;715;1023;715;;11824
01:07:56;715;1023;715;;11844
01:07:56;715;1023;715;;11856
01:07:57;715;1023;715;;11868
01:07:57;715;1023;715;;11856
01:07:58;715;1023;715;;11848
01:07:58;715;1023;715;;11768
01:07:59;715;1023;715;;11916
01:08:00;715;1023;715;;11792
01:08:00;715;1023;715;;11792
01:08:01;715;1023;715;;11944
01:08:01;715;1023;715;;13224
01:08:02;715;1023;715;;11816
01:08:02;715;1023;715;;11820
01:08:03;715;1023;715;;11968
01:08:03;715;1023;715;;11820
01:08:04;715;1023;715;;11844
01:08:04;715;1023;715;;11796
01:08:05;715;1023;715;;11872
01:08:05;715;1023;715;;11820
01:08:06;715;1023;715;;11768
01:08:06;715;1023;715;;11792
01:08:07;715;1023;715;;11892
01:08:07;715;1023;715;;11896
01:08:08;715;1023;715;;11852
01:08:08;715;1023;715;;11844
01:08:09;715;1023;715;;11920
01:08:09;715;1023;715;;11940
01:08:10;715;1023;715;;11916
01:08:10;715;1023;715;;11848
01:08:11;715;1023;715;;11796
01:08:11;715;1023;715;;11824
01:08:12;715;1023;715;;11796
01:08:12;715;1023;715;;11768
01:08:13;715;1023;715;;11744
01:08:13;715;1023;715;;13204
01:08:14;715;1023;715;;11844
01:08:14;715;1023;715;;11892
01:08:15;715;1023;715;;11764
01:08:15;715;1023;715;;11916
01:08:16;715;1023;715;;13280
01:08:16;715;1023;715;;11892
01:08:17;715;1023;715;;11796
01:08:17;715;1023;715;;11852
01:08:18;715;1023;715;;11868
01:08:18;715;1023;715;;11820
01:08:19;715;1023;715;;11792
01:08:19;715;1023;715;;11892
01:08:20;715;1023;715;;11896
01:08:20;715;1023;715;;11872
01:08:21;715;1023;715;;11820
01:08:21;715;1023;715;;11872
01:08:22;715;1023;715;;11868
01:08:22;715;1023;715;;11892
01:08:23;715;1023;715;;11820
01:08:23;715;1023;715;;11872
01:08:24;715;1023;715;;11844
01:08:24;715;1023;715;;11792
01:08:25;715;1023;715;;11792
01:08:25;715;1023;715;;13228
01:08:26;715;1023;715;;11848
01:08:27;715;1023;715;;13204
01:08:27;715;1023;715;;11920
01:08:28;715;1023;715;;13176
01:08:28;715;1023;715;;11796
01:08:29;715;1023;715;;11892
01:08:29;715;1023;715;;11852
01:08:30;715;1023;715;;13200
01:08:30;715;1023;715;;13252
01:08:31;715;1023;715;;11868
01:08:31;715;1023;715;;11844
01:08:32;715;1023;715;;13256
01:08:32;715;1023;715;;11896
01:08:33;715;1023;715;;11748
01:08:33;715;1023;715;;11872
01:08:34;715;1023;715;;11916
01:08:34;715;1023;715;;11792
01:08:35;715;1023;715;;11868
01:08:35;715;1023;715;;11796
01:08:36;715;1023;715;;13204
01:08:36;715;1023;715;;11992
01:08:37;715;1023;715;;11816
01:08:37;715;1023;715;;11852
01:08:38;715;1023;715;;13200
01:08:38;715;1023;715;;11848
01:08:39;715;1023;715;;13204
01:08:39;715;1023;715;;11868
01:08:40;715;1023;715;;11916
01:08:40;715;1023;715;;11844
01:08:41;715;1023;715;;13228
01:08:41;715;1023;715;;11844
01:08:42;715;1023;715;;11856
01:08:42;715;1023;715;;11860
01:08:43;715;1023;715;;11816
01:08:43;715;1023;715;;13204
01:08:44;715;1023;715;;13260
01:08:44;715;1023;715;;11844
01:08:45;715;1023;715;;11824
01:08:45;715;1023;715;;11748
01:08:46;715;1023;715;;11844
01:08:46;715;1023;715;;11792
01:08:47;715;1023;715;;11820
01:08:47;715;1023;715;;11816
01:08:48;715;1023;715;;11792
01:08:48;715;1023;715;;11844
01:08:49;715;1023;715;;11868
01:08:49;715;1023;715;;11844
01:08:50;715;1023;715;;11832
01:08:50;715;1023;715;;11940
01:08:51;715;1023;715;;11844
01:08:51;715;1023;715;;11852
01:08:52;715;1023;715;;11844
01:08:52;715;1023;715;;11844
01:08:53;715;1023;715;;11820
01:08:53;715;1023;715;;11868
01:08:54;715;1023;715;;11796
01:08:55;715;1023;715;;11872
01:08:55;715;1023;715;;11916
01:08:56;715;1023;715;;11848
01:08:56;715;1023;715;;11792
01:08:57;715;1023;715;;11844
01:08:57;715;1023;715;;12068
01:08:58;715;1023;715;;11868
01:08:58;715;1023;715;;11792
01:08:59;715;1023;715;;11820
01:08:59;715;1023;715;;11820
01:09:00;715;1023;715;;11844
01:09:00;715;1023;715;;11820
01:09:01;715;1023;715;;13252
01:09:01;715;1023;715;;11844
01:09:02;715;1023;715;;11820
01:09:02;715;1023;715;;11860
01:09:03;715;1023;715;;11772
01:09:03;715;1023;715;;11820
01:09:04;715;1023;715;;11916
01:09:04;715;1023;715;;11796
01:09:05;715;1023;715;;13200
01:09:05;715;1023;715;;11796
01:09:06;715;1023;715;;11820
01:09:06;715;1023;715;;13176
01:09:07;715;1023;715;;11792
01:09:07;715;1023;715;;13228
01:09:08;715;1023;715;;11820
01:09:08;715;1023;715;;11860
01:09:09;715;1023;715;;11824
01:09:09;715;1023;715;;11772
01:09:10;715;1023;715;;11920
01:09:10;715;1023;715;;11816
01:09:11;715;1023;715;;13280
01:09:11;715;1023;715;;11948
01:09:12;715;1023;715;;11792
01:09:12;715;1023;715;;11792
01:09:13;715;1023;715;;11992
01:09:13;715;1023;715;;11868
01:09:14;715;1023;715;;11868
01:09:14;715;1023;715;;11792
01:09:15;715;1023;715;;11796
01:09:15;715;1023;715;;11896
01:09:16;715;1023;715;;11868
01:09:16;715;1023;715;;11844
01:09:17;715;1023;715;;11820
01:09:17;715;1023;715;;11892
01:09:18;715;1023;715;;13200
01:09:18;715;1023;715;;11892
01:09:19;715;1023;715;;11796
01:09:19;715;1023;715;;11772
01:09:20;715;1023;715;;11792
01:09:20;715;1023;715;;11848
01:09:21;715;1023;715;;11836
01:09:21;715;1023;715;;11816
01:09:22;715;1023;715;;11820
01:09:23;715;1023;715;;11792
01:09:23;715;1023;715;;11860
01:09:24;715;1023;715;;11792
01:09:24;715;1023;715;;11968
01:09:25;715;1023;715;;13196
01:09:25;715;1023;715;;11792
01:09:26;715;1023;715;;11792
01:09:26;715;1023;715;;11768
01:09:27;715;1023;715;;11800
01:09:27;715;1023;715;;13200
01:09:28;715;1023;715;;11892
01:09:28;715;1023;715;;11944
01:09:29;715;1023;715;;11844
01:09:29;715;1023;715;;11744
01:09:30;715;1023;715;;11796
01:09:30;715;1023;715;;11852
01:09:31;715;1023;715;;11792
01:09:31;715;1023;715;;11868
01:09:32;715;1023;715;;11820
01:09:32;715;1023;715;;11848
01:09:33;715;1023;715;;11920
01:09:33;715;1023;715;;11792
01:09:34;715;1023;715;;11844
01:09:34;715;1023;715;;11844
01:09:35;715;1023;715;;11916
01:09:35;715;1023;715;;11792
01:09:36;715;1023;715;;11796
01:09:36;715;1023;715;;11840
01:09:37;715;1023;715;;11772
01:09:37;715;1023;715;;11896
01:09:38;715;1023;715;;11796
01:09:38;715;1023;715;;11852
01:09:39;715;1023;715;;11844
01:09:39;715;1023;715;;11944
01:09:40;715;1023;715;;11860
01:09:40;715;1023;715;;11824
01:09:41;715;1023;715;;11944
01:09:41;715;1023;715;;11824
01:09:42;715;1023;715;;11856
01:09:42;715;1023;715;;11768
01:09:43;715;1023;715;;11800
01:09:43;715;1023;715;;11840
01:09:44;715;1023;715;;11744
01:09:44;715;1023;715;;11848
01:09:45;715;1023;715;;11768
01:09:45;715;1023;715;;11868
01:09:46;715;1023;715;;11844
01:09:46;715;1023;715;;11820
01:09:47;715;1023;715;;11896
01:09:47;715;1023;715;;11824
01:09:48;715;1023;715;;11768
01:09:48;715;1023;715;;11868
01:09:49;715;1023;715;;13228
01:09:49;715;1023;715;;11860
01:09:50;715;1023;715;;11840
01:09:51;715;1023;715;;11820
01:09:51;715;1023;715;;11868
01:09:52;715;1023;715;;11916
01:09:52;715;1023;715;;11816
01:09:53;715;1023;715;;11872
01:09:53;715;1023;715;;11792
01:09:54;715;1023;715;;11844
01:09:54;715;1023;715;;11796
01:09:55;715;1023;715;;11796
01:09:55;715;1023;715;;11836
01:09:56;715;1023;715;;11868
01:09:56;715;1023;715;;11872
01:09:57;715;1023;715;;11768
01:09:57;715;1023;715;;13196
01:09:58;715;1023;715;;11796
01:09:58;715;1023;715;;11792
01:09:59;715;1023;715;;11796
01:09:59;715;1023;715;;11820
01:10:00;715;1023;715;;11868
01:10:00;715;1023;715;;11820
01:10:01;715;1023;715;;11892
01:10:01;715;1023;715;;11872
01:10:02;715;1023;715;;11892
01:10:02;715;1023;715;;13252
01:10:03;715;1023;715;;11896
01:10:03;715;1023;715;;11772
01:10:04;715;1023;715;;11924
01:10:04;715;1023;715;;11820
01:10:05;715;1023;715;;11876
01:10:05;715;1023;715;;11856
01:10:06;715;1023;715;;13204
01:10:06;715;1023;715;;11820
01:10:07;715;1023;715;;11816
01:10:07;715;1023;715;;11868
01:10:08;715;1023;715;;11820
01:10:08;715;1023;715;;11796
01:10:09;715;1023;715;;11944
01:10:09;715;1023;715;;11792
01:10:10;715;1023;715;;11844
01:10:10;715;1023;715;;11796
01:10:11;715;1023;715;;11820
01:10:11;715;1023;715;;11768
01:10:12;715;1023;715;;11768
01:10:12;715;1023;715;;11868
01:10:13;715;1023;715;;11820
01:10:13;715;1023;715;;11868
01:10:14;715;1023;715;;11868
01:10:14;715;1023;715;;11820
01:10:15;715;1023;715;;11944
01:10:15;715;1023;715;;11860
01:10:16;715;1023;715;;11844
01:10:16;715;1023;715;;11768
01:10:17;715;1023;715;;11844
01:10:17;715;1023;715;;13228
01:10:18;715;1023;715;;11832
01:10:19;715;1023;715;;13228
01:10:19;715;1023;715;;11852
01:10:20;715;1023;715;;11868
01:10:20;715;1023;715;;11868
01:10:21;715;1023;715;;11820
01:10:21;715;1023;715;;13200
01:10:22;715;1023;715;;13224
01:10:22;715;1023;715;;11820
01:10:23;715;1023;715;;13280
01:10:23;715;1023;715;;11864
01:10:24;715;1023;715;;11820
01:10:24;715;1023;715;;13224
01:10:25;715;1023;715;;11796
01:10:25;715;1023;715;;11892
01:10:26;715;1023;715;;11864
01:10:26;715;1023;715;;11868
01:10:27;715;1023;715;;11940
01:10:27;715;1023;715;;11944
01:10:28;715;1023;715;;11868
01:10:28;715;1023;715;;11968
01:10:29;715;1023;715;;11820
01:10:29;715;1023;715;;11768
01:10:30;715;1023;715;;11920
01:10:30;715;1023;715;;11868
01:10:31;715;1023;715;;11796
01:10:31;715;1023;715;;11792
01:10:32;715;1023;715;;11792
01:10:32;715;1023;715;;11820
01:10:33;715;1023;715;;11868
01:10:33;715;1023;715;;11896
01:10:34;715;1023;715;;11820
01:10:34;715;1023;715;;11792
01:10:35;715;1023;715;;11820
01:10:35;715;1023;715;;11816
01:10:36;715;1023;715;;11852
01:10:36;715;1023;715;;11816
01:10:37;715;1023;715;;11820
01:10:37;715;1023;715;;11820
01:10:38;715;1023;715;;11840
01:10:38;715;1023;715;;11768
01:10:39;715;1023;715;;11856
01:10:39;715;1023;715;;11820
01:10:40;715;1023;715;;11836
01:10:40;715;1023;715;;11816
01:10:41;715;1023;715;;11896
01:10:41;715;1023;715;;11872
01:10:42;715;1023;715;;11820
01:10:42;715;1023;715;;11916
01:10:43;715;1023;715;;11944
01:10:43;715;1023;715;;11860
01:10:44;715;1023;715;;11844
01:10:44;715;1023;715;;11796
01:10:45;715;1023;715;;11748
01:10:45;715;1023;715;;11868
01:10:46;715;1023;715;;11832
01:10:47;715;1023;715;;11796
01:10:47;715;1023;715;;11768
01:10:48;715;1023;715;;11768
01:10:48;715;1023;715;;11744
01:10:49;715;1023;715;;11792
01:10:49;715;1023;715;;11796
01:10:50;715;1023;715;;11796
01:10:50;715;1023;715;;11796
01:10:51;715;1023;715;;11820
01:10:51;715;1023;715;;11768
01:10:52;715;1023;715;;11872
01:10:52;715;1023;715;;11852
01:10:53;715;1023;715;;11768
01:10:53;715;1023;715;;11796
01:10:54;715;1023;715;;11768
01:10:54;715;1023;715;;11748
01:10:55;715;1023;715;;11796
01:10:55;715;1023;715;;11852
01:10:56;715;1023;715;;11768
01:10:56;715;1023;715;;11820
01:10:57;715;1023;715;;11796
01:10:57;715;1023;715;;11868
01:10:58;715;1023;715;;11768
01:10:58;715;1023;715;;11836
01:10:59;715;1023;715;;11852
01:10:59;715;1023;715;;11796
01:11:00;715;1023;715;;11852
01:11:00;715;1023;715;;11768
01:11:01;715;1023;715;;11820
01:11:01;715;1023;715;;11796
01:11:02;715;1023;715;;11796
01:11:02;715;1023;715;;11796
01:11:03;715;1023;715;;11820
01:11:03;715;1023;715;;11772
01:11:04;715;1023;715;;11872
01:11:04;715;1023;715;;11772
01:11:05;715;1023;715;;11816
01:11:05;715;1023;715;;11872
01:11:06;715;1023;715;;11944
01:11:06;715;1023;715;;11796
01:11:07;715;1023;715;;11872
01:11:07;715;1023;715;;11856
01:11:08;715;1023;715;;11852
01:11:08;715;1023;715;;11820
01:11:09;715;1023;715;;11848
01:11:09;715;1023;715;;11772
01:11:10;715;1023;715;;11920
01:11:10;715;1023;715;;13196
01:11:11;715;1023;715;;11828
01:11:11;715;1023;715;;11816
01:11:12;715;1023;715;;11768
01:11:12;715;1023;715;;11892
01:11:13;715;1023;715;;11844
01:11:13;715;1023;715;;11820
01:11:14;715;1023;715;;11748
01:11:15;715;1023;715;;11856
01:11:15;715;1023;715;;11768
01:11:16;715;1023;715;;13204
01:11:16;715;1023;715;;11844
01:11:17;715;1023;715;;11796
01:11:17;715;1023;715;;11820
01:11:18;715;1023;715;;11796
01:11:18;715;1023;715;;11944
01:11:19;715;1023;715;;11768
01:11:19;715;1023;715;;11852
01:11:20;715;1023;715;;11820
01:11:20;715;1023;715;;11992
01:11:21;715;1023;715;;11820
01:11:21;715;1023;715;;11844
01:11:22;715;1023;715;;11828
01:11:22;715;1023;715;;11852
01:11:23;715;1023;715;;11796
01:11:23;715;1023;715;;11796
01:11:24;715;1023;715;;13228
01:11:24;715;1023;715;;11896
01:11:25;715;1023;715;;13228
01:11:25;715;1023;715;;13280
01:11:26;715;1023;715;;11796
01:11:26;715;1023;715;;11836
01:11:27;715;1023;715;;11920
01:11:27;715;1023;715;;11792
01:11:28;715;1023;715;;11820
01:11:28;715;1023;715;;11816
01:11:29;715;1023;715;;11872
01:11:29;715;1023;715;;11796
01:11:30;715;1023;715;;11796
01:11:30;715;1023;715;;11844
01:11:31;715;1023;715;;11820
01:11:31;715;1023;715;;11896
01:11:32;715;1023;715;;13228
01:11:32;715;1023;715;;11816
01:11:33;715;1023;715;;11844
01:11:33;715;1023;715;;11816
01:11:34;715;1023;715;;11852
01:11:34;715;1023;715;;11792
01:11:35;715;1023;715;;11868
01:11:35;715;1023;715;;11748
01:11:36;715;1023;715;;11744
01:11:36;715;1023;715;;11792
01:11:37;715;1023;715;;11768
01:11:37;715;1023;715;;11872
01:11:38;715;1023;715;;11868
01:11:38;715;1023;715;;11792
01:11:39;715;1023;715;;11828
01:11:39;715;1023;715;;11792
01:11:40;715;1023;715;;11892
01:11:40;715;1023;715;;11844
01:11:41;715;1023;715;;11824
01:11:41;715;1023;715;;11944
01:11:42;715;1023;715;;11868
01:11:43;715;1023;715;;11824
01:11:43;715;1023;715;;11844
01:11:44;715;1023;715;;11816
01:11:44;715;1023;715;;11916
01:11:45;715;1023;715;;11768
01:11:45;715;1023;715;;11816
01:11:46;715;1023;715;;11796
01:11:46;715;1023;715;;11856
01:11:47;715;1023;715;;11820
01:11:47;715;1023;715;;11772
01:11:48;715;1023;715;;11816
01:11:48;715;1023;715;;11844
01:11:49;715;1023;715;;11800
01:11:49;715;1023;715;;11768
01:11:50;715;1023;715;;11852
01:11:50;715;1023;715;;11820
01:11:51;715;1023;715;;11872
01:11:51;715;1023;715;;11772
01:11:52;715;1023;715;;11856
01:11:52;715;1023;715;;11968
01:11:53;715;1023;715;;11796
01:11:53;715;1023;715;;13200
01:11:54;715;1023;715;;11872
01:11:54;715;1023;715;;11844
01:11:55;715;1023;715;;11744
01:11:55;715;1023;715;;11796
01:11:56;715;1023;715;;11820
01:11:56;715;1023;715;;13256
01:11:57;715;1023;715;;11792
01:11:57;715;1023;715;;11852
01:11:58;715;1023;715;;11868
01:11:58;715;1023;715;;11796
01:11:59;715;1023;715;;11920
01:11:59;715;1023;715;;11892
01:12:00;715;1023;715;;11872
01:12:00;715;1023;715;;11872
01:12:01;715;1023;715;;11852
01:12:01;715;1023;715;;13232
01:12:02;715;1023;715;;11920
01:12:02;715;1023;715;;11892
01:12:03;715;1023;715;;11796
01:12:03;715;1023;715;;11868
01:12:04;715;1023;715;;11796
01:12:04;715;1023;715;;11796
01:12:05;715;1023;715;;11820
01:12:05;715;1023;715;;11820
01:12:06;715;1023;715;;11796
01:12:06;715;1023;715;;11792
01:12:07;715;1023;715;;11828
01:12:07;715;1023;715;;11768
01:12:08;715;1023;715;;11796
01:12:08;715;1023;715;;11892
01:12:09;715;1023;715;;11744
01:12:09;715;1023;715;;11840
01:12:10;715;1023;715;;11832
01:12:11;715;1023;715;;11816
01:12:11;715;1023;715;;11820
01:12:12;715;1023;715;;11816
01:12:12;715;1023;715;;11844
01:12:13;715;1023;715;;11820
01:12:13;715;1023;715;;11872
01:12:14;715;1023;715;;11820
01:12:14;715;1023;715;;11844
01:12:15;715;1023;715;;11892
01:12:15;715;1023;715;;11824
01:12:16;715;1023;715;;11856
01:12:16;715;1023;715;;11820
01:12:17;715;1023;715;;11948
01:12:17;715;1023;715;;13176
01:12:18;715;1023;715;;11768
01:12:18;715;1023;715;;11796
01:12:19;715;1023;715;;11768
01:12:19;715;1023;715;;11840
01:12:20;715;1023;715;;11828
01:12:20;715;1023;715;;11852
01:12:21;715;1023;715;;11772
01:12:21;715;1023;715;;11872
01:12:22;715;1023;715;;11852
01:12:22;715;1023;715;;11896
01:12:23;715;1023;715;;11168
01:12:23;715;1023;715;;13256
01:12:24;715;1023;715;;11852
01:12:24;715;1023;715;;11812
01:12:25;715;1023;715;;11844
01:12:25;715;1023;715;;11920
01:12:26;715;1023;715;;13224
01:12:26;715;1023;715;;11844
01:12:27;715;1023;715;;11772
01:12:27;715;1023;715;;11848
01:12:28;715;1023;715;;11828
01:12:28;715;1023;715;;13204
01:12:29;715;1023;715;;11788
01:12:29;715;1023;715;;11820
01:12:30;715;1023;715;;11748
01:12:30;715;1023;715;;11796
01:12:31;715;1023;715;;11796
01:12:31;715;1023;715;;11844
01:12:32;715;1023;715;;11824
01:12:32;715;1023;715;;11768
01:12:33;715;1023;715;;11824
01:12:33;715;1023;715;;11840
01:12:34;715;1023;715;;11968
01:12:34;715;1023;715;;11792
01:12:35;715;1023;715;;11820
01:12:35;715;1023;715;;11768
01:12:36;715;1023;715;;11792
01:12:36;715;1023;715;;11768
01:12:37;715;1023;715;;11828
01:12:37;715;1023;715;;11896
01:12:38;715;1023;715;;11792
01:12:38;715;1023;715;;11844
01:12:39;715;1023;715;;11892
01:12:40;715;1023;715;;11792
01:12:40;715;1023;715;;11872
01:12:41;715;1023;715;;13228
01:12:41;715;1023;715;;11764
01:12:42;715;1023;715;;11852
01:12:42;715;1023;715;;11844
01:12:43;715;1023;715;;11796
01:12:43;715;1023;715;;11820
01:12:44;715;1023;715;;11836
01:12:44;715;1023;715;;11820
01:12:45;715;1023;715;;11892
01:12:45;715;1023;715;;11796
01:12:46;715;1023;715;;11816
01:12:46;715;1023;715;;11772
01:12:47;715;1023;715;;11848
01:12:47;715;1023;715;;11796
01:12:48;715;1023;715;;11820
01:12:48;715;1023;715;;11768
01:12:49;715;1023;715;;11920
01:12:49;715;1023;715;;11868
01:12:50;715;1023;715;;11820
01:12:50;715;1023;715;;11772
01:12:51;715;1023;715;;11820
01:12:51;715;1023;715;;11868
01:12:52;715;1023;715;;11852
01:12:52;715;1023;715;;11768
01:12:53;715;1023;715;;11920
01:12:53;715;1023;715;;11848
01:12:54;715;1023;715;;11836
01:12:54;715;1023;715;;11824
01:12:55;715;1023;715;;11868
01:12:55;715;1023;715;;12016
01:12:56;715;1023;715;;11856
01:12:56;715;1023;715;;11852
01:12:57;715;1023;715;;13232
01:12:57;715;1023;715;;13204
01:12:58;715;1023;715;;11856
01:12:58;715;1023;715;;13284
01:12:59;715;1023;715;;12016
01:12:59;715;1023;715;;13228
01:13:00;715;1023;715;;11816
01:13:00;715;1023;715;;11920
01:13:01;715;1023;715;;11748
01:13:01;715;1023;715;;11792
01:13:02;715;1023;715;;11848
01:13:02;715;1023;715;;11796
01:13:03;715;1023;715;;11944
01:13:03;715;1023;715;;12044
01:13:04;715;1023;715;;11820
01:13:04;715;1023;715;;11796
01:13:05;715;1023;715;;11796
01:13:05;715;1023;715;;11796
01:13:06;715;1023;715;;11816
01:13:07;715;1023;715;;11868
01:13:07;715;1023;715;;11844
01:13:08;715;1023;715;;11792
01:13:08;715;1023;715;;11796
01:13:09;715;1023;715;;11792
01:13:09;715;1023;715;;11860
01:13:10;715;1023;715;;13200
01:13:10;715;1023;715;;11872
01:13:11;715;1023;715;;11820
01:13:11;715;1023;715;;11872
01:13:12;715;1023;715;;11844
01:13:12;715;1023;715;;11872
01:13:13;715;1023;715;;11856
01:13:13;715;1023;715;;11892
01:13:14;715;1023;715;;11892
01:13:14;715;1023;715;;11916
01:13:15;715;1023;715;;13228
01:13:15;715;1023;715;;11796
01:13:16;715;1023;715;;11844
01:13:16;715;1023;715;;11744
01:13:17;715;1023;715;;11820
01:13:17;715;1023;715;;11220
01:13:18;715;1023;715;;11892
01:13:18;715;1023;715;;11768
01:13:19;715;1023;715;;11852
01:13:19;715;1023;715;;13280
01:13:20;715;1023;715;;13224
01:13:20;715;1023;715;;11796
01:13:21;715;1023;715;;11892
01:13:21;715;1023;715;;11820
01:13:22;715;1023;715;;11820
01:13:22;715;1023;715;;11944
01:13:23;715;1023;715;;11896
01:13:23;715;1023;715;;11868
01:13:24;715;1023;715;;11792
01:13:24;715;1023;715;;11800
01:13:25;715;1023;715;;11824
01:13:25;715;1023;715;;11824
01:13:26;715;1023;715;;11920
01:13:26;715;1023;715;;11744
01:13:27;715;1023;715;;11824
01:13:27;715;1023;715;;11820
01:13:28;715;1023;715;;11772
01:13:28;715;1023;715;;11820
01:13:29;715;1023;715;;11800
01:13:29;715;1023;715;;11868
01:13:30;715;1023;715;;11792
01:13:30;715;1023;715;;11768
01:13:31;715;1023;715;;11896
01:13:31;715;1023;715;;11844
01:13:32;715;1023;715;;11792
01:13:32;715;1023;715;;11860
01:13:33;715;1023;715;;11832
01:13:33;715;1023;715;;11896
01:13:34;715;1023;715;;11792
01:13:35;715;1023;715;;11796
01:13:35;715;1023;715;;11820
01:13:36;715;1023;715;;11892
01:13:36;715;1023;715;;11856
01:13:37;715;1023;715;;11820
01:13:37;715;1023;715;;11868
01:13:38;715;1023;715;;11768
01:13:38;715;1023;715;;11796
01:13:39;715;1023;715;;11872
01:13:39;715;1023;715;;11896
01:13:40;715;1023;715;;11892
01:13:40;715;1023;715;;11768
01:13:41;715;1023;715;;13228
01:13:41;715;1023;715;;11844
01:13:42;715;1023;715;;11856
01:13:42;715;1023;715;;11840
01:13:43;715;1023;715;;11840
01:13:43;715;1023;715;;11768
01:13:44;715;1023;715;;11868
01:13:44;715;1023;715;;11792
01:13:45;715;1023;715;;11796
01:13:45;715;1023;715;;11824
01:13:46;715;1023;715;;11820
01:13:46;715;1023;715;;11768
01:13:47;715;1023;715;;11792
01:13:47;715;1023;715;;11796
01:13:48;715;1023;715;;11796
01:13:48;715;1023;715;;11800
01:13:49;715;1023;715;;11820
01:13:49;715;1023;715;;11796
01:13:50;715;1023;715;;11896
01:13:50;715;1023;715;;11820
01:13:51;715;1023;715;;11816
01:13:51;715;1023;715;;11868
01:13:52;715;1023;715;;11796
01:13:52;715;1023;715;;11776
01:13:53;715;1023;715;;11772
01:13:53;715;1023;715;;11772
01:13:54;715;1023;715;;11836
01:13:54;715;1023;715;;11796
01:13:55;715;1023;715;;11820
01:13:55;715;1023;715;;11772
01:13:56;715;1023;715;;11828
01:13:56;715;1023;715;;11772
01:13:57;715;1023;715;;11792
01:13:57;715;1023;715;;11820
01:13:58;715;1023;715;;11816
01:13:58;715;1023;715;;11796
01:13:59;715;1023;715;;11832
01:13:59;715;1023;715;;11796
01:14:00;715;1023;715;;11872
01:14:00;715;1023;715;;11796
01:14:01;715;1023;715;;11848
01:14:01;715;1023;715;;11968
01:14:02;715;1023;715;;11792
01:14:02;715;1023;715;;11892
01:14:03;715;1023;715;;13224
01:14:04;715;1023;715;;11892
01:14:04;715;1023;715;;11844
01:14:05;715;1023;715;;11792
01:14:05;715;1023;715;;11820
01:14:06;715;1023;715;;11868
01:14:06;715;1023;715;;11852
01:14:07;715;1023;715;;11816
01:14:07;715;1023;715;;11896
01:14:08;715;1023;715;;11944
01:14:08;715;1023;715;;11872
01:14:09;715;1023;715;;11796
01:14:09;715;1023;715;;11768
01:14:10;715;1023;715;;11816
01:14:10;715;1023;715;;11920
01:14:11;715;1023;715;;11836
01:14:11;715;1023;715;;11768
01:14:12;715;1023;715;;11852
01:14:12;715;1023;715;;11872
01:14:13;715;1023;715;;11856
01:14:13;715;1023;715;;11824
01:14:14;715;1023;715;;11772
01:14:14;715;1023;715;;11868
01:14:15;715;1023;715;;11920
01:14:15;715;1023;715;;11860
01:14:16;715;1023;715;;11796
01:14:16;715;1023;715;;12016
01:14:17;715;1023;715;;11944
01:14:17;715;1023;715;;11868
01:14:18;715;1023;715;;11856
01:14:18;715;1023;715;;11896
01:14:19;715;1023;715;;13224
01:14:19;715;1023;715;;11748
01:14:20;715;1023;715;;11872
01:14:20;715;1023;715;;11820
01:14:21;715;1023;715;;11920
01:14:21;715;1023;715;;11820
01:14:22;715;1023;715;;11856
01:14:22;715;1023;715;;11800
01:14:23;715;1023;715;;11796
01:14:23;715;1023;715;;11944
01:14:24;715;1023;715;;11796
01:14:24;715;1023;715;;11796
01:14:25;715;1023;715;;11844
01:14:25;715;1023;715;;11792
01:14:26;715;1023;715;;11892
01:14:26;715;1023;715;;11792
01:14:27;715;1023;715;;11792
01:14:27;715;1023;715;;11844
01:14:28;715;1023;715;;11796
01:14:28;715;1023;715;;11824
01:14:29;715;1023;715;;11896
01:14:29;715;1023;715;;11852
01:14:30;715;1023;715;;11768
01:14:30;715;1023;715;;11868
01:14:31;715;1023;715;;11772
01:14:32;715;1023;715;;11832
01:14:32;715;1023;715;;11920
01:14:33;715;1023;715;;11852
01:14:33;715;1023;715;;11872
01:14:34;715;1023;715;;11820
01:14:34;715;1023;715;;11836
01:14:35;715;1023;715;;11868
01:14:35;715;1023;715;;11852
01:14:36;715;1023;715;;11864
01:14:36;715;1023;715;;11820
01:14:37;715;1023;715;;11868
01:14:37;715;1023;715;;11840
01:14:38;715;1023;715;;11820
01:14:38;715;1023;715;;11772
01:14:39;715;1023;715;;11772
01:14:39;715;1023;715;;11772
01:14:40;715;1023;715;;11848
01:14:40;715;1023;715;;11744
01:14:41;715;1023;715;;11772
01:14:41;715;1023;715;;11796
01:14:42;715;1023;715;;11768
01:14:42;715;1023;715;;11820
01:14:43;715;1023;715;;11968
01:14:43;715;1023;715;;11940
01:14:44;715;1023;715;;11820
01:14:44;715;1023;715;;11796
01:14:45;715;1023;715;;11856
01:14:45;715;1023;715;;11768
01:14:46;715;1023;715;;11828
01:14:46;715;1023;715;;11796
01:14:47;715;1023;715;;11820
01:14:47;715;1023;715;;11792
01:14:48;715;1023;715;;11824
01:14:48;715;1023;715;;11836
01:14:49;715;1023;715;;13252
01:14:49;715;1023;715;;11828
01:14:50;715;1023;715;;11744
01:14:50;715;1023;715;;11796
01:14:51;715;1023;715;;11744
01:14:51;715;1023;715;;11896
01:14:52;715;1023;715;;11856
01:14:52;715;1023;715;;11796
01:14:53;715;1023;715;;11744
01:14:53;715;1023;715;;11796
01:14:54;715;1023;715;;11796
01:14:54;715;1023;715;;11796
01:14:55;715;1023;715;;11796
01:14:55;715;1023;715;;11744
01:14:56;715;1023;715;;11820
01:14:56;715;1023;715;;11792
01:14:57;715;1023;715;;11844
01:14:57;715;1023;715;;11848
01:14:58;715;1023;715;;11836
01:14:58;715;1023;715;;11772
01:14:59;715;1023;715;;13200
01:15:00;715;1023;715;;11820
01:15:00;715;1023;715;;11792
01:15:01;715;1023;715;;11892
01:15:01;715;1023;715;;11796
01:15:02;715;1023;715;;11816
01:15:02;715;1023;715;;11872
01:15:03;715;1023;715;;11848
01:15:03;715;1023;715;;11772
01:15:04;715;1023;715;;11796
01:15:04;715;1023;715;;11772
01:15:05;715;1023;715;;11792
01:15:05;715;1023;715;;11792
01:15:06;715;1023;715;;11872
01:15:06;715;1023;715;;11820
01:15:07;715;1023;715;;11768
01:15:07;715;1023;715;;13264
01:15:08;715;1023;715;;11820
01:15:08;715;1023;715;;11832
01:15:09;715;1023;715;;11768
01:15:09;715;1023;715;;11744
01:15:10;715;1023;715;;11820
01:15:10;715;1023;715;;11852
01:15:11;715;1023;715;;13204
01:15:11;715;1023;715;;11744
01:15:12;715;1023;715;;11744
01:15:12;715;1023;715;;11824
01:15:13;715;1023;715;;11824
01:15:13;715;1023;715;;11796
01:15:14;715;1023;715;;11768
01:15:14;715;1023;715;;11796
01:15:15;715;1023;715;;11856
01:15:15;715;1023;715;;11896
01:15:16;715;1023;715;;11792
01:15:16;715;1023;715;;11772
01:15:17;715;1023;715;;11820
01:15:17;715;1023;715;;11820
01:15:18;715;1023;715;;11796
01:15:18;715;1023;715;;11796
01:15:19;715;1023;715;;11820
01:15:19;715;1023;715;;11940
01:15:20;715;1023;715;;11820
01:15:20;715;1023;715;;11844
01:15:21;715;1023;715;;12016
01:15:21;715;1023;715;;11820
01:15:22;715;1023;715;;11792
01:15:22;715;1023;715;;11792
01:15:23;715;1023;715;;11896
01:15:23;715;1023;715;;11796
01:15:24;715;1023;715;;11940
01:15:24;715;1023;715;;13228
01:15:25;715;1023;715;;13196
01:15:25;715;1023;715;;11864
01:15:26;715;1023;715;;11844
01:15:26;715;1023;715;;11848
01:15:27;715;1023;715;;11896
01:15:28;715;1023;715;;11844
01:15:28;715;1023;715;;11768
01:15:29;715;1023;715;;11968
01:15:29;715;1023;715;;11792
01:15:30;715;1023;715;;13200
01:15:30;715;1023;715;;13228
01:15:31;715;1023;715;;11916
01:15:31;715;1023;715;;11848
01:15:32;715;1023;715;;11892
01:15:32;715;1023;715;;11824
01:15:33;715;1023;715;;11944
01:15:33;715;1023;715;;11852
01:15:34;715;1023;715;;11836
01:15:34;715;1023;715;;11852
01:15:35;715;1023;715;;11772
01:15:35;715;1023;715;;11768
01:15:36;715;1023;715;;11836
01:15:36;715;1023;715;;11848
01:15:37;715;1023;715;;11796
01:15:37;715;1023;715;;11820
01:15:38;715;1023;715;;13228
01:15:38;715;1023;715;;11848
01:15:39;715;1023;715;;11872
01:15:39;715;1023;715;;13256
01:15:40;715;1023;715;;11920
01:15:40;715;1023;715;;11820
01:15:41;715;1023;715;;11824
01:15:41;715;1023;715;;11796
01:15:42;715;1023;715;;11772
01:15:42;715;1023;715;;11820
01:15:43;715;1023;715;;13256
01:15:43;715;1023;715;;11820
01:15:44;715;1023;715;;11860
01:15:44;715;1023;715;;11820
01:15:45;715;1023;715;;11944
01:15:45;715;1023;715;;11776
01:15:46;715;1023;715;;11748
01:15:46;715;1023;715;;11820
01:15:47;715;1023;715;;11796
01:15:47;715;1023;715;;11852
01:15:48;715;1023;715;;11792
01:15:48;715;1023;715;;11848
01:15:49;715;1023;715;;11796
01:15:49;715;1023;715;;11848
01:15:50;715;1023;715;;11792
01:15:50;715;1023;715;;11856
01:15:51;715;1023;715;;11832
01:15:51;715;1023;715;;11916
01:15:52;715;1023;715;;11848
01:15:52;715;1023;715;;11892
01:15:53;715;1023;715;;11792
01:15:53;715;1023;715;;11892
01:15:54;715;1023;715;;11848
01:15:54;715;1023;715;;11852
01:15:55;715;1023;715;;11820
01:15:56;715;1023;715;;11796
01:15:56;715;1023;715;;11796
01:15:57;715;1023;715;;11844
01:15:57;715;1023;715;;11944
01:15:58;715;1023;715;;11896
01:15:58;715;1023;715;;11824
01:15:59;715;1023;715;;11792
01:15:59;715;1023;715;;11872
01:16:00;715;1023;715;;11844
01:16:00;715;1023;715;;11820
01:16:01;715;1023;715;;11776
01:16:01;715;1023;715;;11796
01:16:02;715;1023;715;;11820
01:16:02;715;1023;715;;11792
01:16:03;715;1023;715;;11920
01:16:03;715;1023;715;;11896
01:16:04;715;1023;715;;11848
01:16:04;715;1023;715;;13256
01:16:05;715;1023;715;;13280
01:16:05;715;1023;715;;13280
01:16:06;715;1023;715;;11896
01:16:06;715;1023;715;;13204
01:16:07;715;1023;715;;11896
01:16:07;715;1023;715;;11852
01:16:08;715;1023;715;;11892
01:16:08;715;1023;715;;11920
01:16:09;715;1023;715;;13252
01:16:09;715;1023;715;;13276
01:16:10;715;1023;715;;13228
01:16:10;715;1023;715;;13204
01:16:11;715;1023;715;;11868
01:16:11;715;1023;715;;11940
01:16:12;715;1023;715;;11868
01:16:12;715;1023;715;;11920
01:16:13;715;1023;715;;11792
01:16:13;715;1023;715;;11920
01:16:14;715;1023;715;;13196
01:16:14;715;1023;715;;11892
01:16:15;715;1023;715;;11872
01:16:15;715;1023;715;;13204
01:16:16;715;1023;715;;11844
01:16:16;715;1023;715;;11868
01:16:17;715;1023;715;;13228
01:16:17;715;1023;715;;11968
01:16:18;715;1023;715;;11824
01:16:18;715;1023;715;;13228
01:16:19;715;1023;715;;13200
01:16:19;715;1023;715;;13228
01:16:20;715;1023;715;;11892
01:16:20;715;1023;715;;11768
01:16:21;715;1023;715;;11920
01:16:21;715;1023;715;;11840
01:16:22;715;1023;715;;11872
01:16:23;715;1023;715;;11824
01:16:23;715;1023;715;;11916
01:16:24;715;1023;715;;11768
01:16:24;715;1023;715;;11852
01:16:25;715;1023;715;;11772
01:16:25;715;1023;715;;11848
01:16:26;715;1023;715;;11872
01:16:26;715;1023;715;;11944
01:16:27;715;1023;715;;11772
01:16:27;715;1023;715;;11824
01:16:28;715;1023;715;;11796
01:16:28;715;1023;715;;11968
01:16:29;715;1023;715;;13200
01:16:29;715;1023;715;;13228
01:16:30;715;1023;715;;11768
01:16:30;715;1023;715;;11820
01:16:31;715;1023;715;;11820
01:16:31;715;1023;715;;11968
01:16:32;715;1023;715;;11792
01:16:32;715;1023;715;;11768
01:16:33;715;1023;715;;13224
01:16:33;715;1023;715;;11772
01:16:34;715;1023;715;;11844
01:16:34;715;1023;715;;11820
01:16:35;715;1023;715;;11820
01:16:35;715;1023;715;;11752
01:16:36;715;1023;715;;11852
01:16:36;715;1023;715;;11768
01:16:37;715;1023;715;;11944
01:16:37;715;1023;715;;11792
01:16:38;715;1023;715;;11872
01:16:38;715;1023;715;;11768
01:16:39;715;1023;715;;11768
01:16:39;715;1023;715;;11820
01:16:40;715;1023;715;;11744
01:16:40;715;1023;715;;11848
01:16:41;715;1023;715;;11772
01:16:41;715;1023;715;;11720
01:16:42;715;1023;715;;13204
01:16:42;715;1023;715;;11828
01:16:43;715;1023;715;;11848
01:16:43;715;1023;715;;11848
01:16:44;715;1023;715;;11860
01:16:44;715;1023;715;;11768
01:16:45;715;1023;715;;11868
01:16:45;715;1023;715;;11824
01:16:46;715;1023;715;;11828
01:16:46;715;1023;715;;11872
01:16:47;715;1023;715;;11800
01:16:47;715;1023;715;;13200
01:16:48;715;1023;715;;11920
01:16:48;715;1023;715;;11820
01:16:49;715;1023;715;;11948
01:16:49;715;1023;715;;11796
01:16:50;715;1023;715;;11844
01:16:51;715;1023;715;;13200
01:16:51;715;1023;715;;11744
01:16:52;715;1023;715;;11848
01:16:52;715;1023;715;;11820
01:16:53;715;1023;715;;11820
01:16:53;715;1023;715;;11772
01:16:54;715;1023;715;;11824
01:16:54;715;1023;715;;11820
01:16:55;715;1023;715;;11964
01:16:55;715;1023;715;;11796
01:16:56;715;1023;715;;11892
01:16:56;715;1023;715;;11820
01:16:57;715;1023;715;;11796
01:16:57;715;1023;715;;11820
01:16:58;715;1023;715;;11796
01:16:58;715;1023;715;;11820
01:16:59;715;1023;715;;11796
01:16:59;715;1023;715;;11916
01:17:00;715;1023;715;;11852
01:17:00;715;1023;715;;13200
01:17:01;715;1023;715;;11792
01:17:01;715;1023;715;;11828
01:17:02;715;1023;715;;11868
01:17:02;715;1023;715;;11792
01:17:03;715;1023;715;;11820
01:17:03;715;1023;715;;11772
01:17:04;715;1023;715;;11820
01:17:04;715;1023;715;;11820
01:17:05;715;1023;715;;11820
01:17:05;715;1023;715;;11844
01:17:06;715;1023;715;;11844
01:17:06;715;1023;715;;11768
01:17:07;715;1023;715;;11828
01:17:07;715;1023;715;;11820
01:17:08;715;1023;715;;13232
01:17:08;715;1023;715;;13256
01:17:09;715;1023;715;;13228
01:17:09;715;1023;715;;11816
01:17:10;715;1023;715;;11820
01:17:10;715;1023;715;;13204
01:17:11;715;1023;715;;13228
01:17:11;715;1023;715;;11872
01:17:12;715;1023;715;;11820
01:17:12;715;1023;715;;11792
01:17:13;715;1023;715;;11844
01:17:13;715;1023;715;;11848
01:17:14;715;1023;715;;13200
01:17:14;715;1023;715;;11796
01:17:15;715;1023;715;;11824
01:17:15;715;1023;715;;11844
01:17:16;715;1023;715;;11944
01:17:16;715;1023;715;;11772
01:17:17;715;1023;715;;11772
01:17:17;715;1023;715;;11896
01:17:18;715;1023;715;;11768
01:17:19;715;1023;715;;11820
01:17:19;715;1023;715;;11848
01:17:20;715;1023;715;;11968
01:17:20;715;1023;715;;11872
01:17:21;715;1023;715;;11868
01:17:21;715;1023;715;;11824
01:17:22;715;1023;715;;13256
01:17:22;715;1023;715;;12024
01:17:23;715;1023;715;;11820
01:17:23;715;1023;715;;11792
01:17:24;715;1023;715;;11776
01:17:24;715;1023;715;;11796
01:17:25;715;1023;715;;11768
01:17:25;715;1023;715;;11848
01:17:26;715;1023;715;;11968
01:17:26;715;1023;715;;11844
01:17:27;715;1023;715;;11840
01:17:27;715;1023;715;;11824
01:17:28;715;1023;715;;11988
01:17:28;715;1023;715;;11940
01:17:29;715;1023;715;;11816
01:17:29;715;1023;715;;13200
01:17:30;715;1023;715;;11820
01:17:30;715;1023;715;;13256
01:17:31;715;1023;715;;11968
01:17:31;715;1023;715;;11824
01:17:32;715;1023;715;;11824
01:17:32;715;1023;715;;11796
01:17:33;715;1023;715;;11796
01:17:33;715;1023;715;;11856
01:17:34;715;1023;715;;11844
01:17:34;715;1023;715;;13204
01:17:35;715;1023;715;;13256
01:17:35;715;1023;715;;11896
01:17:36;715;1023;715;;13256
01:17:36;715;1023;715;;11792
01:17:37;715;1023;715;;13256
01:17:37;715;1023;715;;11796
01:17:38;715;1023;715;;11796
01:17:38;715;1023;715;;11824
01:17:39;715;1023;715;;11796
01:17:39;715;1023;715;;11752
01:17:40;715;1023;715;;11828
01:17:40;715;1023;715;;11852
01:17:41;715;1023;715;;11836
01:17:41;715;1023;715;;11796
01:17:42;715;1023;715;;11968
01:17:42;715;1023;715;;11768
01:17:43;715;1023;715;;11836
01:17:43;715;1023;715;;11872
01:17:44;715;1023;715;;11872
01:17:44;715;1023;715;;13228
01:17:45;715;1023;715;;13236
01:17:46;715;1023;715;;11868
01:17:46;715;1023;715;;13200
01:17:47;715;1023;715;;13228
01:17:47;715;1023;715;;11868
01:17:48;715;1023;715;;11892
01:17:48;715;1023;715;;11820
01:17:49;715;1023;715;;11820
01:17:49;715;1023;715;;11856
01:17:50;715;1023;715;;11796
01:17:50;715;1023;715;;11824
01:17:51;715;1023;715;;11796
01:17:51;715;1023;715;;11744
01:17:52;715;1023;715;;11776
01:17:52;715;1023;715;;13200
01:17:53;715;1023;715;;11896
01:17:53;715;1023;715;;11856
01:17:54;715;1023;715;;11880
01:17:54;715;1023;715;;11744
01:17:55;715;1023;715;;11892
01:17:55;715;1023;715;;11820
01:17:56;715;1023;715;;11768
01:17:56;715;1023;715;;11800
01:17:57;715;1023;715;;11820
01:17:57;715;1023;715;;11824
01:17:58;715;1023;715;;11800
01:17:58;715;1023;715;;11772
01:17:59;715;1023;715;;11820
01:17:59;715;1023;715;;11820
01:18:00;715;1023;715;;11820
01:18:00;715;1023;715;;11796
01:18:01;715;1023;715;;11872
01:18:01;715;1023;715;;11868
01:18:02;715;1023;715;;11796
01:18:02;715;1023;715;;11772
01:18:03;715;1023;715;;11796
01:18:03;715;1023;715;;11768
01:18:04;715;1023;715;;11744
01:18:04;715;1023;715;;11796
01:18:05;715;1023;715;;12020
01:18:05;715;1023;715;;11820
01:18:06;715;1023;715;;11768
01:18:06;715;1023;715;;11824
01:18:07;715;1023;715;;11920
01:18:07;715;1023;715;;11820
01:18:08;715;1023;715;;11796
01:18:08;715;1023;715;;11820
01:18:09;715;1023;715;;11844
01:18:09;715;1023;715;;13232
01:18:10;715;1023;715;;11828
01:18:10;715;1023;715;;11852
01:18:11;715;1023;715;;11868
01:18:11;715;1023;715;;11852
01:18:12;715;1023;715;;11768
01:18:12;715;1023;715;;11824
01:18:13;715;1023;715;;11832
01:18:13;715;1023;715;;11768
01:18:14;715;1023;715;;11992
01:18:15;715;1023;715;;11796
01:18:15;715;1023;715;;11792
01:18:16;715;1023;715;;11872
01:18:16;715;1023;715;;11848
01:18:17;715;1023;715;;11872
01:18:17;715;1023;715;;11768
01:18:18;715;1023;715;;11796
01:18:18;715;1023;715;;11796
01:18:19;715;1023;715;;11768
01:18:19;715;1023;715;;11820
01:18:20;715;1023;715;;11768
01:18:20;715;1023;715;;11824
01:18:21;715;1023;715;;11892
01:18:21;715;1023;715;;11972
01:18:22;715;1023;715;;11944
01:18:22;715;1023;715;;11792
01:18:23;715;1023;715;;11868
01:18:23;715;1023;715;;11796
01:18:24;715;1023;715;;11800
01:18:24;715;1023;715;;11872
01:18:25;715;1023;715;;11796
01:18:25;715;1023;715;;11992
01:18:26;715;1023;715;;11852
01:18:26;715;1023;715;;11844
01:18:27;715;1023;715;;11772
01:18:27;715;1023;715;;11896
01:18:28;715;1023;715;;11796
01:18:28;715;1023;715;;11792
01:18:29;715;1023;715;;11772
01:18:29;715;1023;715;;11820
01:18:30;715;1023;715;;11816
01:18:30;715;1023;715;;11856
01:18:31;715;1023;715;;11800
01:18:31;715;1023;715;;11792
01:18:32;715;1023;715;;11836
01:18:32;715;1023;715;;11772
01:18:33;715;1023;715;;11856
01:18:33;715;1023;715;;11820
01:18:34;715;1023;715;;13176
01:18:34;715;1023;715;;11852
01:18:35;715;1023;715;;11844
01:18:35;715;1023;715;;12020
01:18:36;715;1023;715;;11820
01:18:36;715;1023;715;;11872
01:18:37;715;1023;715;;11844
01:18:37;715;1023;715;;11796
01:18:38;715;1023;715;;11828
01:18:38;715;1023;715;;11792
01:18:39;715;1023;715;;11844
01:18:39;715;1023;715;;11824
01:18:40;715;1023;715;;11796
01:18:40;715;1023;715;;11772
01:18:41;715;1023;715;;11848
01:18:41;715;1023;715;;11792
01:18:42;715;1023;715;;11844
01:18:43;715;1023;715;;11872
01:18:43;715;1023;715;;11896
01:18:44;715;1023;715;;11792
01:18:44;715;1023;715;;11896
01:18:45;715;1023;715;;11920
01:18:45;715;1023;715;;11820
01:18:46;715;1023;715;;11856
01:18:46;715;1023;715;;11848
01:18:47;715;1023;715;;11768
01:18:47;715;1023;715;;11796
01:18:48;715;1023;715;;11796
01:18:48;715;1023;715;;11868
01:18:49;715;1023;715;;11820
01:18:49;715;1023;715;;11820
01:18:50;715;1023;715;;11816
01:18:50;715;1023;715;;11824
01:18:51;715;1023;715;;11832
01:18:51;715;1023;715;;11892
01:18:52;715;1023;715;;11896
01:18:52;715;1023;715;;11768
01:18:53;715;1023;715;;11996
01:18:53;715;1023;715;;11796
01:18:54;715;1023;715;;11972
01:18:54;715;1023;715;;11820
01:18:55;715;1023;715;;11892
01:18:55;715;1023;715;;11804
01:18:56;715;1023;715;;11896
01:18:56;715;1023;715;;11820
01:18:57;715;1023;715;;11796
01:18:57;715;1023;715;;11796
01:18:58;715;1023;715;;11848
01:18:58;715;1023;715;;11792
01:18:59;715;1023;715;;11796
01:18:59;715;1023;715;;11820
01:19:00;715;1023;715;;11748
01:19:00;715;1023;715;;12044
01:19:01;715;1023;715;;11820
01:19:01;715;1023;715;;11772
01:19:02;715;1023;715;;11768
01:19:02;715;1023;715;;11772
01:19:03;715;1023;715;;11920
01:19:03;715;1023;715;;11792
01:19:04;715;1023;715;;11852
01:19:04;715;1023;715;;11796
01:19:05;715;1023;715;;11896
01:19:05;715;1023;715;;11848
01:19:06;715;1023;715;;11828
01:19:06;715;1023;715;;11796
01:19:07;715;1023;715;;11796
01:19:07;715;1023;715;;11848
01:19:08;715;1023;715;;11772
01:19:08;715;1023;715;;11816
01:19:09;715;1023;715;;11848
01:19:09;715;1023;715;;11848
01:19:10;715;1023;715;;11820
01:19:11;715;1023;715;;11796
01:19:11;715;1023;715;;11772
01:19:12;715;1023;715;;11820
01:19:12;715;1023;715;;11816
01:19:13;715;1023;715;;11820
01:19:13;715;1023;715;;13256
01:19:14;715;1023;715;;11872
01:19:14;715;1023;715;;11796
01:19:15;715;1023;715;;11796
01:19:15;715;1023;715;;11820
01:19:16;715;1023;715;;12040
01:19:16;715;1023;715;;13204
01:19:17;715;1023;715;;11844
01:19:17;715;1023;715;;11800
01:19:18;715;1023;715;;13180
01:19:18;715;1023;715;;11840
01:19:19;715;1023;715;;11836
01:19:19;715;1023;715;;11844
01:19:20;715;1023;715;;11860
01:19:20;715;1023;715;;11896
01:19:21;715;1023;715;;11796
01:19:21;715;1023;715;;11796
01:19:22;715;1023;715;;13228
01:19:22;715;1023;715;;11848
01:19:23;715;1023;715;;11900
01:19:23;715;1023;715;;11796
01:19:24;715;1023;715;;11768
01:19:24;715;1023;715;;11796
01:19:25;715;1023;715;;11772
01:19:25;715;1023;715;;11796
01:19:26;715;1023;715;;11824
01:19:26;715;1023;715;;11796
01:19:27;715;1023;715;;11768
01:19:27;715;1023;715;;11796
01:19:28;715;1023;715;;11796
01:19:28;715;1023;715;;11864
01:19:29;715;1023;715;;11824
01:19:29;715;1023;715;;11868
01:19:30;715;1023;715;;11896
01:19:30;715;1023;715;;11872
01:19:31;715;1023;715;;13204
01:19:31;715;1023;715;;11860
01:19:32;715;1023;715;;11896
01:19:32;715;1023;715;;11844
01:19:33;715;1023;715;;11820
01:19:33;715;1023;715;;11820
01:19:34;715;1023;715;;11820
01:19:34;715;1023;715;;11792
01:19:35;715;1023;715;;13200
01:19:35;715;1023;715;;11892
01:19:36;715;1023;715;;11792
01:19:36;715;1023;715;;11896
01:19:37;715;1023;715;;11792
01:19:37;715;1023;715;;11824
01:19:38;715;1023;715;;11848
01:19:39;715;1023;715;;11772
01:19:39;715;1023;715;;11796
01:19:40;715;1023;715;;13224
01:19:40;715;1023;715;;11848
01:19:41;715;1023;715;;11800
01:19:41;715;1023;715;;11852
01:19:42;715;1023;715;;11796
01:19:42;715;1023;715;;11836
01:19:43;715;1023;715;;11796
01:19:43;715;1023;715;;11796
01:19:44;715;1023;715;;11860
01:19:44;715;1023;715;;11796
01:19:45;715;1023;715;;11920
01:19:45;715;1023;715;;11816
01:19:46;715;1023;715;;11820
01:19:46;715;1023;715;;11796
01:19:47;715;1023;715;;11820
01:19:47;715;1023;715;;11796
01:19:48;715;1023;715;;11820
01:19:48;715;1023;715;;11796
01:19:49;715;1023;715;;11920
01:19:49;715;1023;715;;11868
01:19:50;715;1023;715;;13208
01:19:50;715;1023;715;;11924
01:19:51;715;1023;715;;11796
01:19:51;715;1023;715;;11796
01:19:52;715;1023;715;;11796
01:19:52;715;1023;715;;11944
01:19:53;715;1023;715;;11836
01:19:53;715;1023;715;;11744
01:19:54;715;1023;715;;11836
01:19:54;715;1023;715;;13204
01:19:55;715;1023;715;;11872
01:19:55;715;1023;715;;11820
01:19:56;715;1023;715;;11848
01:19:56;715;1023;715;;11868
01:19:57;715;1023;715;;13232
01:19:57;715;1023;715;;11824
01:19:58;715;1023;715;;11868
01:19:58;715;1023;715;;11896
01:19:59;715;1023;715;;11796
01:19:59;715;1023;715;;11872
01:20:00;715;1023;715;;11844
01:20:00;715;1023;715;;11856
01:20:01;715;1023;715;;11796
01:20:01;715;1023;715;;11868
01:20:02;715;1023;715;;13176
01:20:02;715;1023;715;;11768
01:20:03;715;1023;715;;11848
01:20:03;715;1023;715;;11796
01:20:04;715;1023;715;;11796
01:20:04;715;1023;715;;11796
01:20:05;715;1023;715;;11828
01:20:05;715;1023;715;;11792
01:20:06;715;1023;715;;11872
01:20:07;715;1023;715;;11896
01:20:07;715;1023;715;;11824
01:20:08;715;1023;715;;11800
01:20:08;715;1023;715;;11920
01:20:09;715;1023;715;;11920
01:20:15;712;1023;715;;11820
01:20:15;712;1023;715;;13204
01:20:16;715;1023;715;;11852
01:20:16;715;1023;715;;11820
01:20:28;713;1023;715;;11896
01:20:28;713;1023;715;;11852
01:20:29;715;1023;715;;11852
01:20:29;715;1023;715;;12016
01:20:45;704;1023;715;;11844
01:20:46;713;1023;715;;11796
01:20:46;713;1023;715;;13200
01:20:47;715;1023;715;;11868
01:20:47;715;1023;715;;11796
