08:37:23;644;821;645;;11972
08:37:23;644;821;645;;11784
08:37:24;649;838;650;;11904
08:37:25;653;850;653;;11804
08:37:25;653;850;653;;11808
08:37:26;655;858;655;;11856
08:37:26;655;858;655;;11804
08:37:27;656;863;657;;11856
08:37:27;656;863;657;;11900
08:37:28;658;868;658;;10880
08:37:28;658;868;658;;10952
08:37:29;659;871;659;;11904
08:37:29;659;871;659;;11880
08:37:30;659;873;659;;11852
08:37:30;659;873;659;;11828
08:37:31;660;875;660;;12004
08:37:31;660;875;660;;12028
08:37:32;660;877;660;;12024
08:37:32;660;877;660;;11856
08:37:33;661;879;661;;11924
08:37:33;661;879;661;;10980
08:37:34;661;879;661;;12052
08:37:34;661;879;661;;12100
08:37:35;661;879;661;;12052
08:37:35;661;879;661;;11956
08:37:36;661;882;661;;11004
08:37:36;661;882;661;;10976
08:37:37;662;883;662;;11804
08:37:37;662;883;662;;11956
08:37:38;662;883;662;;10880
08:37:38;662;883;662;;11948
08:37:39;662;885;662;;11760
08:37:39;662;885;662;;11880
08:37:40;663;887;663;;11756
08:37:40;663;887;663;;11804
08:37:41;662;885;663;;11784
08:37:41;662;885;663;;11004
08:37:42;663;887;663;;11884
08:37:42;663;887;663;;11880
08:37:43;663;887;663;;11828
08:37:43;663;887;663;;11804
08:37:44;663;888;663;;10952
08:37:44;663;888;663;;11808
08:37:45;663;888;663;;11784
08:37:45;663;888;663;;11728
08:37:46;663;887;663;;10952
08:37:46;663;887;663;;11808
08:37:47;663;888;663;;11980
08:37:47;663;888;663;;11836
08:37:48;664;890;664;;11780
08:37:48;664;890;664;;11756
08:37:49;664;891;664;;11956
08:37:49;664;891;664;;11904
08:37:50;664;893;664;;11756
08:37:50;664;893;664;;11756
08:37:51;664;893;664;;11848
08:37:52;664;893;665;;11860
08:37:52;664;893;665;;11808
08:37:53;664;893;664;;10936
08:37:53;664;893;664;;12200
08:37:54;664;893;664;;11080
08:37:54;664;893;664;;11780
08:37:55;665;895;665;;11804
08:37:55;665;895;665;;11860
08:37:56;665;894;665;;11928
08:37:56;665;894;665;;11784
08:37:57;665;894;665;;11780
08:37:57;665;894;665;;11876
08:37:58;665;894;665;;11828
08:37:58;665;894;665;;11832
08:37:59;665;895;665;;11804
08:37:59;665;895;665;;11804
08:38:00;665;895;665;;11852
08:38:00;665;895;665;;11836
08:38:01;664;893;664;;11856
08:38:01;664;893;664;;11904
08:38:02;664;893;664;;11928
08:38:02;664;893;664;;11948
08:38:03;664;893;664;;11780
08:38:03;664;893;664;;11784
08:38:04;664;892;664;;11756
08:38:04;664;892;664;;11840
08:38:05;664;891;664;;11784
08:38:05;664;891;664;;11856
08:38:06;664;890;664;;11756
08:38:06;664;890;664;;11784
08:38:07;664;890;664;;11836
08:38:07;664;890;664;;10928
08:38:08;664;890;664;;11128
08:38:08;664;890;664;;10928
08:38:09;664;893;664;;11904
08:38:09;664;893;664;;11784
08:38:10;664;891;664;;11924
08:38:10;664;891;664;;11904
08:38:11;665;894;665;;11804
08:38:11;665;894;665;;11852
08:38:12;664;893;664;;12080
08:38:12;664;893;664;;11804
08:38:13;665;896;665;;11808
08:38:13;665;896;665;;11876
08:38:14;665;896;665;;11952
08:38:14;665;896;665;;10952
08:38:15;665;896;665;;11808
08:38:15;665;896;665;;11868
08:38:16;665;898;666;;10952
08:38:16;665;898;666;;11804
08:38:17;665;897;665;;11880
08:38:17;665;897;665;;10932
08:38:18;665;898;666;;11780
08:38:18;665;898;666;;11780
08:38:19;665;898;666;;10980
08:38:19;665;898;666;;11880
08:38:20;665;895;665;;11776
08:38:21;665;897;665;;11776
08:38:21;665;897;665;;11876
08:38:22;666;898;666;;11904
08:38:22;666;898;666;;11780
08:38:23;666;898;666;;11804
08:38:23;666;898;666;;11004
08:38:24;665;897;666;;11844
08:38:24;665;897;666;;11804
08:38:25;665;896;665;;11852
08:38:25;665;896;665;;11804
08:38:26;666;898;666;;11808
08:38:26;666;898;666;;11028
08:38:27;665;898;666;;11784
08:38:27;665;898;666;;11812
08:38:28;666;898;666;;11804
08:38:28;666;898;666;;11780
08:38:29;666;898;666;;11952
08:38:29;666;898;666;;11080
08:38:30;665;898;666;;10976
08:38:30;665;898;666;;11784
08:38:31;665;896;665;;11756
08:38:31;665;896;665;;11904
08:38:32;665;897;665;;12076
08:38:32;665;897;665;;11952
08:38:33;665;897;665;;11832
08:38:33;665;897;665;;11808
08:38:34;665;897;665;;11976
08:38:34;665;897;665;;11784
08:38:35;665;897;665;;11832
08:38:35;665;897;665;;11756
08:38:36;665;897;666;;11780
08:38:36;665;897;666;;11756
08:38:37;665;896;665;;11832
08:38:37;665;896;665;;11844
08:38:38;665;898;666;;11808
08:38:38;665;898;666;;11928
08:38:39;665;897;665;;11780
08:38:39;665;897;665;;11852
08:38:40;665;897;665;;11756
08:38:40;665;897;665;;11784
08:38:41;665;897;665;;11808
08:38:41;665;897;665;;11832
08:38:42;665;897;665;;11780
08:38:42;665;897;665;;11756
08:38:43;665;897;665;;11784
08:38:43;665;897;665;;11756
08:38:44;665;897;665;;11828
08:38:44;665;897;665;;11752
08:38:45;665;896;665;;11880
08:38:45;665;896;665;;11844
08:38:46;665;895;665;;11080
08:38:46;665;895;665;;11752
08:38:47;665;895;665;;11760
08:38:47;665;895;665;;11856
08:38:48;664;893;664;;11804
08:38:49;664;894;665;;11808
08:38:49;664;894;665;;11904
08:38:50;664;893;665;;11808
08:38:50;664;893;665;;10880
08:38:51;664;893;664;;11868
08:38:51;664;893;664;;11928
08:38:52;663;889;663;;11756
08:38:52;663;889;663;;11028
08:38:53;664;892;664;;11804
08:38:53;664;892;664;;12076
08:38:54;665;893;664;;11044
08:38:54;665;893;664;;11952
08:38:55;665;896;665;;11804
08:38:55;665;896;665;;12000
08:38:56;665;895;665;;11996
08:38:56;665;895;665;;11840
08:38:57;665;895;665;;12052
08:38:57;665;895;665;;11808
08:38:58;664;892;664;;11856
08:38:58;664;892;664;;11780
08:38:59;665;895;665;;10908
08:38:59;665;895;665;;11076
08:39:00;665;894;665;;10956
08:39:00;665;894;665;;11848
08:39:01;665;894;665;;11808
08:39:01;665;894;665;;11808
08:39:02;664;892;664;;12024
08:39:02;664;892;664;;11076
08:39:03;664;893;664;;11804
08:39:03;664;893;664;;11852
08:39:04;664;893;665;;11864
08:39:04;664;893;665;;11840
08:39:05;664;892;664;;11124
08:39:05;664;892;664;;11948
08:39:06;664;891;664;;10976
08:39:06;664;891;664;;11980
08:39:07;664;892;664;;11800
08:39:07;664;892;664;;11776
08:39:08;664;892;664;;11780
08:39:08;664;892;664;;11836
08:39:09;664;892;664;;11832
08:39:09;664;892;664;;11804
08:39:10;664;891;664;;11976
08:39:10;664;891;664;;11856
08:39:11;664;892;664;;11784
08:39:11;664;892;664;;11808
08:39:12;664;889;663;;11828
08:39:12;664;889;663;;11928
08:39:13;664;892;664;;11756
08:39:13;664;892;664;;11900
08:39:14;664;893;664;;11832
08:39:14;664;893;664;;11860
08:39:15;665;895;665;;11804
08:39:15;665;895;665;;11780
08:39:16;665;894;665;;10956
08:39:17;664;894;665;;11928
08:39:17;664;894;665;;11808
08:39:18;664;894;665;;11904
08:39:18;664;894;665;;12100
08:39:19;664;894;665;;11836
08:39:19;664;894;665;;11808
08:39:20;664;893;664;;11844
08:39:20;664;893;664;;11808
08:39:21;664;893;664;;11776
08:39:21;664;893;664;;11904
08:39:22;664;893;664;;11952
08:39:22;664;893;664;;11804
08:39:23;664;893;664;;11808
08:39:23;664;893;664;;11808
08:39:24;664;892;664;;11780
08:39:24;664;892;664;;11844
08:39:25;664;892;664;;11844
08:39:25;664;892;664;;11780
08:39:26;664;894;665;;11756
08:39:26;664;894;665;;11784
08:39:27;665;894;664;;11832
08:39:27;665;894;664;;11760
08:39:28;664;893;664;;11976
08:39:28;664;893;664;;11836
08:39:29;664;891;664;;11804
08:39:29;664;891;664;;11884
08:39:30;664;891;664;;11868
08:39:30;664;891;664;;11804
08:39:31;664;890;664;;11784
08:39:31;664;890;664;;11780
08:39:32;664;891;664;;11752
08:39:32;664;891;664;;11844
08:39:33;664;890;664;;11808
08:39:33;664;890;664;;12048
08:39:34;664;890;664;;11780
08:39:34;664;890;664;;11832
08:39:35;664;891;664;;11976
08:39:35;664;891;664;;11904
08:39:36;664;892;664;;11880
08:39:36;664;892;664;;11776
08:39:37;664;892;664;;11904
08:39:37;664;892;664;;12076
08:39:38;664;891;664;;11880
08:39:38;664;891;664;;11840
08:39:39;664;892;664;;11828
08:39:39;664;892;664;;11952
08:39:40;664;892;664;;11856
08:39:40;664;892;664;;11804
08:39:41;664;892;664;;11880
08:39:41;664;892;664;;11080
08:39:42;664;891;664;;11852
08:39:42;664;891;664;;11808
08:39:43;664;893;664;;11880
08:39:43;664;893;664;;11028
08:39:44;664;894;664;;10936
08:39:45;664;893;664;;10904
08:39:45;664;893;664;;11856
08:39:46;664;892;664;;11880
08:39:46;664;892;664;;11880
08:39:47;663;890;664;;11880
08:39:47;663;890;664;;11800
08:39:48;664;891;664;;11856
08:39:48;664;891;664;;11808
08:39:49;664;891;664;;11832
08:39:49;664;891;664;;11844
08:39:50;664;890;664;;11788
08:39:50;664;890;664;;11880
08:39:51;663;890;663;;11756
08:39:51;663;890;663;;11808
08:39:52;663;889;663;;11804
08:39:52;663;889;663;;11804
08:39:53;663;889;663;;11784
08:39:53;663;889;663;;11884
08:39:54;663;889;663;;11808
08:39:54;663;889;663;;11860
08:39:55;663;890;664;;11884
08:39:55;663;890;664;;11832
08:39:56;664;891;664;;11780
08:39:56;664;891;664;;11844
08:39:57;663;888;663;;11904
08:39:57;663;888;663;;11732
08:39:58;663;890;663;;11852
08:39:58;663;890;663;;11856
08:39:59;663;890;663;;11804
08:39:59;663;890;663;;11976
08:40:00;663;889;663;;11864
08:40:00;663;889;663;;11808
08:40:01;663;890;663;;12004
08:40:01;663;890;663;;11904
08:40:02;663;889;663;;12032
08:40:02;663;889;663;;11780
08:40:03;663;890;664;;11928
08:40:03;663;890;664;;11852
08:40:04;664;891;664;;11776
08:40:04;664;891;664;;11876
08:40:05;664;891;664;;11856
08:40:05;664;891;664;;11804
08:40:06;664;890;664;;11908
08:40:06;664;890;664;;11976
08:40:07;663;890;664;;11756
08:40:07;663;890;664;;11784
08:40:08;664;890;664;;11928
08:40:08;664;890;664;;11784
08:40:09;663;889;663;;11844
08:40:09;663;889;663;;11856
08:40:10;663;890;663;;11756
08:40:10;663;890;663;;11780
08:40:11;663;890;663;;11780
08:40:11;663;890;663;;10904
08:40:12;664;891;664;;11864
08:40:13;664;891;664;;11784
08:40:13;664;891;664;;11028
08:40:14;664;892;664;;11780
08:40:14;664;892;664;;11780
08:40:15;664;890;664;;11804
08:40:15;664;890;664;;11852
08:40:16;664;891;664;;11780
08:40:16;664;891;664;;11904
08:40:17;664;891;664;;11828
08:40:17;664;891;664;;11880
08:40:18;664;891;664;;11928
08:40:18;664;891;664;;12072
08:40:19;664;891;664;;11784
08:40:19;664;891;664;;11880
08:40:20;664;891;664;;11756
08:40:20;664;891;664;;11952
08:40:21;664;890;664;;11800
08:40:21;664;890;664;;11752
08:40:22;664;891;664;;11976
08:40:22;664;891;664;;12000
08:40:23;664;891;664;;10956
08:40:23;664;891;664;;11804
08:40:24;664;890;663;;11808
08:40:24;664;890;663;;11004
08:40:25;664;890;664;;11760
08:40:25;664;890;664;;11028
08:40:26;664;891;664;;11856
08:40:26;664;891;664;;12076
08:40:27;664;891;664;;10976
08:40:27;664;891;664;;10976
08:40:28;664;891;664;;11832
08:40:28;664;891;664;;11836
08:40:29;663;890;664;;11076
08:40:29;663;890;664;;10956
08:40:30;664;892;664;;11880
08:40:30;664;892;664;;11052
08:40:31;664;891;664;;11844
08:40:31;664;891;664;;10980
08:40:32;664;891;664;;11808
08:40:32;664;891;664;;10928
08:40:33;664;891;664;;11004
08:40:33;664;891;664;;11804
08:40:34;664;891;664;;11832
08:40:34;664;891;664;;11780
08:40:35;664;890;663;;10904
08:40:35;664;890;663;;11876
08:40:36;663;889;663;;10956
08:40:36;663;889;663;;11856
08:40:37;663;890;664;;11856
08:40:37;663;890;664;;11780
08:40:38;663;890;664;;12048
08:40:38;663;890;664;;11856
08:40:39;663;890;664;;11804
08:40:39;663;890;664;;11856
08:40:40;663;889;663;;11924
08:40:41;663;889;663;;11780
08:40:41;663;889;663;;11828
08:40:42;663;889;663;;11844
08:40:42;663;889;663;;11844
08:40:43;663;889;663;;11804
08:40:43;663;889;663;;11856
08:40:44;663;888;663;;11884
08:40:44;663;888;663;;11868
08:40:45;664;890;664;;11704
08:40:45;664;890;664;;11784
08:40:46;664;891;664;;11756
08:40:46;664;891;664;;11780
08:40:47;663;887;663;;11828
08:40:47;663;887;663;;11756
08:40:48;663;888;663;;11880
08:40:48;663;888;663;;11760
08:40:49;664;891;664;;11856
08:40:49;664;891;664;;11756
08:40:50;664;891;664;;11808
08:40:50;664;891;664;;11808
08:40:51;663;890;664;;10904
08:40:51;663;890;664;;11756
08:40:52;664;891;664;;11860
08:40:52;664;891;664;;11804
08:40:53;664;891;664;;11832
08:40:53;664;891;664;;12020
08:40:54;664;892;664;;11832
08:40:54;664;892;664;;11804
08:40:55;664;892;664;;11900
08:40:55;664;892;664;;11808
08:40:56;664;892;664;;11832
08:40:56;664;892;664;;11844
08:40:57;664;891;664;;11832
08:40:57;664;891;664;;11076
08:40:58;664;891;664;;11904
08:40:58;664;891;664;;11004
08:40:59;663;891;664;;11856
08:40:59;663;891;664;;10956
08:41:00;663;890;663;;11780
08:41:00;663;890;663;;11900
08:41:01;664;891;664;;11784
08:41:01;664;891;664;;11856
08:41:02;664;891;664;;11844
08:41:02;664;891;664;;11784
08:41:03;664;892;664;;11876
08:41:03;664;892;664;;11808
08:41:04;664;891;664;;11804
08:41:04;664;891;664;;11804
08:41:05;664;891;664;;11808
08:41:05;664;891;664;;11924
08:41:06;664;891;664;;11952
08:41:06;664;891;664;;11832
08:41:07;664;891;664;;11760
08:41:07;664;891;664;;12052
08:41:08;664;891;664;;12024
08:41:09;664;892;664;;11808
08:41:09;664;892;664;;11780
08:41:10;664;893;664;;10976
08:41:10;664;893;664;;10956
08:41:11;664;892;664;;11004
08:41:11;664;892;664;;10980
08:41:12;664;892;664;;11832
08:41:12;664;892;664;;10928
08:41:13;664;893;664;;11848
08:41:13;664;893;664;;11904
08:41:14;664;893;664;;11780
08:41:14;664;893;664;;11956
08:41:15;664;893;664;;11804
08:41:15;664;893;664;;11852
08:41:16;664;893;664;;11804
08:41:16;664;893;664;;11780
08:41:17;664;893;664;;11780
08:41:17;664;893;664;;11808
08:41:18;664;892;664;;11948
08:41:18;664;892;664;;11752
08:41:19;664;892;664;;11928
08:41:19;664;892;664;;12052
08:41:20;664;893;664;;11804
08:41:20;664;893;664;;11852
08:41:21;664;893;664;;11860
08:41:21;664;893;664;;11804
08:41:22;664;891;664;;11844
08:41:22;664;891;664;;11780
08:41:23;664;893;664;;11880
08:41:23;664;893;664;;11756
08:41:24;664;894;664;;11784
08:41:24;664;894;664;;11752
08:41:25;664;894;664;;11884
08:41:25;664;894;664;;11832
08:41:26;664;893;664;;11828
08:41:26;664;893;664;;11752
08:41:27;664;892;664;;11752
08:41:27;664;892;664;;11848
08:41:28;664;893;664;;11876
08:41:28;664;893;664;;11780
08:41:29;664;893;664;;11756
08:41:29;664;893;664;;11844
08:41:30;664;893;664;;11832
08:41:30;664;893;664;;12028
08:41:31;664;893;664;;11956
08:41:31;664;893;664;;11932
08:41:32;664;894;664;;11904
08:41:32;664;894;664;;11848
08:41:33;664;891;664;;12004
08:41:33;664;891;664;;11828
08:41:34;664;892;664;;11840
08:41:34;664;892;664;;11904
08:41:35;664;892;664;;10932
08:41:35;664;892;664;;11756
08:41:36;664;894;664;;11076
08:41:37;664;893;664;;11808
08:41:37;664;893;664;;12000
08:41:38;664;894;664;;10932
08:41:38;664;894;664;;11808
08:41:39;664;895;664;;11076
08:41:39;664;895;664;;11104
08:41:40;664;894;664;;11060
08:41:40;664;894;664;;11060
08:41:41;664;893;664;;12000
08:41:41;664;893;664;;11804
08:41:42;664;893;664;;11780
08:41:42;664;893;664;;11880
08:41:43;664;894;664;;11756
08:41:43;664;894;664;;12000
08:41:44;664;894;664;;11804
08:41:44;664;894;664;;11884
08:41:45;665;895;665;;11980
08:41:45;665;895;665;;11856
08:41:46;665;895;665;;11832
08:41:46;665;895;665;;11880
08:41:47;665;896;665;;11804
08:41:47;665;896;665;;11784
08:41:48;665;896;665;;11860
08:41:48;665;896;665;;11904
08:41:49;665;895;665;;12004
08:41:49;665;895;665;;11852
08:41:50;664;894;664;;11952
08:41:50;664;894;664;;11852
08:41:51;665;895;665;;11928
08:41:51;665;895;665;;11784
08:41:52;665;895;665;;11728
08:41:52;665;895;665;;11856
08:41:53;665;897;665;;11828
08:41:53;665;897;665;;11780
08:41:54;665;897;665;;11808
08:41:54;665;897;665;;11784
08:41:55;665;897;665;;11872
08:41:55;665;897;665;;11904
08:41:56;665;896;665;;11884
08:41:56;665;896;665;;11780
08:41:57;665;897;665;;11840
08:41:57;665;897;665;;11784
08:41:58;665;896;665;;11780
08:41:58;665;896;665;;11756
08:41:59;665;896;665;;11904
08:41:59;665;896;665;;11756
08:42:00;665;897;665;;11780
08:42:00;665;897;665;;11808
08:42:01;665;897;665;;11784
08:42:01;665;897;665;;11756
08:42:02;665;897;665;;11760
08:42:02;665;897;665;;11780
08:42:03;665;897;665;;11928
08:42:03;665;897;665;;11760
08:42:04;665;898;665;;11756
08:42:05;665;897;665;;11756
08:42:05;665;897;665;;11756
08:42:06;665;897;665;;12100
08:42:06;665;897;665;;12052
08:42:07;665;895;665;;11852
08:42:07;665;895;665;;11780
08:42:08;664;893;664;;11804
08:42:08;664;893;664;;11808
08:42:09;664;892;664;;11808
08:42:09;664;892;664;;12004
08:42:10;664;892;664;;11780
08:42:10;664;892;664;;12172
08:42:11;664;892;664;;11816
08:42:11;664;892;664;;11760
08:42:12;664;894;664;;11804
08:42:12;664;894;664;;11780
08:42:13;664;894;664;;11852
08:42:13;664;894;664;;11860
08:42:14;664;894;664;;10956
08:42:14;664;894;664;;11808
08:42:15;664;894;664;;11856
08:42:15;664;894;664;;11780
08:42:16;664;894;664;;11804
08:42:16;664;894;664;;11784
08:42:17;664;894;664;;11856
08:42:17;664;894;664;;11780
08:42:18;664;893;664;;11800
08:42:18;664;893;664;;11780
08:42:19;664;894;664;;11856
08:42:19;664;894;664;;11856
08:42:20;664;895;665;;11804
08:42:20;664;895;665;;11780
08:42:21;665;896;665;;11780
08:42:21;665;896;665;;11752
08:42:22;665;895;665;;11948
08:42:22;665;895;665;;11780
08:42:23;665;896;665;;11952
08:42:23;665;896;665;;11884
08:42:24;664;895;665;;11852
08:42:24;664;895;665;;11904
08:42:25;664;893;664;;11756
08:42:25;664;893;664;;11804
08:42:26;663;890;663;;11756
08:42:26;663;890;663;;11756
08:42:27;664;893;664;;12024
08:42:27;664;893;664;;11848
08:42:28;664;894;664;;11780
08:42:28;664;894;664;;11956
08:42:29;665;895;665;;11780
08:42:29;665;895;665;;11804
08:42:30;665;895;665;;11804
08:42:30;665;895;665;;11904
08:42:31;664;892;664;;13300
08:42:31;664;892;664;;11756
08:42:32;664;891;664;;11808
08:42:33;664;893;664;;11000
08:42:33;664;893;664;;11780
08:42:34;664;894;664;;11756
08:42:34;664;894;664;;11808
08:42:35;664;892;664;;11732
08:42:35;664;892;664;;11832
08:42:36;664;895;664;;11780
08:42:36;664;895;664;;11976
08:42:37;664;894;664;;11080
08:42:37;664;894;664;;10904
08:42:38;664;894;664;;11904
08:42:38;664;894;664;;11032
08:42:39;664;892;664;;10952
08:42:39;664;892;664;;11040
08:42:40;664;892;664;;11844
08:42:40;664;892;664;;11808
08:42:41;664;894;664;;11860
08:42:41;664;894;664;;11844
08:42:42;664;894;664;;10976
08:42:42;664;894;664;;11832
08:42:43;665;896;665;;11852
08:42:43;665;896;665;;11804
08:42:44;665;896;665;;10904
08:42:44;665;896;665;;11756
08:42:45;665;897;665;;11900
08:42:45;665;897;665;;11832
08:42:46;665;897;665;;11756
08:42:46;665;897;665;;11780
08:42:47;665;896;665;;12148
08:42:47;665;896;665;;11808
08:42:48;665;896;665;;11852
08:42:48;665;896;665;;11828
08:42:49;664;895;664;;11856
08:42:49;664;895;664;;11852
08:42:50;665;895;665;;11828
08:42:50;665;895;665;;11844
08:42:51;665;895;665;;11856
08:42:51;665;895;665;;11780
08:42:52;665;896;665;;12072
08:42:52;665;896;665;;11832
08:42:53;665;897;665;;11832
08:42:53;665;897;665;;11808
08:42:54;665;896;665;;11804
08:42:54;665;896;665;;11928
08:42:55;665;896;665;;11840
08:42:55;665;896;665;;11068
08:42:56;665;897;665;;11904
08:42:56;665;897;665;;11864
08:42:57;665;896;665;;11904
08:42:57;665;896;665;;11776
08:42:58;665;895;665;;11900
08:42:58;665;895;665;;11836
08:42:59;665;896;665;;11808
08:42:59;665;896;665;;11808
08:43:00;665;897;665;;12004
08:43:01;665;897;665;;11804
08:43:01;665;897;665;;11856
08:43:02;665;896;665;;11832
08:43:02;665;896;665;;12028
08:43:03;665;897;665;;11784
08:43:03;665;897;665;;11856
08:43:04;665;897;665;;11904
08:43:04;665;897;665;;11808
08:43:05;665;898;665;;11808
08:43:05;665;898;665;;11780
08:43:06;665;898;665;;11856
08:43:06;665;898;665;;11780
08:43:07;665;898;665;;11852
08:43:07;665;898;665;;11880
08:43:08;665;898;665;;11784
08:43:08;665;898;665;;11804
08:43:09;665;896;665;;11848
08:43:09;665;896;665;;11980
08:43:10;665;897;665;;11856
08:43:10;665;897;665;;11780
08:43:11;665;898;665;;11956
08:43:11;665;898;665;;11780
08:43:12;665;899;665;;11804
08:43:12;665;899;665;;11756
08:43:13;665;899;665;;11808
08:43:13;665;899;665;;11780
08:43:14;665;899;665;;11780
08:43:14;665;899;665;;12172
08:43:15;665;899;665;;11844
08:43:15;665;899;665;;11752
08:43:16;665;898;665;;11804
08:43:16;665;898;665;;12124
08:43:17;665;897;665;;11808
08:43:17;665;897;665;;11856
08:43:18;665;899;665;;11880
08:43:18;665;899;665;;11840
08:43:19;665;898;665;;11808
08:43:19;665;898;665;;11880
08:43:20;665;899;665;;10952
08:43:20;665;899;665;;11872
08:43:21;666;900;666;;11928
08:43:21;666;900;666;;11856
08:43:22;665;897;665;;10952
08:43:22;665;897;665;;11848
08:43:23;665;896;665;;11832
08:43:23;665;896;665;;11780
08:43:24;665;897;665;;11880
08:43:24;665;897;665;;11856
08:43:25;664;895;665;;11756
08:43:25;664;895;665;;11832
08:43:26;665;897;665;;11756
08:43:26;665;897;665;;11856
08:43:27;665;896;665;;11972
08:43:27;665;896;665;;11808
08:43:28;665;898;665;;11804
08:43:29;665;897;665;;11780
08:43:29;665;897;665;;11076
08:43:30;665;897;665;;11780
08:43:30;665;897;665;;10952
08:43:31;665;898;665;;11780
08:43:31;665;898;665;;10960
08:43:32;665;898;665;;10904
08:43:32;665;898;665;;11172
08:43:33;665;899;665;;11828
08:43:33;665;899;665;;11952
08:43:34;665;899;665;;11004
08:43:34;665;899;665;;11064
08:43:35;665;899;665;;11808
08:43:35;665;899;665;;11004
08:43:36;664;895;664;;11880
08:43:36;664;895;664;;11780
08:43:37;664;894;664;;11828
08:43:37;664;894;664;;11776
08:43:38;665;897;665;;11808
08:43:38;665;897;665;;11860
08:43:39;665;898;665;;11780
08:43:39;665;898;665;;11756
08:43:40;665;897;665;;11808
08:43:40;665;897;665;;11728
08:43:41;665;898;665;;11852
08:43:41;665;898;665;;11856
08:43:42;665;898;665;;11756
08:43:42;665;898;665;;11948
08:43:43;665;897;665;;11780
08:43:43;665;897;665;;11904
08:43:44;665;898;665;;11820
08:43:44;665;898;665;;11808
08:43:45;665;898;665;;11780
08:43:45;665;898;665;;11756
08:43:46;665;898;665;;11808
08:43:46;665;898;665;;11832
08:43:47;665;899;665;;11780
08:43:47;665;899;665;;11848
08:43:48;665;899;666;;11780
08:43:48;665;899;666;;11784
08:43:49;665;898;665;;11880
08:43:49;665;898;665;;11784
08:43:50;665;897;665;;11856
08:43:50;665;897;665;;11908
08:43:51;665;897;665;;11900
08:43:51;665;897;665;;11844
08:43:52;665;897;665;;11804
08:43:52;665;897;665;;11784
08:43:53;665;898;665;;11808
08:43:53;665;898;665;;11952
08:43:54;665;898;665;;11840
08:43:54;665;898;665;;11804
08:43:55;665;898;665;;11780
08:43:55;665;898;665;;10956
08:43:56;665;898;665;;11856
08:43:56;665;898;665;;11128
08:43:57;665;897;665;;11080
08:43:58;665;899;665;;11804
08:43:58;665;899;665;;11808
08:43:59;665;899;665;;11844
08:43:59;665;899;665;;10908
08:44:00;665;899;665;;11804
08:44:00;665;899;665;;11756
08:44:01;666;900;666;;11804
08:44:01;666;900;666;;11784
08:44:02;666;901;666;;11784
08:44:02;666;901;666;;11804
08:44:03;666;900;666;;11864
08:44:03;666;900;666;;11804
08:44:04;665;899;665;;11852
08:44:04;665;899;665;;11952
08:44:05;665;899;665;;11780
08:44:05;665;899;665;;11780
08:44:06;665;899;665;;11836
08:44:06;665;899;665;;11904
08:44:07;665;897;665;;11784
08:44:07;665;897;665;;11804
08:44:08;665;899;665;;11756
08:44:08;665;899;665;;11952
08:44:09;665;899;665;;11928
08:44:09;665;899;665;;11856
08:44:10;665;899;665;;11852
08:44:10;665;899;665;;11780
08:44:11;665;896;665;;11804
08:44:11;665;896;665;;11832
08:44:12;665;898;665;;11808
08:44:12;665;898;665;;11804
08:44:13;665;898;665;;11928
08:44:13;665;898;665;;11880
08:44:14;665;896;665;;11812
08:44:14;665;896;665;;11780
08:44:15;665;897;665;;11760
08:44:15;665;897;665;;11836
08:44:16;665;896;665;;11804
08:44:16;665;896;665;;11756
08:44:17;665;897;665;;11808
08:44:17;665;897;665;;11880
08:44:18;665;897;665;;11848
08:44:18;665;897;665;;11808
08:44:19;665;896;665;;11804
08:44:19;665;896;665;;11828
08:44:20;665;897;665;;11928
08:44:20;665;897;665;;11804
08:44:21;665;897;665;;11808
08:44:21;665;897;665;;11876
08:44:22;664;895;664;;11860
08:44:22;664;895;664;;11880
08:44:23;664;896;665;;11756
08:44:23;664;896;665;;11076
08:44:24;664;895;665;;11976
08:44:24;664;895;665;;11928
08:44:25;665;897;665;;11904
08:44:26;665;897;665;;11856
08:44:26;665;897;665;;11848
08:44:27;665;896;665;;11828
08:44:27;665;896;665;;11756
08:44:28;665;897;665;;11932
08:44:28;665;897;665;;12004
08:44:29;665;897;665;;11808
08:44:29;665;897;665;;11976
08:44:30;665;896;665;;11904
08:44:30;665;896;665;;11808
08:44:31;665;896;665;;11904
08:44:31;665;896;665;;11856
08:44:32;665;897;665;;11880
08:44:32;665;897;665;;10900
08:44:33;665;897;665;;11752
08:44:33;665;897;665;;11832
08:44:34;665;898;665;;11804
08:44:34;665;898;665;;11804
08:44:35;665;899;665;;11808
08:44:35;665;899;665;;11780
08:44:36;665;899;665;;11756
08:44:36;665;899;665;;11808
08:44:37;665;899;665;;11808
08:44:37;665;899;665;;11784
08:44:38;665;898;665;;11804
08:44:38;665;898;665;;11752
08:44:39;665;899;665;;11828
08:44:39;665;899;665;;11784
08:44:40;665;899;665;;11780
08:44:40;665;899;665;;11884
08:44:41;665;898;665;;11756
08:44:41;665;898;665;;11804
08:44:42;665;898;665;;11756
08:44:42;665;898;665;;11928
08:44:43;665;898;665;;11844
08:44:43;665;898;665;;11728
08:44:44;665;898;665;;11804
08:44:44;665;898;665;;11928
08:44:45;665;899;665;;11752
08:44:45;665;899;665;;11852
08:44:46;665;899;665;;11784
08:44:46;665;899;665;;11808
08:44:47;665;899;665;;11780
08:44:47;665;899;665;;11928
08:44:48;665;899;665;;11756
08:44:48;665;899;665;;11780
08:44:49;665;898;665;;11784
08:44:49;665;898;665;;11752
08:44:50;665;899;665;;11780
08:44:50;665;899;665;;11904
08:44:51;665;897;665;;10908
08:44:51;665;897;665;;11832
08:44:52;665;896;665;;11752
08:44:52;665;896;665;;11856
08:44:53;665;897;665;;11756
08:44:54;665;898;665;;11804
08:44:54;665;898;665;;11832
08:44:55;665;899;665;;11808
08:44:55;665;899;665;;12124
08:44:56;665;899;665;;11828
08:44:56;665;899;665;;11808
08:44:57;665;899;665;;11808
08:44:57;665;899;665;;11908
08:44:58;665;899;665;;11808
08:44:58;665;899;665;;11840
08:44:59;665;900;665;;11776
08:44:59;665;900;665;;11804
08:45:00;665;899;665;;11828
08:45:00;665;899;665;;11832
08:45:01;665;899;665;;11804
08:45:01;665;899;665;;11808
08:45:02;664;894;664;;11876
08:45:02;664;894;664;;12100
08:45:03;663;892;664;;11756
08:45:03;663;892;664;;11952
08:45:04;665;900;666;;11824
08:45:04;665;900;666;;11948
08:45:05;666;901;666;;11852
08:45:05;666;901;666;;11856
08:45:06;666;901;666;;11780
08:45:06;666;901;666;;11828
08:45:07;666;900;666;;11752
08:45:07;666;900;666;;11952
08:45:08;666;901;666;;11928
08:45:08;666;901;666;;11780
08:45:09;666;900;666;;11836
08:45:09;666;900;666;;11776
08:45:10;666;900;666;;11876
08:45:10;666;900;666;;11800
08:45:11;666;902;666;;11904
08:45:11;666;902;666;;11804
08:45:12;666;900;666;;11844
08:45:12;666;900;666;;11752
08:45:13;666;901;666;;11804
08:45:13;666;901;666;;11804
08:45:14;666;901;666;;11924
08:45:14;666;901;666;;11780
08:45:15;666;901;666;;11776
08:45:15;666;901;666;;11780
08:45:16;666;902;666;;12000
08:45:16;666;902;666;;11804
08:45:17;665;900;665;;11856
08:45:17;665;900;665;;11784
08:45:18;665;899;665;;11900
08:45:18;665;899;665;;11828
08:45:19;665;898;665;;11856
08:45:19;665;898;665;;11880
08:45:20;665;899;665;;11832
08:45:20;665;899;665;;11804
08:45:21;665;899;665;;11804
08:45:22;665;897;665;;11860
08:45:22;665;897;665;;12000
08:45:23;665;897;665;;11904
08:45:23;665;897;665;;11804
08:45:24;665;896;665;;12000
08:45:24;665;896;665;;11976
08:45:25;664;896;664;;12024
08:45:25;664;896;664;;11956
08:45:26;665;897;665;;11952
08:45:26;665;897;665;;11776
08:45:27;665;898;665;;11804
08:45:27;665;898;665;;11828
08:45:28;665;899;665;;11976
08:45:28;665;899;665;;10924
08:45:29;665;898;665;;11804
08:45:29;665;898;665;;11876
08:45:30;665;899;665;;11828
08:45:30;665;899;665;;12196
08:45:31;665;900;666;;11880
08:45:31;665;900;666;;11924
08:45:32;665;899;665;;11844
08:45:32;665;899;665;;11856
08:45:33;666;900;666;;11824
08:45:33;666;900;666;;11804
08:45:34;666;900;666;;11884
08:45:34;666;900;666;;11780
08:45:35;665;899;665;;11800
08:45:35;665;899;665;;11832
08:45:36;666;900;666;;11780
08:45:36;666;900;666;;11780
08:45:37;665;900;666;;11828
08:45:37;665;900;666;;11900
08:45:38;666;903;666;;11836
08:45:38;666;903;666;;11856
08:45:39;666;902;666;;11756
08:45:39;666;902;666;;11780
08:45:40;666;903;666;;11780
08:45:40;666;903;666;;11808
08:45:41;664;891;663;;11876
08:45:41;664;891;663;;11756
08:45:42;662;887;662;;11756
08:45:42;662;887;662;;11824
08:45:43;662;887;662;;11808
08:45:43;662;887;662;;11804
08:45:44;663;888;663;;11880
08:45:44;663;888;663;;11804
08:45:45;663;889;663;;11752
08:45:45;663;889;663;;11124
08:45:46;663;890;663;;11800
08:45:46;663;890;663;;11900
08:45:47;663;890;663;;11876
08:45:47;663;890;663;;11784
08:45:48;663;891;663;;11756
08:45:48;663;891;663;;11856
08:45:49;664;893;664;;11836
08:45:50;664;893;664;;11804
08:45:50;664;893;664;;11908
08:45:51;664;894;664;;12008
08:45:51;664;894;664;;11780
08:45:52;664;894;664;;11804
08:45:52;664;894;664;;11856
08:45:53;664;895;664;;11844
08:45:53;664;895;664;;11780
08:45:54;665;896;665;;11804
08:45:54;665;896;665;;11904
08:45:55;665;897;665;;11804
08:45:55;665;897;665;;10980
08:45:56;665;897;665;;11832
08:45:56;665;897;665;;11804
08:45:57;665;897;665;;11828
08:45:57;665;897;665;;11756
08:45:58;665;898;665;;11780
08:45:58;665;898;665;;11808
08:45:59;665;899;665;;11756
08:45:59;665;899;665;;11784
08:46:00;665;899;665;;11832
08:46:00;665;899;665;;11808
08:46:01;665;899;665;;11780
08:46:01;665;899;665;;11784
08:46:02;665;899;665;;11808
08:46:02;665;899;665;;11880
08:46:03;665;898;665;;11780
08:46:03;665;898;665;;10976
08:46:04;665;899;665;;11804
08:46:04;665;899;665;;11028
08:46:05;665;899;665;;10976
08:46:05;665;899;665;;10876
08:46:06;665;898;665;;11780
08:46:06;665;898;665;;11076
08:46:07;665;900;665;;11808
08:46:07;665;900;665;;11756
08:46:08;665;899;665;;11756
08:46:08;665;899;665;;11856
08:46:09;665;898;665;;11808
08:46:09;665;898;665;;11808
08:46:10;665;900;665;;11784
08:46:10;665;900;665;;11804
08:46:11;665;900;665;;11880
08:46:11;665;900;665;;10904
08:46:12;666;901;666;;11804
08:46:12;666;901;666;;11804
08:46:13;666;900;666;;11804
08:46:13;666;900;666;;11804
08:46:14;666;901;666;;11780
08:46:14;666;901;666;;12004
08:46:15;665;899;665;;11932
08:46:15;665;899;665;;11880
08:46:16;664;895;664;;11900
08:46:16;664;895;664;;11752
08:46:17;663;889;663;;11780
08:46:18;663;889;663;;11760
08:46:18;663;889;663;;11804
08:46:19;662;887;662;;11784
08:46:19;662;887;662;;11756
08:46:20;662;886;662;;11804
08:46:20;662;886;662;;11840
08:46:21;662;885;662;;11808
08:46:21;662;885;662;;11784
08:46:22;662;886;662;;11780
08:46:22;662;886;662;;11932
08:46:23;661;884;662;;11828
08:46:23;661;884;662;;11836
08:46:24;662;885;662;;11844
08:46:24;662;885;662;;11876
08:46:25;661;881;661;;11784
08:46:25;661;881;661;;11808
08:46:26;661;882;661;;11780
08:46:26;661;882;661;;11856
08:46:27;661;882;661;;11832
08:46:27;661;882;661;;11784
08:46:28;660;879;660;;11736
08:46:28;660;879;660;;11780
08:46:29;660;879;660;;12052
08:46:29;660;879;660;;11804
08:46:30;660;879;660;;11780
08:46:30;660;879;660;;11804
08:46:31;661;880;661;;11976
08:46:31;661;880;661;;10904
08:46:32;661;881;661;;11828
08:46:32;661;881;661;;11852
08:46:33;661;882;661;;11832
08:46:33;661;882;661;;11800
08:46:34;661;882;661;;11828
08:46:34;661;882;661;;12024
08:46:35;661;881;661;;11804
08:46:35;661;881;661;;11804
08:46:36;661;883;661;;11780
08:46:36;661;883;661;;11804
08:46:37;662;884;662;;12000
08:46:37;662;884;662;;11844
08:46:38;662;885;662;;11844
08:46:38;662;885;662;;11800
08:46:39;661;884;661;;11828
08:46:39;661;884;661;;11904
08:46:40;662;886;662;;11884
08:46:40;662;886;662;;11780
08:46:41;662;888;662;;11780
08:46:41;662;888;662;;11804
08:46:42;663;888;663;;11808
08:46:42;663;888;663;;12000
08:46:43;663;889;663;;12028
08:46:43;663;889;663;;10952
08:46:44;663;889;663;;11832
08:46:44;663;889;663;;11804
08:46:45;663;890;663;;11828
08:46:45;663;890;663;;11756
08:46:46;663;890;663;;11948
08:46:47;663;891;663;;11800
08:46:47;663;891;663;;11780
08:46:48;663;891;663;;11780
08:46:48;663;891;663;;11904
08:46:49;663;892;664;;11808
08:46:49;663;892;664;;11844
08:46:50;663;890;663;;11904
08:46:50;663;890;663;;12100
08:46:51;663;890;663;;11752
08:46:51;663;890;663;;11856
08:46:52;663;889;663;;11844
08:46:52;663;889;663;;11856
08:46:53;663;890;663;;11752
08:46:53;663;890;663;;11804
08:46:54;663;890;663;;11844
08:46:54;663;890;663;;11832
08:46:55;663;892;663;;11808
08:46:55;663;892;663;;11804
08:46:56;663;891;663;;11804
08:46:56;663;891;663;;11804
08:46:57;664;893;664;;11828
08:46:57;664;893;664;;11932
08:46:58;663;892;663;;11804
08:46:58;663;892;663;;11844
08:46:59;664;893;664;;11780
08:46:59;664;893;664;;11780
08:47:00;664;893;664;;11780
08:47:00;664;893;664;;12024
08:47:01;664;895;664;;11804
08:47:01;664;895;664;;11880
08:47:02;664;894;664;;11804
08:47:02;664;894;664;;11780
08:47:03;664;895;664;;11928
08:47:03;664;895;664;;11864
08:47:04;664;893;664;;11828
08:47:04;664;893;664;;11736
08:47:05;664;896;665;;11832
08:47:05;664;896;665;;11880
08:47:06;664;896;665;;11804
08:47:06;664;896;665;;11780
08:47:07;664;896;664;;11784
08:47:07;664;896;664;;10980
08:47:08;664;895;664;;11804
08:47:08;664;895;664;;12004
08:47:09;664;896;664;;11848
08:47:09;664;896;664;;11856
08:47:10;665;897;665;;11880
08:47:10;665;897;665;;12072
08:47:11;665;898;665;;11756
08:47:11;665;898;665;;11804
08:47:12;665;898;665;;12076
08:47:12;665;898;665;;10956
08:47:13;665;900;665;;11880
08:47:13;665;900;665;;11876
08:47:14;665;900;665;;11900
08:47:15;665;900;665;;11808
08:47:15;665;900;665;;11832
08:47:16;665;900;666;;11808
08:47:16;665;900;666;;11880
08:47:17;665;900;665;;11756
08:47:17;665;900;665;;11784
08:47:18;666;901;666;;11784
08:47:18;666;901;666;;11704
08:47:19;666;901;666;;11828
08:47:19;666;901;666;;11100
08:47:20;666;902;666;;11756
08:47:20;666;902;666;;11880
08:47:21;666;902;666;;11780
08:47:21;666;902;666;;11784
08:47:22;666;901;666;;11856
08:47:22;666;901;666;;11856
08:47:23;665;900;666;;11752
08:47:23;665;900;666;;11776
08:47:24;665;901;666;;11804
08:47:24;665;901;666;;11844
08:47:25;666;902;666;;12024
08:47:25;666;902;666;;11944
08:47:26;666;901;666;;11804
08:47:26;666;901;666;;11848
08:47:27;666;902;666;;11844
08:47:27;666;902;666;;11828
08:47:28;666;901;666;;11904
08:47:28;666;901;666;;11876
08:47:29;666;901;666;;11804
08:47:29;666;901;666;;11828
08:47:30;666;901;666;;11784
08:47:30;666;901;666;;11856
08:47:31;666;903;666;;10980
08:47:31;666;903;666;;11780
08:47:32;666;904;666;;11928
08:47:32;666;904;666;;11804
08:47:33;666;902;666;;11952
08:47:33;666;902;666;;11844
08:47:34;666;904;666;;11752
08:47:34;666;904;666;;11776
08:47:35;666;902;666;;11780
08:47:35;666;902;666;;11828
08:47:36;666;903;666;;11804
08:47:36;666;903;666;;11860
08:47:37;666;904;666;;11780
08:47:37;666;904;666;;12072
08:47:38;666;903;666;;11976
08:47:38;666;903;666;;10904
08:47:39;666;904;666;;11852
08:47:39;666;904;666;;11804
08:47:40;666;904;666;;11976
08:47:40;666;904;666;;10904
08:47:41;666;902;666;;11804
08:47:41;666;902;666;;11828
08:47:42;666;902;666;;10904
08:47:43;666;902;666;;11756
08:47:43;666;902;666;;11828
08:47:44;666;904;666;;10908
08:47:44;666;904;666;;11880
08:47:45;667;905;667;;11828
08:47:45;667;905;667;;11780
08:47:46;667;905;667;;11952
08:47:46;667;905;667;;11844
08:47:47;667;905;667;;11804
08:47:47;667;905;667;;11804
08:47:48;667;906;667;;11928
08:47:48;667;906;667;;11052
08:47:49;667;905;667;;11840
08:47:49;667;905;667;;11904
08:47:50;666;903;666;;11904
08:47:50;666;903;666;;11780
08:47:51;666;903;666;;11780
08:47:51;666;903;666;;12004
08:47:52;666;905;666;;11072
08:47:52;666;905;666;;11780
08:47:53;666;902;666;;11880
08:47:53;666;902;666;;11828
08:47:54;666;904;666;;12176
08:47:54;666;904;666;;11876
08:47:55;667;905;667;;11924
08:47:55;667;905;667;;11924
08:47:56;667;905;667;;12028
08:47:56;667;905;667;;11832
08:47:57;667;907;667;;11880
08:47:57;667;907;667;;11884
08:47:58;667;908;667;;11784
08:47:58;667;908;667;;11948
08:47:59;667;908;667;;11828
08:47:59;667;908;667;;11776
08:48:00;667;907;667;;11908
08:48:00;667;907;667;;11948
08:48:01;667;907;667;;11004
08:48:01;667;907;667;;11060
08:48:02;667;908;667;;11004
08:48:02;667;908;667;;11752
08:48:03;667;906;667;;11856
08:48:03;667;906;667;;11980
08:48:04;667;907;667;;11976
08:48:04;667;907;667;;11824
08:48:05;667;908;667;;11880
08:48:05;667;908;667;;12000
08:48:06;667;908;667;;11804
08:48:06;667;908;667;;11852
08:48:07;667;907;667;;11780
08:48:07;667;907;667;;11880
08:48:08;667;906;667;;11832
08:48:08;667;906;667;;11828
08:48:09;667;908;667;;11852
08:48:09;667;908;667;;11808
08:48:10;667;908;667;;11808
08:48:11;668;909;668;;10928
08:48:11;668;909;668;;11900
08:48:12;667;909;667;;11852
08:48:12;667;909;667;;11904
08:48:13;667;907;667;;11780
08:48:13;667;907;667;;11976
08:48:14;667;907;667;;11904
08:48:14;667;907;667;;11752
08:48:15;668;909;668;;12024
08:48:15;668;909;668;;12096
08:48:16;668;910;668;;11776
08:48:16;668;910;668;;11804
08:48:17;667;908;667;;11832
08:48:17;667;908;667;;11728
08:48:18;667;908;667;;11756
08:48:18;667;908;667;;11952
08:48:19;667;909;667;;11752
08:48:19;667;909;667;;11848
08:48:20;668;909;668;;11904
08:48:20;668;909;668;;11828
08:48:21;668;910;668;;10952
08:48:21;668;910;668;;11780
08:48:22;668;910;668;;11828
08:48:22;668;910;668;;11076
08:48:23;668;910;668;;11844
08:48:23;668;910;668;;11856
08:48:24;668;909;668;;11776
08:48:24;668;909;668;;11756
08:48:25;668;909;668;;11852
08:48:25;668;909;668;;11808
08:48:26;667;908;667;;11804
08:48:26;667;908;667;;11780
08:48:27;668;909;668;;11904
08:48:27;668;909;668;;11780
08:48:28;668;910;668;;11780
08:48:28;668;910;668;;11804
08:48:29;667;909;668;;12124
08:48:29;667;909;668;;11804
08:48:30;667;907;667;;11852
08:48:30;667;907;667;;11028
08:48:31;666;904;666;;11752
08:48:31;666;904;666;;12052
08:48:32;666;905;666;;11800
08:48:32;666;905;666;;11852
08:48:33;667;906;667;;11776
08:48:33;667;906;667;;11780
08:48:34;667;908;667;;11900
08:48:34;667;908;667;;11800
08:48:35;667;905;667;;11804
08:48:35;667;905;667;;11844
08:48:36;667;906;667;;11780
08:48:36;667;906;667;;11780
08:48:37;667;906;667;;11776
08:48:37;667;906;667;;11780
08:48:38;667;909;668;;11828
08:48:39;668;910;668;;11752
08:48:39;668;910;668;;11928
08:48:40;668;910;668;;11780
08:48:40;668;910;668;;11880
08:48:41;668;909;668;;11904
08:48:41;668;909;668;;11808
08:48:42;668;909;668;;11812
08:48:42;668;909;668;;11780
08:48:43;668;910;668;;11832
08:48:43;668;910;668;;11780
08:48:44;668;910;668;;11856
08:48:44;668;910;668;;11848
08:48:45;668;912;668;;11776
08:48:45;668;912;668;;10880
08:48:46;668;913;668;;11076
08:48:46;668;913;668;;11752
08:48:47;669;913;669;;11884
08:48:47;669;913;669;;11904
08:48:48;668;910;668;;11876
08:48:48;668;910;668;;11760
08:48:49;668;911;668;;11844
08:48:49;668;911;668;;11804
08:48:50;668;913;668;;11752
08:48:50;668;913;668;;11784
08:48:51;668;912;668;;11844
08:48:51;668;912;668;;11780
08:48:52;668;913;668;;11780
08:48:52;668;913;668;;11804
08:48:53;668;912;668;;11804
08:48:53;668;912;668;;12172
08:48:54;669;914;669;;11900
08:48:54;669;914;669;;13220
08:48:55;668;913;668;;11852
08:48:55;668;913;668;;11752
08:48:56;668;913;668;;11880
08:48:56;668;913;668;;11832
08:48:57;668;912;668;;11804
08:48:57;668;912;668;;11776
08:48:58;668;911;668;;11852
08:48:58;668;911;668;;11808
08:48:59;668;912;668;;11828
08:48:59;668;912;668;;11840
08:49:00;668;913;668;;11856
08:49:00;668;913;668;;11776
08:49:01;668;912;668;;11756
08:49:01;668;912;668;;11856
08:49:02;668;913;668;;11784
08:49:02;668;913;668;;11752
08:49:03;668;913;668;;11856
08:49:03;668;913;668;;11804
08:49:04;668;912;668;;11924
08:49:04;668;912;668;;11804
08:49:05;668;912;668;;11756
08:49:05;668;912;668;;11800
08:49:06;668;913;669;;11780
08:49:07;668;913;668;;11948
08:49:07;668;913;668;;11760
08:49:08;668;911;668;;11780
08:49:08;668;911;668;;11780
08:49:09;668;909;668;;11780
08:49:09;668;909;668;;11780
08:49:10;667;909;667;;11800
08:49:10;667;909;667;;11776
08:49:11;668;910;668;;11856
08:49:11;668;910;668;;11752
08:49:12;668;911;668;;11752
08:49:12;668;911;668;;11852
08:49:13;668;910;668;;11876
08:49:13;668;910;668;;11828
08:49:14;668;910;668;;11952
08:49:14;668;910;668;;12100
08:49:15;667;909;667;;11924
08:49:15;667;909;667;;11848
08:49:16;667;909;667;;11752
08:49:16;667;909;667;;11852
08:49:17;667;908;667;;11804
08:49:17;667;908;667;;11804
08:49:18;667;908;667;;11100
08:49:18;667;908;667;;12144
08:49:19;667;907;667;;11804
08:49:19;667;907;667;;11776
08:49:20;667;908;667;;11804
08:49:20;667;908;667;;10996
08:49:21;667;908;667;;11856
08:49:21;667;908;667;;11832
08:49:22;667;909;667;;10976
08:49:22;667;909;667;;11876
08:49:23;668;910;668;;11804
08:49:23;668;910;668;;11808
08:49:24;667;909;668;;11804
08:49:24;667;909;668;;11780
08:49:25;668;910;668;;11780
08:49:25;668;910;668;;10980
08:49:26;668;911;668;;11780
08:49:26;668;911;668;;11780
08:49:27;668;911;668;;11764
08:49:27;668;911;668;;11828
08:49:28;668;910;668;;11808
08:49:28;668;910;668;;11876
08:49:29;668;910;668;;11876
08:49:29;668;910;668;;11776
08:49:30;668;911;668;;11752
08:49:30;668;911;668;;11004
08:49:31;668;912;668;;11888
08:49:31;668;912;668;;11844
08:49:32;668;912;668;;12176
08:49:32;668;912;668;;11972
08:49:33;668;910;668;;11876
08:49:33;668;910;668;;11804
08:49:34;668;910;668;;11924
08:49:35;667;909;667;;11876
08:49:35;667;909;667;;11000
08:49:36;668;910;668;;11804
08:49:36;668;910;668;;11776
08:49:37;668;912;668;;11808
08:49:37;668;912;668;;11804
08:49:38;668;913;668;;11804
08:49:38;668;913;668;;11776
08:49:39;669;913;669;;11880
08:49:39;669;913;669;;11856
08:49:40;668;913;668;;11848
08:49:40;668;913;668;;11880
08:49:41;669;914;669;;12200
08:49:41;669;914;669;;11804
08:49:42;669;914;669;;11832
08:49:42;669;914;669;;11880
08:49:43;669;914;669;;11880
08:49:43;669;914;669;;11852
08:49:44;668;912;668;;11864
08:49:44;668;912;668;;11876
08:49:45;669;915;669;;13220
08:49:45;669;915;669;;11780
08:49:46;669;915;669;;10960
08:49:46;669;915;669;;11804
08:49:47;669;915;669;;11844
08:49:47;669;915;669;;11784
08:49:48;669;914;669;;11928
08:49:48;669;914;669;;11804
08:49:49;669;915;669;;11804
08:49:49;669;915;669;;11776
08:49:50;669;914;669;;11832
08:49:50;669;914;669;;11848
08:49:51;669;914;669;;11776
08:49:51;669;914;669;;11784
08:49:52;669;915;669;;10976
08:49:52;669;915;669;;11800
08:49:53;669;915;669;;11776
08:49:53;669;915;669;;11800
08:49:54;669;915;669;;11832
08:49:54;669;915;669;;11776
08:49:55;669;915;669;;11780
08:49:55;669;915;669;;11740
08:49:56;669;914;669;;11836
08:49:56;669;914;669;;11780
08:49:57;668;912;668;;11832
08:49:57;668;912;668;;11856
08:49:58;669;916;669;;11852
08:49:58;669;916;669;;11824
08:49:59;669;916;669;;11844
08:49:59;669;916;669;;11752
08:50:00;669;914;669;;11776
08:50:00;669;914;669;;11880
08:50:01;668;913;668;;11804
08:50:01;668;913;668;;11780
08:50:02;668;913;668;;11780
08:50:02;668;913;668;;11804
08:50:03;669;914;669;;11776
08:50:04;669;914;669;;11904
08:50:04;669;914;669;;11800
08:50:05;669;915;669;;11856
08:50:05;669;915;669;;11828
08:50:06;669;915;669;;11876
08:50:06;669;915;669;;11780
08:50:07;669;915;669;;10980
08:50:07;669;915;669;;11804
08:50:08;669;915;669;;11780
08:50:08;669;915;669;;11904
08:50:09;669;916;669;;11752
08:50:09;669;916;669;;11856
08:50:10;668;909;667;;11844
08:50:10;668;909;667;;11780
08:50:11;667;908;667;;11872
08:50:11;667;908;667;;12076
08:50:12;667;909;667;;11780
08:50:12;667;909;667;;11852
08:50:13;668;912;668;;11876
08:50:13;668;912;668;;11752
08:50:14;668;914;669;;11880
08:50:14;668;914;669;;11860
08:50:15;669;914;669;;11804
08:50:15;669;914;669;;11828
08:50:16;669;915;669;;11800
08:50:16;669;915;669;;11804
08:50:17;669;916;669;;11804
08:50:17;669;916;669;;11928
08:50:18;668;913;668;;11804
08:50:18;668;913;668;;11804
08:50:19;668;912;668;;11828
08:50:19;668;912;668;;11808
08:50:20;668;911;668;;11804
08:50:20;668;911;668;;11976
08:50:21;668;912;668;;11900
08:50:21;668;912;668;;11900
08:50:22;667;906;667;;11928
08:50:22;667;906;667;;11908
08:50:23;667;907;667;;11004
08:50:23;667;907;667;;11880
08:50:24;667;909;667;;11776
08:50:24;667;909;667;;11776
08:50:25;667;909;667;;11776
08:50:25;667;909;667;;11780
08:50:26;668;910;668;;11784
08:50:26;668;910;668;;11780
08:50:27;668;911;668;;11804
08:50:27;668;911;668;;11756
08:50:28;668;912;668;;11880
08:50:28;668;912;668;;11776
08:50:29;668;912;668;;11804
08:50:29;668;912;668;;11804
08:50:30;668;912;668;;11804
08:50:30;668;912;668;;11800
08:50:31;668;913;668;;11808
08:50:32;668;912;668;;11828
08:50:32;668;912;668;;12000
08:50:33;668;911;668;;11780
08:50:33;668;911;668;;11844
08:50:34;668;911;668;;11780
08:50:34;668;911;668;;11808
08:50:35;668;913;668;;11756
08:50:35;668;913;668;;11780
08:50:36;668;913;668;;11804
08:50:36;668;913;668;;11756
08:50:37;668;912;668;;11876
08:50:37;668;912;668;;11804
08:50:38;668;911;668;;11780
08:50:38;668;911;668;;11828
08:50:39;666;904;666;;11904
08:50:39;666;904;666;;11828
08:50:40;666;903;666;;11988
08:50:40;666;903;666;;11780
08:50:41;666;905;666;;11784
08:50:41;666;905;666;;11804
08:50:42;666;904;666;;11804
08:50:42;666;904;666;;11780
08:50:43;666;905;666;;11856
08:50:43;666;905;666;;11972
08:50:44;667;907;667;;11804
08:50:44;667;907;667;;11780
08:50:45;667;908;667;;11876
08:50:45;667;908;667;;11948
08:50:46;667;908;667;;11780
08:50:46;667;908;667;;11836
08:50:47;667;908;667;;11828
08:50:47;667;908;667;;11852
08:50:48;667;908;667;;11804
08:50:48;667;908;667;;11780
08:50:49;667;909;667;;11828
08:50:49;667;909;667;;11732
08:50:50;667;909;667;;11780
08:50:50;667;909;667;;11756
08:50:51;667;907;667;;11780
08:50:51;667;907;667;;11780
08:50:52;667;907;667;;12100
08:50:52;667;907;667;;11948
08:50:53;667;906;667;;11752
08:50:53;667;906;667;;11904
08:50:54;667;907;667;;11776
08:50:54;667;907;667;;11996
08:50:55;667;908;667;;11752
08:50:55;667;908;667;;12000
08:50:56;667;907;667;;11864
08:50:56;667;907;667;;11780
08:50:57;667;907;667;;11804
08:50:57;667;907;667;;11728
08:50:58;667;907;667;;11780
08:50:58;667;907;667;;11728
08:50:59;668;909;668;;11880
08:51:00;667;908;667;;11804
08:51:00;667;908;667;;11836
08:51:01;668;910;668;;11728
08:51:01;668;910;668;;11752
08:51:02;667;909;667;;11780
08:51:02;667;909;667;;11756
08:51:03;667;908;667;;11880
08:51:03;667;908;667;;12120
08:51:04;667;907;667;;11928
08:51:04;667;907;667;;12044
08:51:05;667;908;667;;11804
08:51:05;667;908;667;;11804
08:51:06;667;907;667;;11780
08:51:06;667;907;667;;11804
08:51:07;667;908;667;;11900
08:51:07;667;908;667;;11844
08:51:08;667;909;667;;11784
08:51:08;667;909;667;;11880
08:51:09;668;910;668;;11800
08:51:09;668;910;668;;11780
08:51:10;667;909;667;;11804
08:51:10;667;909;667;;11844
08:51:11;668;911;668;;11756
08:51:11;668;911;668;;11776
08:51:12;668;910;668;;12100
08:51:12;668;910;668;;11844
08:51:13;668;911;668;;11808
08:51:13;668;911;668;;11800
08:51:14;668;911;668;;11728
08:51:14;668;911;668;;11756
08:51:15;667;909;668;;11736
08:51:15;667;909;668;;11756
08:51:16;668;910;668;;11952
08:51:16;668;910;668;;11836
08:51:17;668;910;668;;11808
08:51:17;668;910;668;;11976
08:51:18;667;909;667;;11804
08:51:18;667;909;667;;11836
08:51:19;667;909;667;;11728
08:51:19;667;909;667;;11780
08:51:20;668;910;668;;11828
08:51:20;668;910;668;;11852
08:51:21;667;909;667;;11804
08:51:21;667;909;667;;11888
08:51:22;668;910;668;;11880
08:51:22;668;910;668;;11832
08:51:23;668;910;668;;11808
08:51:23;668;910;668;;11756
08:51:24;668;909;668;;11980
08:51:24;668;909;668;;11832
08:51:25;667;909;667;;11780
08:51:25;667;909;667;;11756
08:51:26;667;909;667;;11752
08:51:26;667;909;667;;11776
08:51:27;668;909;668;;11844
08:51:28;667;909;667;;11828
08:51:28;667;909;667;;11924
08:51:29;667;909;667;;11808
08:51:29;667;909;667;;11844
08:51:30;668;910;668;;11780
08:51:30;668;910;668;;11728
08:51:31;668;909;667;;11752
08:51:31;668;909;667;;11804
08:51:32;668;910;668;;11924
08:51:32;668;910;668;;10980
08:51:33;668;911;668;;10956
08:51:33;668;911;668;;11808
08:51:34;667;906;667;;11064
08:51:34;667;906;667;;12076
08:51:35;667;909;667;;11804
08:51:35;667;909;667;;11856
08:51:36;668;911;668;;11804
08:51:36;668;911;668;;11804
08:51:37;668;911;668;;11736
08:51:37;668;911;668;;11856
08:51:38;668;910;668;;11804
08:51:38;668;910;668;;11804
08:51:39;668;911;668;;11800
08:51:39;668;911;668;;11804
08:51:40;668;910;668;;11832
08:51:40;668;910;668;;11808
08:51:41;667;909;667;;12052
08:51:41;667;909;667;;11880
08:51:42;668;911;668;;11780
08:51:42;668;911;668;;11804
08:51:43;668;910;668;;11780
08:51:43;668;910;668;;11776
08:51:44;668;912;668;;11752
08:51:44;668;912;668;;11900
08:51:45;668;912;668;;11752
08:51:45;668;912;668;;11844
08:51:46;668;912;668;;11756
08:51:46;668;912;668;;12048
08:51:47;668;911;668;;11876
08:51:47;668;911;668;;11876
08:51:48;668;912;668;;11808
08:51:48;668;912;668;;11780
08:51:49;668;913;668;;11776
08:51:49;668;913;668;;11844
08:51:50;668;914;668;;11804
08:51:50;668;914;668;;11928
08:51:51;668;913;668;;11780
08:51:51;668;913;668;;11804
08:51:52;668;913;668;;11780
08:51:52;668;913;668;;11804
08:51:53;668;913;668;;11780
08:51:53;668;913;668;;11752
08:51:54;668;914;668;;11752
08:51:54;668;914;668;;10928
08:51:55;668;911;668;;11928
08:51:56;668;912;668;;12172
08:51:56;668;912;668;;12024
08:51:57;668;913;668;;11924
08:51:57;668;913;668;;11832
08:51:58;668;914;669;;11776
08:51:58;668;914;669;;11840
08:51:59;668;911;668;;11804
08:51:59;668;911;668;;12048
08:52:00;668;913;668;;11780
08:52:00;668;913;668;;11924
08:52:01;668;911;668;;11804
08:52:01;668;911;668;;11776
08:52:02;668;913;668;;11756
08:52:02;668;913;668;;11856
08:52:03;668;913;668;;11756
08:52:03;668;913;668;;12004
08:52:04;668;912;668;;11856
08:52:04;668;912;668;;11752
08:52:05;668;911;668;;11804
08:52:05;668;911;668;;11976
08:52:06;668;913;668;;11780
08:52:06;668;913;668;;11776
08:52:07;668;913;668;;11732
08:52:07;668;913;668;;11828
08:52:08;669;914;668;;11728
08:52:08;669;914;668;;11800
08:52:09;668;911;668;;11776
08:52:09;668;911;668;;11800
08:52:10;668;912;668;;11808
08:52:10;668;912;668;;11808
08:52:11;668;911;668;;11952
08:52:11;668;911;668;;11976
08:52:12;668;912;668;;11900
08:52:12;668;912;668;;11828
08:52:13;668;912;668;;12024
08:52:13;668;912;668;;11976
08:52:14;668;912;668;;11876
08:52:14;668;912;668;;11776
08:52:15;668;913;668;;11804
08:52:15;668;913;668;;11804
08:52:16;668;913;668;;11776
08:52:16;668;913;668;;11828
08:52:17;668;912;668;;11804
08:52:17;668;912;668;;12000
08:52:18;668;913;668;;10908
08:52:18;668;913;668;;11836
08:52:19;668;913;668;;11876
08:52:19;668;913;668;;11808
08:52:20;668;914;668;;11832
08:52:20;668;914;668;;11952
08:52:21;668;913;668;;11776
08:52:21;668;913;668;;10980
08:52:22;668;913;668;;11804
08:52:22;668;913;668;;11804
08:52:23;668;913;668;;11876
08:52:24;668;913;668;;11948
08:52:24;668;913;668;;11876
08:52:25;668;913;668;;11900
08:52:25;668;913;668;;11880
08:52:26;668;913;668;;11976
08:52:26;668;913;668;;11848
08:52:27;668;913;668;;11808
08:52:27;668;913;668;;11804
08:52:28;668;914;669;;12000
08:52:28;668;914;669;;12072
08:52:29;668;914;668;;11752
08:52:29;668;914;668;;11876
08:52:30;668;914;668;;11984
08:52:30;668;914;668;;11804
08:52:31;668;914;669;;11844
08:52:31;668;914;669;;11052
08:52:32;669;914;669;;11852
08:52:32;669;914;669;;11840
08:52:33;669;915;669;;11804
08:52:33;669;915;669;;11800
08:52:34;668;913;668;;11808
08:52:34;668;913;668;;11780
08:52:35;667;908;667;;11856
08:52:35;667;908;667;;10980
08:52:36;667;908;667;;11776
08:52:36;667;908;667;;11880
08:52:37;668;912;668;;11804
08:52:37;668;912;668;;11100
08:52:38;668;910;668;;11776
08:52:38;668;910;668;;11880
08:52:39;667;906;667;;11900
08:52:39;667;906;667;;11780
08:52:40;667;907;667;;11752
08:52:40;667;907;667;;11804
08:52:41;667;908;667;;11800
08:52:41;667;908;667;;11900
08:52:42;668;910;668;;11780
08:52:42;668;910;668;;11756
08:52:43;668;912;668;;11800
08:52:43;668;912;668;;11780
08:52:44;668;912;668;;11852
08:52:44;668;912;668;;11780
08:52:45;668;911;668;;11840
08:52:45;668;911;668;;11800
08:52:46;668;914;668;;11900
08:52:46;668;914;668;;11852
08:52:47;668;914;668;;11900
08:52:47;668;914;668;;11852
08:52:48;668;913;668;;11876
08:52:48;668;913;668;;11808
08:52:49;669;915;669;;11780
08:52:49;669;915;669;;11804
08:52:50;669;915;669;;11028
08:52:50;669;915;669;;11828
08:52:51;669;916;669;;11884
08:52:52;669;915;669;;11776
08:52:52;669;915;669;;11808
08:52:53;669;916;669;;11904
08:52:53;669;916;669;;11776
08:52:54;669;915;669;;11856
08:52:54;669;915;669;;11904
08:52:55;668;914;669;;12096
08:52:55;668;914;669;;11996
08:52:56;669;914;668;;10956
08:52:56;669;914;668;;11972
08:52:57;669;914;669;;11780
08:52:57;669;914;669;;11804
08:52:58;669;914;669;;11776
08:52:58;669;914;669;;11828
08:52:59;669;914;669;;11936
08:52:59;669;914;669;;11752
08:53:00;669;914;669;;11900
08:53:00;669;914;669;;11776
08:53:01;668;911;668;;11804
08:53:01;668;911;668;;11752
08:53:02;668;911;668;;11756
08:53:02;668;911;668;;11972
08:53:03;668;912;668;;11924
08:53:03;668;912;668;;11832
08:53:04;669;914;669;;11780
08:53:04;669;914;669;;11756
08:53:05;669;915;669;;11840
08:53:05;669;915;669;;11752
08:53:06;669;914;669;;11876
08:53:06;669;914;669;;11800
08:53:07;669;914;669;;11852
08:53:07;669;914;669;;11776
08:53:08;669;915;669;;11756
08:53:08;669;915;669;;12000
08:53:09;669;917;669;;11824
08:53:09;669;917;669;;11828
08:53:10;669;917;669;;11848
08:53:10;669;917;669;;11784
08:53:11;669;917;669;;11804
08:53:11;669;917;669;;11880
08:53:12;669;917;669;;11840
08:53:12;669;917;669;;11752
08:53:13;669;917;669;;11780
08:53:13;669;917;669;;11756
08:53:14;669;916;669;;11780
08:53:14;669;916;669;;11804
08:53:15;669;917;669;;11780
08:53:15;669;917;669;;11880
08:53:16;669;917;669;;11928
08:53:16;669;917;669;;11780
08:53:17;669;916;669;;11852
08:53:17;669;916;669;;11804
08:53:18;669;917;669;;11832
08:53:18;669;917;669;;12100
08:53:19;669;917;669;;11804
08:53:20;669;917;669;;11780
08:53:20;669;917;669;;11800
08:53:21;669;917;669;;11836
08:53:21;669;917;669;;11776
08:53:22;669;917;669;;11856
08:53:22;669;917;669;;11776
08:53:23;669;917;669;;11752
08:53:23;669;917;669;;11752
08:53:24;669;916;669;;11880
08:53:24;669;916;669;;11828
08:53:25;668;913;668;;10980
08:53:25;668;913;668;;11104
08:53:26;668;911;668;;10952
08:53:26;668;911;668;;11900
08:53:27;668;911;668;;11780
08:53:27;668;911;668;;11776
08:53:28;668;911;668;;11848
08:53:28;668;911;668;;11780
08:53:29;668;912;668;;11828
08:53:29;668;912;668;;11880
08:53:30;668;911;668;;11804
08:53:30;668;911;668;;11808
08:53:31;668;910;668;;11824
08:53:31;668;910;668;;11780
08:53:32;668;912;668;;11780
08:53:32;668;912;668;;11752
08:53:33;668;913;668;;11800
08:53:33;668;913;668;;11100
08:53:34;668;912;668;;11824
08:53:34;668;912;668;;11924
08:53:35;668;913;668;;11948
08:53:35;668;913;668;;11852
08:53:36;667;910;668;;11900
08:53:36;667;910;668;;11756
08:53:37;669;917;669;;11724
08:53:37;669;917;669;;11860
08:53:38;669;917;669;;11780
08:53:38;669;917;669;;11776
08:53:39;669;918;669;;11732
08:53:39;669;918;669;;11804
08:53:40;669;918;669;;11780
08:53:40;669;918;669;;11808
08:53:41;670;919;670;;11828
08:53:41;670;919;670;;11832
08:53:42;670;920;670;;11804
08:53:42;670;920;670;;12048
08:53:43;670;918;669;;11828
08:53:43;670;918;669;;11804
08:53:44;669;918;669;;11780
08:53:44;669;918;669;;11804
08:53:45;670;919;670;;11852
08:53:45;670;919;670;;11808
08:53:46;670;918;669;;11780
08:53:46;670;918;669;;11804
08:53:47;668;910;667;;11900
08:53:48;667;908;667;;11948
08:53:48;667;908;667;;12224
08:53:49;667;910;668;;11904
08:53:49;667;910;668;;11780
08:53:50;668;914;668;;11752
08:53:50;668;914;668;;12076
08:53:51;669;914;669;;11856
08:53:51;669;914;669;;11832
08:53:52;668;914;669;;11928
08:53:52;668;914;669;;11752
08:53:53;668;913;668;;11800
08:53:53;668;913;668;;11800
08:53:54;668;913;668;;11076
08:53:54;668;913;668;;11780
08:53:55;669;916;669;;11052
08:53:55;669;916;669;;11776
08:53:56;669;916;669;;11924
08:53:56;669;916;669;;11852
08:53:57;669;916;669;;11808
08:53:57;669;916;669;;11900
08:53:58;669;916;669;;11876
08:53:58;669;916;669;;11928
08:53:59;669;916;669;;10948
08:53:59;669;916;669;;11872
08:54:00;669;915;669;;11752
08:54:00;669;915;669;;11828
08:54:01;669;917;669;;10996
08:54:01;669;917;669;;11844
08:54:02;670;918;670;;11776
08:54:02;670;918;670;;11800
08:54:03;670;918;670;;11852
08:54:03;670;918;670;;11780
08:54:04;670;919;670;;11752
08:54:04;670;919;670;;10976
08:54:05;670;919;670;;11804
08:54:05;670;919;670;;11828
08:54:06;670;919;670;;11804
08:54:06;670;919;670;;11804
08:54:07;670;918;669;;11776
08:54:07;670;918;669;;11800
08:54:08;670;918;670;;11900
08:54:08;670;918;670;;11876
08:54:09;669;918;670;;11780
08:54:09;669;918;670;;11832
08:54:10;670;920;670;;11976
08:54:10;670;920;670;;11904
08:54:11;670;920;670;;11836
08:54:11;670;920;670;;11800
08:54:12;670;920;670;;11948
08:54:12;670;920;670;;11880
08:54:13;670;920;670;;11804
08:54:13;670;920;670;;11808
08:54:14;670;920;670;;12196
08:54:14;670;920;670;;11776
08:54:15;670;920;670;;11880
08:54:16;670;920;670;;11828
08:54:16;670;920;670;;11876
08:54:17;670;920;670;;11776
08:54:17;670;920;670;;11756
08:54:18;669;918;670;;11828
08:54:18;669;918;670;;11852
08:54:19;669;917;669;;11728
08:54:19;669;917;669;;11904
08:54:20;670;919;670;;11836
08:54:20;670;919;670;;11808
08:54:21;670;920;670;;12052
08:54:21;670;920;670;;11776
08:54:22;670;920;670;;11852
08:54:22;670;920;670;;11876
08:54:23;670;920;670;;11852
08:54:23;670;920;670;;11876
08:54:24;670;920;670;;11752
08:54:24;670;920;670;;12192
08:54:25;670;921;670;;11832
08:54:25;670;921;670;;11752
08:54:26;670;921;670;;11852
08:54:26;670;921;670;;11880
08:54:27;670;919;670;;11876
08:54:27;670;919;670;;11756
08:54:28;669;916;669;;12092
08:54:28;669;916;669;;11800
08:54:29;669;917;669;;11808
08:54:29;669;917;669;;11776
08:54:30;670;920;670;;11804
08:54:30;670;920;670;;11756
08:54:31;670;919;670;;11804
08:54:31;670;919;670;;11996
08:54:32;670;920;670;;11856
08:54:32;670;920;670;;11924
08:54:33;670;919;670;;11776
08:54:33;670;919;670;;12044
08:54:34;670;918;669;;11840
08:54:34;670;918;669;;11900
08:54:35;670;920;670;;12220
08:54:35;670;920;670;;11896
08:54:36;670;919;670;;11948
08:54:36;670;919;670;;11752
08:54:37;669;918;669;;11000
08:54:37;669;918;669;;11924
08:54:38;669;918;669;;10924
08:54:38;669;918;669;;12020
08:54:39;669;919;670;;11976
08:54:39;669;919;670;;11776
08:54:40;669;918;669;;12020
08:54:40;669;918;669;;11900
08:54:41;669;917;669;;11800
08:54:41;669;917;669;;11828
08:54:42;669;917;669;;11928
08:54:42;669;917;669;;11776
08:54:43;669;916;669;;11824
08:54:44;669;915;669;;11996
08:54:44;669;915;669;;11800
08:54:45;669;915;669;;11852
08:54:45;669;915;669;;11876
08:54:46;669;915;669;;12076
08:54:46;669;915;669;;11804
08:54:47;669;915;669;;11804
08:54:47;669;915;669;;10972
08:54:48;669;915;669;;11876
08:54:48;669;915;669;;11880
08:54:49;669;916;669;;11748
08:54:49;669;916;669;;11948
08:54:50;669;916;669;;11776
08:54:50;669;916;669;;11776
08:54:51;669;916;669;;11828
08:54:51;669;916;669;;10976
08:54:52;669;915;669;;11804
08:54:52;669;915;669;;11924
08:54:53;669;914;669;;11832
08:54:53;669;914;669;;11804
08:54:54;669;915;669;;11000
08:54:54;669;915;669;;10976
08:54:55;669;916;669;;11776
08:54:55;669;916;669;;11880
08:54:56;669;916;669;;10980
08:54:56;669;916;669;;11780
08:54:57;669;915;669;;11800
08:54:57;669;915;669;;11800
08:54:58;669;915;669;;11856
08:54:58;669;915;669;;11900
08:54:59;669;915;669;;11996
08:54:59;669;915;669;;11872
08:55:00;669;915;669;;11800
08:55:00;669;915;669;;11796
08:55:01;669;915;669;;11860
08:55:01;669;915;669;;12000
08:55:02;669;916;669;;12000
08:55:02;669;916;669;;11804
08:55:03;669;915;669;;11752
08:55:03;669;915;669;;11836
08:55:04;668;911;668;;11800
08:55:04;668;911;668;;11840
08:55:05;669;914;669;;11832
08:55:05;669;914;669;;11852
08:55:06;669;916;669;;11924
08:55:06;669;916;669;;11780
08:55:07;669;915;669;;11756
08:55:07;669;915;669;;11776
08:55:08;669;914;669;;11852
08:55:08;669;914;669;;11780
08:55:09;668;913;668;;11852
08:55:09;668;913;668;;11976
08:55:10;668;911;668;;11852
08:55:10;668;911;668;;11876
08:55:11;668;913;668;;12072
08:55:12;668;912;668;;11948
08:55:12;668;912;668;;11824
08:55:13;668;912;668;;11852
08:55:13;668;912;668;;11876
08:55:14;668;913;668;;11924
08:55:14;668;913;668;;11804
08:55:15;668;912;668;;10976
08:55:15;668;912;668;;11760
08:55:16;668;913;668;;11856
08:55:16;668;913;668;;11872
08:55:17;668;913;668;;11800
08:55:17;668;913;668;;10880
08:55:18;668;913;668;;10980
08:55:18;668;913;668;;11856
08:55:19;668;913;668;;11804
08:55:19;668;913;668;;11800
08:55:20;668;914;668;;12072
08:55:20;668;914;668;;11772
08:55:21;669;914;669;;11876
08:55:21;669;914;669;;11852
08:55:22;669;915;669;;11776
08:55:22;669;915;669;;11752
08:55:23;668;914;668;;11024
08:55:23;668;914;668;;11776
08:55:24;669;914;668;;11872
08:55:24;669;914;668;;11828
08:55:25;668;914;668;;11896
08:55:25;668;914;668;;12048
08:55:26;668;913;668;;11852
08:55:26;668;913;668;;11924
08:55:27;668;913;668;;11880
08:55:27;668;913;668;;11872
08:55:28;668;913;668;;11804
08:55:28;668;913;668;;11840
08:55:29;668;914;669;;11876
08:55:29;668;914;669;;11824
08:55:30;669;914;669;;11800
08:55:30;669;914;669;;11776
08:55:31;668;914;669;;11776
08:55:31;668;914;669;;11752
08:55:32;668;913;668;;11752
08:55:32;668;913;668;;11776
08:55:33;668;911;668;;11804
08:55:33;668;911;668;;11776
08:55:34;669;915;669;;11776
08:55:34;669;915;669;;11844
08:55:35;669;914;669;;11804
08:55:35;669;914;669;;11948
08:55:36;669;915;669;;11856
08:55:36;669;915;669;;11828
08:55:37;668;913;668;;11800
08:55:37;668;913;668;;11796
08:55:38;668;914;668;;11848
08:55:38;668;914;668;;11904
08:55:39;668;912;668;;11844
08:55:40;668;912;668;;11848
08:55:40;668;912;668;;11780
08:55:41;668;913;668;;10876
08:55:41;668;913;668;;11776
08:55:42;668;913;668;;11728
08:55:42;668;913;668;;11844
08:55:43;668;914;668;;11844
08:55:43;668;914;668;;11852
08:55:44;668;914;669;;11844
08:55:44;668;914;669;;11756
08:55:45;668;912;668;;11776
08:55:45;668;912;668;;11000
08:55:46;668;910;668;;12024
08:55:46;668;910;668;;11780
08:55:47;668;910;667;;11776
08:55:47;668;910;667;;11928
08:55:48;668;910;668;;11828
08:55:48;668;910;668;;10972
08:55:49;667;910;668;;11924
08:55:49;667;910;668;;11952
08:55:50;668;912;668;;11884
08:55:50;668;912;668;;11848
08:55:51;668;913;668;;11800
08:55:51;668;913;668;;12196
08:55:52;668;913;668;;10976
08:55:52;668;913;668;;11752
08:55:53;668;913;668;;11824
08:55:53;668;913;668;;11804
08:55:54;668;913;668;;11828
08:55:54;668;913;668;;11852
08:55:55;668;913;668;;11856
08:55:55;668;913;668;;11804
08:55:56;668;913;668;;11828
08:55:56;668;913;668;;11860
08:55:57;667;908;667;;11828
08:55:57;667;908;667;;11844
08:55:58;667;908;667;;11776
08:55:58;667;908;667;;12000
08:55:59;667;908;667;;10976
08:55:59;667;908;667;;10928
08:56:00;667;907;667;;11876
08:56:00;667;907;667;;11924
08:56:01;667;908;667;;11780
08:56:01;667;908;667;;11804
08:56:02;667;908;667;;11000
08:56:02;667;908;667;;11972
08:56:03;667;909;667;;11824
08:56:03;667;909;667;;10876
08:56:04;667;910;667;;11000
08:56:04;667;910;667;;11752
08:56:05;668;910;668;;11828
08:56:05;668;910;668;;11900
08:56:06;668;911;668;;11824
08:56:06;668;911;668;;11752
08:56:07;668;911;668;;11752
08:56:08;668;911;668;;11828
08:56:08;668;911;668;;11776
08:56:09;668;911;668;;11804
08:56:09;668;911;668;;11864
08:56:10;668;910;668;;11832
08:56:10;668;910;668;;11776
08:56:11;668;911;668;;11844
08:56:11;668;911;668;;11924
08:56:12;668;912;668;;11796
08:56:12;668;912;668;;11776
08:56:13;667;909;667;;11852
08:56:13;667;909;667;;11752
08:56:14;668;912;668;;11924
08:56:14;668;912;668;;11828
08:56:15;668;911;668;;11808
08:56:15;668;911;668;;11808
08:56:16;668;912;668;;11780
08:56:16;668;912;668;;11880
08:56:17;668;912;668;;12072
08:56:17;668;912;668;;11728
08:56:18;668;912;668;;11804
08:56:18;668;912;668;;11780
08:56:19;668;911;668;;11856
08:56:19;668;911;668;;11756
08:56:20;668;912;668;;11804
08:56:20;668;912;668;;11976
08:56:21;668;913;668;;11804
08:56:21;668;913;668;;11800
08:56:22;668;910;668;;11776
08:56:22;668;910;668;;11900
08:56:23;667;909;667;;11904
08:56:23;667;909;667;;11856
08:56:24;667;909;667;;11876
08:56:24;667;909;667;;11804
08:56:25;667;909;667;;11928
08:56:25;667;909;667;;11776
08:56:26;667;910;667;;11800
08:56:26;667;910;667;;11800
08:56:27;668;910;668;;11776
08:56:27;668;910;668;;11800
08:56:28;667;909;667;;11800
08:56:28;667;909;667;;11752
08:56:29;668;911;668;;11784
08:56:29;668;911;668;;11924
08:56:30;668;910;668;;11872
08:56:30;668;910;668;;11852
08:56:31;668;911;668;;11752
08:56:31;668;911;668;;11752
08:56:32;668;911;668;;11780
08:56:32;668;911;668;;11780
08:56:33;668;911;668;;11752
08:56:33;668;911;668;;11772
08:56:34;668;911;668;;11900
08:56:34;668;911;668;;11840
08:56:35;668;911;668;;11776
08:56:36;668;911;668;;11804
08:56:36;668;911;668;;11976
08:56:37;668;911;668;;11976
08:56:37;668;911;668;;11776
08:56:38;668;911;668;;11752
08:56:38;668;911;668;;11776
08:56:39;668;912;668;;11776
08:56:39;668;912;668;;11752
08:56:40;668;911;668;;12120
08:56:40;668;911;668;;11852
08:56:41;668;912;668;;11800
08:56:41;668;912;668;;11804
08:56:42;668;912;668;;11760
08:56:42;668;912;668;;11776
08:56:43;668;912;668;;11876
08:56:43;668;912;668;;11900
08:56:44;668;913;668;;11000
08:56:44;668;913;668;;11752
08:56:45;668;912;668;;11748
08:56:45;668;912;668;;11776
08:56:46;668;912;668;;11780
08:56:46;668;912;668;;11828
08:56:47;668;912;668;;11752
08:56:47;668;912;668;;11780
08:56:48;668;911;668;;12024
08:56:48;668;911;668;;11836
08:56:49;668;911;668;;11832
08:56:49;668;911;668;;11052
08:56:50;668;911;668;;11024
08:56:50;668;911;668;;10972
08:56:51;668;910;668;;11804
08:56:51;668;910;668;;11948
08:56:52;668;911;668;;11772
08:56:52;668;911;668;;11800
08:56:53;668;910;668;;11776
08:56:53;668;910;668;;11780
08:56:54;668;910;668;;11852
08:56:54;668;910;668;;11924
08:56:55;668;912;668;;11924
08:56:55;668;912;668;;11852
08:56:56;668;912;668;;11804
08:56:56;668;912;668;;11800
08:56:57;668;913;668;;11852
08:56:57;668;913;668;;11996
08:56:58;668;913;668;;11748
08:56:58;668;913;668;;11972
08:56:59;668;913;668;;11900
08:56:59;668;913;668;;10904
08:57:00;668;913;668;;12292
08:57:00;668;913;668;;11804
08:57:01;668;913;668;;11856
08:57:01;668;913;668;;11748
08:57:02;668;912;668;;11776
08:57:02;668;912;668;;11752
08:57:03;668;913;668;;12044
08:57:04;668;914;668;;11852
08:57:04;668;914;668;;11780
08:57:05;669;915;669;;11848
08:57:05;669;915;669;;11828
08:57:06;668;914;669;;11776
08:57:06;668;914;669;;11880
08:57:07;669;915;669;;11776
08:57:07;669;915;669;;11804
08:57:08;669;915;669;;11752
08:57:08;669;915;669;;12244
08:57:09;669;916;669;;11804
08:57:09;669;916;669;;11876
08:57:10;669;916;669;;11852
08:57:10;669;916;669;;11900
08:57:11;669;917;669;;11928
08:57:11;669;917;669;;12072
08:57:12;669;915;669;;11828
08:57:12;669;915;669;;11976
08:57:13;669;916;669;;11776
08:57:13;669;916;669;;11800
08:57:14;669;916;669;;10928
08:57:14;669;916;669;;11924
08:57:15;669;917;669;;11880
08:57:15;669;917;669;;11804
08:57:16;669;918;669;;11776
08:57:16;669;918;669;;11804
08:57:17;669;918;669;;11860
08:57:17;669;918;669;;11752
08:57:18;669;918;669;;11808
08:57:18;669;918;669;;11848
08:57:19;669;917;669;;11952
08:57:19;669;917;669;;11996
08:57:20;669;917;669;;11924
08:57:20;669;917;669;;11804
08:57:21;669;918;669;;11780
08:57:21;669;918;669;;11828
08:57:22;669;918;669;;11804
08:57:22;669;918;669;;11876
08:57:23;669;917;669;;11776
08:57:23;669;917;669;;11800
08:57:24;669;917;669;;10940
08:57:24;669;917;669;;11976
08:57:25;669;917;669;;10900
08:57:25;669;917;669;;11776
08:57:26;669;916;669;;11800
08:57:26;669;916;669;;11776
08:57:27;669;918;669;;11780
08:57:27;669;918;669;;11780
08:57:28;669;918;669;;11852
08:57:28;669;918;669;;11996
08:57:29;669;918;669;;11060
08:57:29;669;918;669;;11876
08:57:30;669;917;669;;11752
08:57:30;669;917;669;;11080
08:57:31;669;918;669;;11848
08:57:32;670;919;670;;11780
08:57:32;670;919;670;;11880
08:57:33;670;919;670;;11828
08:57:33;670;919;670;;11800
08:57:34;669;917;669;;10928
08:57:34;669;917;669;;11972
08:57:35;669;917;669;;10976
08:57:35;669;917;669;;11876
08:57:36;669;917;669;;11780
08:57:36;669;917;669;;11948
08:57:37;669;917;669;;11824
08:57:37;669;917;669;;11096
08:57:38;669;917;669;;11852
08:57:38;669;917;669;;11028
08:57:39;669;917;669;;11812
08:57:39;669;917;669;;11836
08:57:40;669;918;669;;11852
08:57:40;669;918;669;;10852
08:57:41;670;919;670;;11756
08:57:41;670;919;670;;11752
08:57:42;670;919;670;;12068
08:57:42;670;919;670;;11856
08:57:43;669;918;669;;11828
08:57:43;669;918;669;;11776
08:57:44;670;919;670;;11732
08:57:44;670;919;670;;11804
08:57:45;669;917;669;;11800
08:57:45;669;917;669;;11756
08:57:46;669;918;669;;11776
08:57:46;669;918;669;;11864
08:57:47;670;919;670;;11844
08:57:47;670;919;670;;11848
08:57:48;669;918;669;;11928
08:57:48;669;918;669;;11924
08:57:49;669;918;669;;11784
08:57:49;669;918;669;;12072
08:57:50;669;918;669;;11776
08:57:50;669;918;669;;11776
08:57:51;669;919;670;;11896
08:57:51;669;919;670;;11776
08:57:52;669;918;669;;11848
08:57:52;669;918;669;;11976
08:57:53;669;917;669;;11776
08:57:53;669;917;669;;11804
08:57:54;670;919;670;;12044
08:57:54;670;919;670;;11776
08:57:55;669;918;669;;11948
08:57:55;669;918;669;;11840
08:57:56;669;918;669;;11900
08:57:56;669;918;669;;11776
08:57:57;669;918;669;;11776
08:57:57;669;918;669;;11852
08:57:58;669;917;669;;11772
08:57:58;669;917;669;;11812
08:57:59;669;916;669;;11876
08:58:00;669;917;669;;11948
08:58:00;669;917;669;;11752
08:58:01;669;917;669;;11780
08:58:01;669;917;669;;11776
08:58:02;669;917;669;;11780
08:58:02;669;917;669;;11800
08:58:03;670;919;670;;11800
08:58:03;670;919;670;;11972
08:58:04;669;918;669;;11756
08:58:04;669;918;669;;11852
08:58:05;669;917;669;;11752
08:58:05;669;917;669;;11780
08:58:06;669;916;669;;11780
08:58:06;669;916;669;;11780
08:58:07;669;917;669;;11928
08:58:07;669;917;669;;11756
08:58:08;669;917;669;;11752
08:58:08;669;917;669;;11840
08:58:09;669;917;669;;11852
08:58:09;669;917;669;;11804
08:58:10;669;918;669;;11780
08:58:10;669;918;669;;11852
08:58:11;669;918;669;;10924
08:58:11;669;918;669;;11852
08:58:12;669;918;669;;11852
08:58:12;669;918;669;;11836
08:58:13;669;916;669;;11840
08:58:13;669;916;669;;11752
08:58:14;669;917;669;;11800
08:58:14;669;917;669;;11836
08:58:15;669;917;669;;11836
08:58:15;669;917;669;;11972
08:58:16;669;917;669;;11848
08:58:16;669;917;669;;11856
08:58:17;669;918;669;;11856
08:58:17;669;918;669;;11076
08:58:18;669;918;669;;11828
08:58:18;669;918;669;;11944
08:58:19;669;918;669;;11752
08:58:19;669;918;669;;11080
08:58:20;669;918;669;;11800
08:58:20;669;918;669;;11776
08:58:21;669;918;669;;11804
08:58:21;669;918;669;;11732
08:58:22;669;918;669;;11900
08:58:22;669;918;669;;11840
08:58:23;669;918;669;;11752
08:58:23;669;918;669;;11780
08:58:24;669;918;669;;11800
08:58:24;669;918;669;;11776
08:58:25;669;918;669;;11824
08:58:25;669;918;669;;11776
08:58:26;669;917;669;;11752
08:58:26;669;917;669;;11776
08:58:27;669;917;669;;11752
08:58:28;668;912;668;;11876
08:58:28;668;912;668;;11996
08:58:29;669;917;669;;11924
08:58:29;669;917;669;;11900
08:58:30;669;918;669;;11804
08:58:30;669;918;669;;11836
08:58:31;669;918;669;;11824
08:58:31;669;918;669;;11828
08:58:32;669;916;669;;11824
08:58:32;669;916;669;;11876
08:58:33;669;916;669;;11776
08:58:33;669;916;669;;11924
08:58:34;669;915;669;;11776
08:58:34;669;915;669;;11876
08:58:35;669;918;669;;11780
08:58:35;669;918;669;;11804
08:58:36;669;916;669;;11780
08:58:36;669;916;669;;11780
08:58:37;670;919;670;;11800
08:58:37;670;919;670;;11800
08:58:38;669;918;669;;11776
08:58:38;669;918;669;;11828
08:58:39;670;919;670;;11776
08:58:39;670;919;670;;10928
08:58:40;670;919;670;;11776
08:58:40;670;919;670;;11804
08:58:41;670;919;670;;11800
08:58:41;670;919;670;;11844
08:58:42;670;920;670;;11780
08:58:42;670;920;670;;11804
08:58:43;670;920;670;;10952
08:58:43;670;920;670;;11800
08:58:44;670;920;670;;11876
08:58:44;670;920;670;;11828
08:58:45;670;921;670;;10980
08:58:45;670;921;670;;11844
08:58:46;670;920;670;;10952
08:58:46;670;920;670;;11024
08:58:47;670;920;670;;10924
08:58:47;670;920;670;;11800
08:58:48;669;918;669;;11900
08:58:48;669;918;669;;11944
08:58:49;669;918;669;;11856
08:58:49;669;918;669;;11800
08:58:50;670;920;670;;11856
08:58:50;670;920;670;;11900
08:58:51;670;920;670;;11772
08:58:51;670;920;670;;11776
08:58:52;670;920;670;;11828
08:58:52;670;920;670;;11776
08:58:53;670;920;670;;11800
08:58:53;670;920;670;;11836
08:58:54;670;920;670;;11776
08:58:54;670;920;670;;11876
08:58:55;670;920;670;;11776
08:58:55;670;920;670;;11824
08:58:56;670;921;670;;10976
08:58:57;670;920;670;;11044
08:58:57;670;920;670;;11804
08:58:58;670;921;670;;11780
08:58:58;670;921;670;;11876
08:58:59;670;921;670;;11976
08:58:59;670;921;670;;11920
08:59:00;670;920;670;;11800
08:59:00;670;920;670;;11852
08:59:01;670;921;670;;11828
08:59:01;670;921;670;;11832
08:59:02;670;922;670;;11876
08:59:02;670;922;670;;11948
08:59:03;670;921;670;;11000
08:59:03;670;921;670;;11800
08:59:04;670;920;670;;11924
08:59:04;670;920;670;;11808
08:59:05;669;918;669;;11048
08:59:05;669;918;669;;11824
08:59:06;669;918;669;;11808
08:59:06;669;918;669;;11800
08:59:07;669;918;669;;10904
08:59:07;669;918;669;;11776
08:59:08;669;916;669;;11996
08:59:08;669;916;669;;11824
08:59:09;669;917;669;;11776
08:59:09;669;917;669;;11804
08:59:10;669;917;669;;11772
08:59:10;669;917;669;;11876
08:59:11;669;916;669;;11852
08:59:11;669;916;669;;11776
08:59:12;669;916;669;;11924
08:59:12;669;916;669;;11880
08:59:13;669;916;669;;11876
08:59:13;669;916;669;;11976
08:59:14;669;916;669;;11800
08:59:14;669;916;669;;11776
08:59:15;670;919;669;;11896
08:59:15;670;919;669;;11824
08:59:16;670;919;670;;11800
08:59:16;670;919;670;;11780
08:59:17;670;919;670;;11924
08:59:17;670;919;670;;11976
08:59:18;669;918;669;;11804
08:59:18;669;918;669;;11852
08:59:19;669;918;669;;11860
08:59:19;669;918;669;;11748
08:59:20;669;918;669;;11776
08:59:20;669;918;669;;11776
08:59:21;670;919;670;;11880
08:59:21;670;919;670;;11800
08:59:22;670;919;670;;10928
08:59:22;670;919;670;;11780
08:59:23;670;919;670;;11780
08:59:23;670;919;670;;11756
08:59:24;669;918;669;;11804
08:59:25;669;916;669;;11004
08:59:25;669;916;669;;11780
08:59:26;669;917;669;;11900
08:59:26;669;917;669;;11828
08:59:27;669;917;669;;11852
08:59:27;669;917;669;;11776
08:59:28;669;917;669;;11752
08:59:28;669;917;669;;11796
08:59:29;669;918;669;;11852
08:59:29;669;918;669;;11804
08:59:30;669;918;669;;12044
08:59:30;669;918;669;;11876
08:59:31;669;918;669;;11732
08:59:31;669;918;669;;11776
08:59:32;669;918;669;;11776
08:59:32;669;918;669;;11804
08:59:33;670;919;670;;11900
08:59:33;670;919;670;;11752
08:59:34;669;918;669;;11776
08:59:34;669;918;669;;10952
08:59:35;669;918;669;;11000
08:59:35;669;918;669;;11948
08:59:36;669;918;669;;11756
08:59:36;669;918;669;;11776
08:59:37;669;918;669;;11776
08:59:37;669;918;669;;11856
08:59:38;670;919;670;;11060
08:59:38;670;919;670;;11972
08:59:39;670;919;670;;11752
08:59:39;670;919;670;;12072
08:59:40;670;919;670;;11876
08:59:40;670;919;670;;12020
08:59:41;670;919;670;;11920
