09:55:17;646;835;649;;11740
09:55:17;646;835;649;;11744
09:55:18;654;857;655;;11764
09:55:18;654;857;655;;11816
09:55:19;659;874;660;;11816
09:55:19;659;874;660;;11792
09:55:20;661;882;662;;11740
09:55:20;661;882;662;;11788
09:55:21;663;888;663;;11816
09:55:21;663;888;663;;11792
09:55:22;664;893;664;;11768
09:55:22;664;893;664;;11816
09:55:23;665;897;665;;11852
09:55:23;665;897;665;;11764
09:55:24;666;899;666;;11816
09:55:24;666;899;666;;11816
09:55:25;666;902;667;;11860
09:55:25;666;902;667;;11840
09:55:26;667;904;667;;11816
09:55:26;667;904;667;;11840
09:55:27;667;906;668;;11788
09:55:27;667;906;668;;11916
09:55:28;668;907;668;;11864
09:55:28;668;907;668;;11864
09:55:29;668;909;668;;11864
09:55:29;668;909;668;;11988
09:55:30;669;911;669;;11932
09:55:30;669;911;669;;11816
09:55:31;669;913;669;;11764
09:55:31;669;913;669;;11792
09:55:32;669;911;669;;11792
09:55:32;669;911;669;;11740
09:55:33;668;909;668;;11760
09:55:33;668;909;668;;11912
09:55:34;668;907;668;;11792
09:55:34;668;907;668;;11792
09:55:35;667;905;667;;11768
09:55:35;667;905;667;;11764
09:55:36;667;903;667;;11748
09:55:36;667;903;667;;11816
09:55:37;666;901;666;;11792
09:55:37;666;901;666;;11768
09:55:38;666;900;666;;11848
09:55:39;666;899;666;;11940
09:55:39;666;899;666;;11792
09:55:40;666;898;666;;11768
09:55:40;666;898;666;;11816
09:55:41;666;898;666;;11764
09:55:41;666;898;666;;11768
09:55:42;666;897;666;;11960
09:55:42;666;897;666;;11792
09:55:43;665;895;665;;11848
09:55:43;665;895;665;;11796
09:55:44;664;893;664;;11768
09:55:44;664;893;664;;11792
09:55:45;664;893;664;;11868
09:55:45;664;893;664;;11792
09:55:46;664;892;664;;11960
09:55:46;664;892;664;;11764
09:55:47;664;890;664;;11816
09:55:47;664;890;664;;11740
09:55:48;663;888;663;;11940
09:55:48;663;888;663;;11788
09:55:49;663;887;663;;11760
09:55:49;663;887;663;;11768
09:55:50;663;886;663;;11840
09:55:50;663;886;663;;11788
09:55:51;663;886;663;;11764
09:55:51;663;886;663;;11764
09:55:52;662;884;662;;11844
09:55:52;662;884;662;;11736
09:55:53;662;882;662;;11764
09:55:53;662;882;662;;11816
09:55:54;660;877;660;;11864
09:55:54;660;877;660;;11792
09:55:55;660;877;661;;11820
09:55:55;660;877;661;;11764
09:55:56;661;879;661;;11792
09:55:56;661;879;661;;11864
09:55:57;661;878;661;;11864
09:55:57;661;878;661;;11720
09:55:58;661;878;661;;11792
09:55:58;661;878;661;;11792
09:55:59;661;878;661;;11792
09:55:59;661;878;661;;11816
09:56:00;660;877;660;;11852
09:56:00;660;877;660;;11768
09:56:01;660;877;660;;11836
09:56:01;660;877;660;;11740
09:56:02;660;876;660;;11844
09:56:02;660;876;660;;11840
09:56:03;660;875;660;;11764
09:56:03;660;875;660;;11864
09:56:04;659;874;659;;11812
09:56:04;659;874;659;;11768
09:56:05;659;872;659;;11792
09:56:05;659;872;659;;11812
09:56:06;659;872;659;;11788
09:56:06;659;872;659;;11788
09:56:07;659;872;659;;11968
09:56:08;659;872;659;;11788
09:56:08;659;872;659;;11768
09:56:09;659;872;659;;11816
09:56:09;659;872;659;;11788
09:56:10;659;874;659;;11792
09:56:10;659;874;659;;11912
09:56:11;659;873;659;;11740
09:56:11;659;873;659;;11988
09:56:12;659;873;659;;11816
09:56:12;659;873;659;;11768
09:56:13;659;873;659;;11864
09:56:13;659;873;659;;11744
09:56:14;659;873;659;;11860
09:56:14;659;873;659;;11816
09:56:15;659;874;660;;11736
09:56:15;659;874;660;;11836
09:56:16;659;873;659;;11768
09:56:16;659;873;659;;11828
09:56:17;659;872;659;;11932
09:56:17;659;872;659;;11764
09:56:18;659;873;659;;11764
09:56:18;659;873;659;;11848
09:56:19;659;873;659;;11840
09:56:19;659;873;659;;11864
09:56:20;660;875;660;;11816
09:56:20;660;875;660;;11764
09:56:21;660;874;660;;11812
09:56:21;660;874;660;;11888
09:56:22;660;874;660;;11816
09:56:22;660;874;660;;11744
09:56:23;660;876;660;;11724
09:56:23;660;876;660;;11768
09:56:24;660;877;660;;11864
09:56:24;660;877;660;;11816
09:56:25;661;878;661;;11772
09:56:25;661;878;661;;11772
09:56:26;661;880;661;;11764
09:56:26;661;880;661;;11852
09:56:27;661;879;661;;11840
09:56:27;661;879;661;;11740
09:56:28;661;879;661;;11816
09:56:28;661;879;661;;11768
09:56:29;661;880;661;;11792
09:56:29;661;880;661;;11768
09:56:30;661;879;661;;11812
09:56:30;661;879;661;;11792
09:56:31;661;879;661;;11816
09:56:31;661;879;661;;11860
09:56:32;661;880;661;;11788
09:56:32;661;880;661;;11816
09:56:33;661;881;661;;11788
09:56:33;661;881;661;;11792
09:56:34;662;882;662;;11740
09:56:34;662;882;662;;11788
09:56:35;662;884;662;;11828
09:56:36;662;884;662;;11812
09:56:36;662;884;662;;11816
09:56:37;662;884;662;;11764
09:56:37;662;884;662;;11812
09:56:38;662;885;662;;12036
09:56:38;662;885;662;;11788
09:56:39;663;886;663;;11864
09:56:39;663;886;663;;11816
09:56:40;662;885;662;;11864
09:56:40;662;885;662;;11760
09:56:41;662;884;662;;11888
09:56:41;662;884;662;;11764
09:56:42;662;884;662;;11816
09:56:42;662;884;662;;11768
09:56:43;662;885;662;;11788
09:56:43;662;885;662;;11864
09:56:44;663;886;663;;11768
09:56:44;663;886;663;;11916
09:56:45;663;887;663;;11940
09:56:45;663;887;663;;11788
09:56:46;663;887;663;;11764
09:56:46;663;887;663;;11788
09:56:47;663;889;663;;11816
09:56:47;663;889;663;;11760
09:56:48;662;884;662;;11816
09:56:48;662;884;662;;11864
09:56:49;662;883;662;;11864
09:56:49;662;883;662;;11860
09:56:50;661;881;661;;11852
09:56:50;661;881;661;;11852
09:56:51;661;880;661;;11816
09:56:51;661;880;661;;12104
09:56:52;661;882;662;;11852
09:56:52;661;882;662;;11768
09:56:53;662;883;662;;11816
09:56:53;662;883;662;;11908
09:56:54;662;883;662;;11792
09:56:54;662;883;662;;11812
09:56:55;662;884;662;;11844
09:56:55;662;884;662;;11764
09:56:56;662;885;662;;11856
09:56:56;662;885;662;;11764
09:56:57;663;886;663;;11864
09:56:57;663;886;663;;11936
09:56:58;662;885;662;;12012
09:56:58;662;885;662;;11760
09:56:59;663;886;663;;11916
09:56:59;663;886;663;;11744
09:57:00;663;886;663;;11848
09:57:00;663;886;663;;11764
09:57:01;663;887;663;;11816
09:57:01;663;887;663;;11748
09:57:02;663;888;663;;11768
09:57:02;663;888;663;;11848
09:57:03;663;889;663;;11888
09:57:04;663;889;663;;11844
09:57:04;663;889;663;;11828
09:57:05;663;890;664;;12008
09:57:05;663;890;664;;11816
09:57:06;664;891;664;;11764
09:57:06;664;891;664;;11812
09:57:07;664;892;664;;11852
09:57:07;664;892;664;;11840
09:57:08;664;892;664;;11764
09:57:08;664;892;664;;11864
09:57:09;664;892;664;;11792
09:57:09;664;892;664;;11960
09:57:10;664;891;664;;11788
09:57:10;664;891;664;;11840
09:57:11;664;891;664;;11788
09:57:11;664;891;664;;11792
09:57:12;664;892;664;;11764
09:57:12;664;892;664;;11864
09:57:13;664;893;664;;12008
09:57:13;664;893;664;;11768
09:57:14;664;893;664;;11856
09:57:14;664;893;664;;11888
09:57:15;664;893;664;;11888
09:57:15;664;893;664;;11792
09:57:16;664;892;664;;11788
09:57:16;664;892;664;;11844
09:57:17;664;891;664;;11964
09:57:17;664;891;664;;11788
09:57:18;664;891;664;;11908
09:57:18;664;891;664;;11960
09:57:19;663;889;663;;11764
09:57:19;663;889;663;;11844
09:57:20;664;890;664;;11860
09:57:20;664;890;664;;11792
09:57:21;664;890;664;;11764
09:57:21;664;890;664;;11840
09:57:22;664;892;664;;11792
09:57:22;664;892;664;;11820
09:57:23;664;892;664;;11840
09:57:23;664;892;664;;11888
09:57:24;664;892;664;;11984
09:57:24;664;892;664;;11864
09:57:25;664;892;664;;12036
09:57:25;664;892;664;;11764
09:57:26;664;893;664;;11868
09:57:26;664;893;664;;12280
09:57:27;664;891;664;;11788
09:57:27;664;891;664;;11792
09:57:28;664;893;664;;11788
09:57:28;664;893;664;;11848
09:57:29;664;893;664;;11932
09:57:29;664;893;664;;11888
09:57:30;664;893;664;;11764
09:57:30;664;893;664;;11812
09:57:31;664;891;664;;11964
09:57:32;664;890;664;;11984
09:57:32;664;890;664;;11848
09:57:33;664;889;663;;11888
09:57:33;664;889;663;;11788
09:57:34;664;891;664;;11792
09:57:34;664;891;664;;11860
09:57:35;664;890;664;;11788
09:57:35;664;890;664;;11888
09:57:36;664;890;664;;11792
09:57:36;664;890;664;;12084
09:57:37;664;892;664;;11844
09:57:37;664;892;664;;11840
09:57:38;664;890;664;;11912
09:57:38;664;890;664;;11812
09:57:39;664;891;664;;11812
09:57:39;664;891;664;;11812
09:57:40;664;891;664;;11792
09:57:40;664;891;664;;11864
09:57:41;664;891;664;;11768
09:57:41;664;891;664;;11812
09:57:42;664;891;664;;11736
09:57:42;664;891;664;;11788
09:57:43;664;891;664;;11792
09:57:43;664;891;664;;11792
09:57:44;664;893;664;;12080
09:57:44;664;893;664;;11788
09:57:45;664;891;664;;12036
09:57:45;664;891;664;;11796
09:57:46;663;888;663;;11792
09:57:46;663;888;663;;11760
09:57:47;663;889;663;;11788
09:57:47;663;889;663;;11816
09:57:48;663;888;663;;11788
09:57:48;663;888;663;;11788
09:57:49;663;889;663;;11844
09:57:49;663;889;663;;11912
09:57:50;663;889;663;;11788
09:57:50;663;889;663;;11816
09:57:51;663;886;663;;11744
09:57:51;663;886;663;;11764
09:57:52;662;885;662;;11960
09:57:52;662;885;662;;11792
09:57:53;663;886;663;;11816
09:57:53;663;886;663;;11828
09:57:54;663;887;663;;11792
09:57:54;663;887;663;;11764
09:57:55;663;889;663;;11820
09:57:55;663;889;663;;11812
09:57:56;664;891;664;;12156
09:57:56;664;891;664;;11816
09:57:57;664;893;664;;11816
09:57:57;664;893;664;;11792
09:57:58;664;891;664;;11812
09:57:58;664;891;664;;11792
09:57:59;664;891;664;;11740
09:57:59;664;891;664;;11852
09:58:00;664;892;664;;11840
09:58:01;664;893;664;;11812
09:58:01;664;893;664;;11764
09:58:02;664;892;664;;11812
09:58:02;664;892;664;;11852
09:58:03;664;891;664;;11864
09:58:03;664;891;664;;11760
09:58:04;663;885;662;;11788
09:58:04;663;885;662;;11760
09:58:05;663;887;663;;11812
09:58:05;663;887;663;;11840
09:58:06;663;887;663;;11764
09:58:06;663;887;663;;11788
09:58:07;663;886;663;;11764
09:58:07;663;886;663;;11788
09:58:08;663;888;663;;11744
09:58:08;663;888;663;;11840
09:58:09;663;888;663;;11816
09:58:09;663;888;663;;10940
09:58:10;662;885;662;;11760
09:58:10;662;885;662;;11784
09:58:11;663;887;663;;11812
09:58:11;663;887;663;;11936
09:58:12;663;886;663;;11816
09:58:12;663;886;663;;11936
09:58:13;663;889;663;;11768
09:58:13;663;889;663;;11840
09:58:14;663;888;663;;11864
09:58:14;663;888;663;;11888
09:58:15;663;888;663;;11888
09:58:15;663;888;663;;11764
09:58:16;663;888;663;;11888
09:58:16;663;888;663;;10916
09:58:17;662;885;662;;11744
09:58:17;662;885;662;;11940
09:58:18;663;886;663;;11812
09:58:18;663;886;663;;11884
09:58:19;662;885;662;;11816
09:58:19;662;885;662;;11760
09:58:20;662;887;663;;11816
09:58:20;662;887;663;;11816
09:58:21;663;888;663;;11792
09:58:21;663;888;663;;11812
09:58:22;662;885;662;;11712
09:58:22;662;885;662;;11764
09:58:23;663;887;663;;11788
09:58:23;663;887;663;;11980
09:58:24;663;887;663;;11768
09:58:24;663;887;663;;11908
09:58:25;663;888;663;;11788
09:58:25;663;888;663;;11848
09:58:26;663;889;663;;11812
09:58:26;663;889;663;;11812
09:58:27;663;888;663;;11760
09:58:27;663;888;663;;11812
09:58:28;663;887;663;;11764
09:58:29;663;886;663;;11784
09:58:29;663;886;663;;11764
09:58:30;662;885;662;;11764
09:58:30;662;885;662;;11836
09:58:31;662;885;662;;11784
09:58:31;662;885;662;;11792
09:58:32;663;886;663;;11764
09:58:32;663;886;663;;11768
09:58:33;662;886;663;;11764
09:58:33;662;886;663;;11740
09:58:34;662;884;662;;11844
09:58:34;662;884;662;;11988
09:58:35;663;886;663;;11812
09:58:35;663;886;663;;11812
09:58:36;662;886;663;;12036
09:58:36;662;886;663;;11812
09:58:37;662;886;662;;11788
09:58:37;662;886;662;;11816
09:58:38;662;885;662;;11812
09:58:38;662;885;662;;11812
09:58:39;663;887;663;;11844
09:58:39;663;887;663;;11816
09:58:40;663;886;663;;11788
09:58:40;663;886;663;;11864
09:58:41;662;886;662;;11768
09:58:41;662;886;662;;11820
09:58:42;662;885;662;;11848
09:58:42;662;885;662;;11768
09:58:43;662;884;662;;11812
09:58:43;662;884;662;;11788
09:58:44;662;883;662;;11764
09:58:44;662;883;662;;11768
09:58:45;662;882;662;;11860
09:58:45;662;882;662;;11788
09:58:46;662;884;662;;11836
09:58:46;662;884;662;;11816
09:58:47;662;885;662;;11764
09:58:47;662;885;662;;11788
09:58:48;662;885;662;;11788
09:58:48;662;885;662;;11764
09:58:49;662;885;662;;11864
09:58:49;662;885;662;;11748
09:58:50;662;886;662;;11816
09:58:50;662;886;662;;11764
09:58:51;662;885;662;;11816
09:58:51;662;885;662;;11812
09:58:52;662;886;662;;11812
09:58:52;662;886;662;;11764
09:58:53;663;887;663;;11760
09:58:53;663;887;663;;11816
09:58:54;663;887;663;;11764
09:58:54;663;887;663;;11864
09:58:55;663;888;663;;11912
09:58:55;663;888;663;;11764
09:58:56;663;888;663;;11836
09:58:56;663;888;663;;11788
09:58:57;663;888;663;;11764
09:58:58;663;888;663;;11788
09:58:58;663;888;663;;11792
09:58:59;663;888;663;;11768
09:58:59;663;888;663;;11764
09:59:00;663;888;663;;12132
09:59:00;663;888;663;;11764
09:59:01;663;889;663;;11816
09:59:01;663;889;663;;11816
09:59:02;663;887;663;;11768
09:59:02;663;887;663;;11856
09:59:03;663;886;663;;11792
09:59:03;663;886;663;;11840
09:59:04;663;887;663;;11788
09:59:04;663;887;663;;11760
09:59:05;663;888;663;;11840
09:59:05;663;888;663;;11852
09:59:06;663;889;663;;11764
09:59:06;663;889;663;;11816
09:59:07;663;889;663;;11812
09:59:07;663;889;663;;11764
09:59:08;663;888;663;;11764
09:59:08;663;888;663;;11792
09:59:09;663;887;663;;11764
09:59:09;663;887;663;;11768
09:59:10;662;884;662;;11812
09:59:10;662;884;662;;11792
09:59:11;662;885;662;;11836
09:59:11;662;885;662;;11984
09:59:12;663;886;663;;11816
09:59:12;663;886;663;;11788
09:59:13;662;886;662;;11764
09:59:13;662;886;662;;11764
09:59:14;663;887;663;;11812
09:59:14;663;887;663;;12032
09:59:15;663;887;663;;11744
09:59:15;663;887;663;;11764
09:59:16;663;887;663;;11856
09:59:16;663;887;663;;11960
09:59:17;663;888;663;;11764
09:59:17;663;888;663;;11768
09:59:18;663;887;663;;11788
09:59:18;663;887;663;;11764
09:59:19;663;887;663;;11840
09:59:19;663;887;663;;11788
09:59:20;663;888;663;;11960
09:59:20;663;888;663;;11760
09:59:21;663;888;663;;11764
09:59:21;663;888;663;;11836
09:59:22;663;889;663;;11836
09:59:22;663;889;663;;11740
09:59:23;663;888;663;;11740
09:59:23;663;888;663;;11960
09:59:24;663;888;663;;11788
09:59:24;663;888;663;;11816
09:59:25;663;889;663;;11740
09:59:26;663;890;663;;11784
09:59:26;663;890;663;;11788
09:59:27;663;890;663;;11864
09:59:27;663;890;663;;11764
09:59:28;663;890;663;;11788
09:59:28;663;890;663;;11788
09:59:29;663;889;663;;11784
09:59:29;663;889;663;;11888
09:59:30;663;889;663;;11864
09:59:30;663;889;663;;11784
09:59:31;663;890;663;;11844
09:59:31;663;890;663;;11912
09:59:32;663;889;663;;11764
09:59:32;663;889;663;;11816
09:59:33;663;889;663;;11784
09:59:33;663;889;663;;11816
09:59:34;663;890;663;;11764
09:59:34;663;890;663;;11792
09:59:35;663;889;663;;11840
09:59:35;663;889;663;;11908
09:59:36;663;888;663;;11788
09:59:36;663;888;663;;11792
09:59:37;663;888;663;;11788
09:59:37;663;888;663;;11788
09:59:38;663;888;663;;11816
09:59:38;663;888;663;;11816
09:59:39;663;889;663;;11864
09:59:39;663;889;663;;11812
09:59:40;663;890;663;;12108
09:59:40;663;890;663;;11864
09:59:41;663;889;663;;11852
09:59:41;663;889;663;;11936
09:59:42;663;889;663;;11932
09:59:42;663;889;663;;11788
09:59:43;663;889;663;;11768
09:59:43;663;889;663;;11832
09:59:44;663;890;663;;11968
09:59:44;663;890;663;;11788
09:59:45;663;890;663;;11788
09:59:45;663;890;663;;11960
09:59:46;663;890;663;;11816
09:59:46;663;890;663;;11912
09:59:47;664;891;664;;11940
09:59:47;664;891;664;;11768
09:59:48;664;890;663;;11812
09:59:48;664;890;663;;11788
09:59:49;664;890;664;;11792
09:59:49;664;890;664;;11864
09:59:50;664;891;664;;11760
09:59:50;664;891;664;;11788
09:59:51;664;891;664;;11860
09:59:51;664;891;664;;11816
09:59:52;663;889;663;;11860
09:59:52;663;889;663;;11812
09:59:53;663;889;663;;11836
09:59:54;663;890;663;;11788
09:59:54;663;890;663;;11812
09:59:55;663;890;663;;11788
09:59:55;663;890;663;;11840
09:59:56;664;892;664;;11788
09:59:56;664;892;664;;11764
09:59:57;664;892;664;;11792
09:59:57;664;892;664;;11888
09:59:58;664;892;664;;11764
09:59:58;664;892;664;;11852
09:59:59;663;889;663;;11844
09:59:59;663;889;663;;11840
