10:00:00;715;1023;715;;11184
10:00:00;715;1023;715;;13248
10:00:01;715;1023;715;;11180
10:00:01;715;1023;715;;11228
10:00:02;715;1023;715;;13248
10:00:02;715;1023;715;;11364
10:00:03;715;1023;715;;11260
10:00:03;715;1023;715;;13352
10:00:04;715;1023;715;;11256
10:00:04;715;1023;715;;11208
10:00:05;715;1023;715;;11232
10:00:05;715;1023;715;;11280
10:00:06;715;1023;715;;11428
10:00:06;715;1023;715;;11232
10:00:07;715;1023;715;;11208
10:00:07;715;1023;715;;11280
10:00:08;715;1023;715;;11176
10:00:08;715;1023;715;;11332
10:00:09;715;1023;715;;11332
10:00:09;715;1023;715;;11284
10:00:10;715;1023;715;;11260
10:00:10;715;1023;715;;11256
10:00:11;715;1023;715;;11232
10:00:11;715;1023;715;;13248
10:00:12;715;1023;715;;13252
10:00:12;715;1023;715;;11232
10:00:13;715;1023;715;;11312
10:00:13;715;1023;715;;11256
10:00:14;715;1023;715;;11184
10:00:14;715;1023;715;;11264
10:00:15;715;1023;715;;11284
10:00:15;715;1023;715;;11332
10:00:16;715;1023;715;;11256
10:00:16;715;1023;715;;11236
10:00:17;715;1023;715;;11208
10:00:17;715;1023;715;;11180
10:00:18;715;1023;715;;11308
10:00:18;715;1023;715;;11284
10:00:19;715;1023;715;;11204
10:00:19;715;1023;715;;11308
10:00:20;715;1023;715;;11284
10:00:20;715;1023;715;;11208
10:00:21;715;1023;715;;11208
10:00:21;715;1023;715;;11256
10:00:22;715;1023;715;;11284
10:00:22;715;1023;715;;11280
10:00:23;715;1023;715;;11208
10:00:24;715;1023;715;;11284
10:00:24;715;1023;715;;11204
10:00:25;715;1023;715;;11308
10:00:25;715;1023;715;;11208
10:00:26;715;1023;715;;13220
10:00:26;715;1023;715;;11232
10:00:27;715;1023;715;;11208
10:00:27;715;1023;715;;11204
10:00:28;715;1023;715;;11256
10:00:28;715;1023;715;;11232
10:00:29;715;1023;715;;11256
10:00:29;715;1023;715;;11208
10:00:30;715;1023;715;;13248
10:00:30;715;1023;715;;11360
10:00:31;715;1023;715;;11256
10:00:31;715;1023;715;;11264
10:00:32;715;1023;715;;13224
10:00:32;715;1023;715;;11208
10:00:33;715;1023;715;;11408
10:00:33;715;1023;715;;11204
10:00:34;715;1023;715;;11232
10:00:34;715;1023;715;;11308
10:00:35;715;1023;715;;11152
10:00:35;715;1023;715;;11208
10:00:36;715;1023;715;;11208
10:00:36;715;1023;715;;11308
10:00:37;715;1023;715;;11256
10:00:37;715;1023;715;;11260
10:00:38;715;1023;715;;11280
10:00:38;715;1023;715;;11212
10:00:39;715;1023;715;;11232
10:00:39;715;1023;715;;11308
10:00:40;715;1023;715;;11280
10:00:40;715;1023;715;;11184
10:00:41;715;1023;715;;11280
10:00:41;715;1023;715;;11284
10:00:42;715;1023;715;;11208
10:00:42;715;1023;715;;13244
10:00:43;715;1023;715;;11260
10:00:43;715;1023;715;;11332
10:00:44;715;1023;715;;11184
10:00:44;715;1023;715;;11208
10:00:45;715;1023;715;;11232
10:00:45;715;1023;715;;11228
10:00:46;715;1023;715;;11184
10:00:46;715;1023;715;;11280
10:00:47;715;1023;715;;11256
10:00:47;715;1023;715;;11284
10:00:48;715;1023;715;;11260
10:00:48;715;1023;715;;11232
10:00:49;715;1023;715;;11304
10:00:49;715;1023;715;;13220
10:00:50;715;1023;715;;13220
10:00:50;715;1023;715;;11284
10:00:51;715;1023;715;;11260
10:00:51;715;1023;715;;11308
10:00:52;715;1023;715;;13224
10:00:53;715;1023;715;;11336
10:00:53;715;1023;715;;11360
10:00:54;715;1023;715;;11284
10:00:54;715;1023;715;;11208
10:00:55;715;1023;715;;11156
10:00:55;715;1023;715;;11208
10:00:56;715;1023;715;;11256
10:00:56;715;1023;715;;11232
10:00:57;715;1023;715;;11256
10:00:57;715;1023;715;;11208
10:00:58;715;1023;715;;11284
10:00:58;715;1023;715;;11332
10:00:59;715;1023;715;;11232
10:00:59;715;1023;715;;11280
10:01:00;715;1023;715;;11208
10:01:00;715;1023;715;;11160
10:01:01;715;1023;715;;11308
10:01:01;715;1023;715;;11204
10:01:02;715;1023;715;;11328
10:01:02;715;1023;715;;11260
10:01:03;715;1023;715;;11204
10:01:03;715;1023;715;;11332
10:01:04;715;1023;715;;11264
10:01:04;715;1023;715;;13272
10:01:05;715;1023;715;;11384
10:01:05;715;1023;715;;11208
10:01:06;715;1023;715;;13248
10:01:06;715;1023;715;;11308
10:01:07;715;1023;715;;11284
10:01:07;715;1023;715;;11256
10:01:08;715;1023;715;;11332
10:01:08;715;1023;715;;11232
10:01:09;715;1023;715;;11360
10:01:09;715;1023;715;;11308
10:01:10;715;1023;715;;11204
10:01:10;715;1023;715;;11260
10:01:11;715;1023;715;;13280
10:01:11;715;1023;715;;11284
10:01:12;715;1023;715;;11308
10:01:12;715;1023;715;;11336
10:01:13;715;1023;715;;11180
10:01:13;715;1023;715;;11232
10:01:14;715;1023;715;;11232
10:01:14;715;1023;715;;11280
10:01:15;715;1023;715;;11228
10:01:15;715;1023;715;;11232
10:01:16;715;1023;715;;11204
10:01:16;715;1023;715;;11180
10:01:17;715;1023;715;;11232
10:01:17;715;1023;715;;11184
10:01:18;715;1023;715;;11236
10:01:18;715;1023;715;;11288
10:01:19;715;1023;715;;11332
10:01:19;715;1023;715;;11288
10:01:20;715;1023;715;;11256
10:01:21;715;1023;715;;11312
10:01:21;715;1023;715;;11256
10:01:22;715;1023;715;;11184
10:01:22;715;1023;715;;11236
10:01:23;715;1023;715;;11204
10:01:23;715;1023;715;;11484
10:01:24;715;1023;715;;11232
10:01:24;715;1023;715;;11284
10:01:25;715;1023;715;;11232
10:01:25;715;1023;715;;11204
10:01:26;715;1023;715;;13248
10:01:26;715;1023;715;;11332
10:01:27;715;1023;715;;11304
10:01:27;715;1023;715;;13252
10:01:28;715;1023;715;;11204
10:01:28;715;1023;715;;11284
10:01:29;715;1023;715;;11232
10:01:29;715;1023;715;;11332
10:01:30;715;1023;715;;11180
10:01:30;715;1023;715;;11184
10:01:31;715;1023;715;;11232
10:01:31;715;1023;715;;11232
10:01:32;715;1023;715;;11232
10:01:32;715;1023;715;;11260
10:01:33;715;1023;715;;11256
10:01:33;715;1023;715;;11308
10:01:34;715;1023;715;;11304
10:01:34;715;1023;715;;11232
10:01:35;715;1023;715;;11308
10:01:35;715;1023;715;;11208
10:01:36;715;1023;715;;11284
10:01:36;715;1023;715;;11204
10:01:37;715;1023;715;;11208
10:01:37;715;1023;715;;11256
10:01:38;715;1023;715;;11204
10:01:38;715;1023;715;;11284
10:01:39;715;1023;715;;11184
10:01:39;715;1023;715;;11208
10:01:40;715;1023;715;;11184
10:01:40;715;1023;715;;11260
10:01:41;715;1023;715;;11284
10:01:41;715;1023;715;;11208
10:01:42;715;1023;715;;11208
10:01:42;715;1023;715;;11260
10:01:43;715;1023;715;;11208
10:01:43;715;1023;715;;13224
10:01:44;715;1023;715;;11308
10:01:44;715;1023;715;;13224
10:01:45;715;1023;715;;11260
10:01:45;715;1023;715;;11260
10:01:46;715;1023;715;;13256
10:01:46;715;1023;715;;11204
10:01:47;715;1023;715;;11332
10:01:47;715;1023;715;;11356
10:01:48;715;1023;715;;11208
10:01:48;715;1023;715;;11264
10:01:49;715;1023;715;;11180
10:01:50;715;1023;715;;11384
10:01:50;715;1023;715;;11208
10:01:51;715;1023;715;;11384
10:01:51;715;1023;715;;11304
10:01:52;715;1023;715;;11236
10:01:52;715;1023;715;;11184
10:01:53;715;1023;715;;11212
10:01:53;715;1023;715;;13248
10:01:54;715;1023;715;;11308
10:01:54;715;1023;715;;11356
10:01:55;715;1023;715;;11304
10:01:55;715;1023;715;;11260
10:01:56;715;1023;715;;11204
10:01:56;715;1023;715;;11260
10:01:57;715;1023;715;;11204
10:01:57;715;1023;715;;11284
10:01:58;715;1023;715;;11180
10:01:58;715;1023;715;;11484
10:01:59;715;1023;715;;11208
10:01:59;715;1023;715;;11284
10:02:00;715;1023;715;;11308
10:02:00;715;1023;715;;11232
10:02:01;715;1023;715;;11284
10:02:01;715;1023;715;;11228
10:02:02;715;1023;715;;11256
10:02:02;715;1023;715;;11232
10:02:03;715;1023;715;;11232
10:02:03;715;1023;715;;13276
10:02:04;715;1023;715;;11264
10:02:04;715;1023;715;;11232
10:02:05;715;1023;715;;11232
10:02:05;715;1023;715;;11208
10:02:06;715;1023;715;;11208
10:02:06;715;1023;715;;11308
10:02:07;715;1023;715;;11332
10:02:07;715;1023;715;;11184
10:02:08;715;1023;715;;11304
10:02:08;715;1023;715;;13304
10:02:09;715;1023;715;;11184
10:02:09;715;1023;715;;11332
10:02:10;715;1023;715;;11204
10:02:10;715;1023;715;;11288
10:02:11;715;1023;715;;11284
10:02:11;715;1023;715;;11260
10:02:12;715;1023;715;;11204
10:02:12;715;1023;715;;11232
10:02:13;715;1023;715;;11204
10:02:13;715;1023;715;;11256
10:02:14;715;1023;715;;11208
10:02:14;715;1023;715;;13276
10:02:15;715;1023;715;;11232
10:02:15;715;1023;715;;11260
10:02:16;715;1023;715;;11336
10:02:16;715;1023;715;;11308
10:02:17;715;1023;715;;11208
10:02:18;715;1023;715;;11204
10:02:18;715;1023;715;;13256
10:02:19;715;1023;715;;11332
10:02:19;715;1023;715;;13300
10:02:20;715;1023;715;;11232
10:02:20;715;1023;715;;11232
10:02:21;715;1023;715;;11308
10:02:21;715;1023;715;;13224
10:02:22;715;1023;715;;11156
10:02:22;715;1023;715;;11208
10:02:23;715;1023;715;;11256
10:02:23;715;1023;715;;11180
10:02:24;715;1023;715;;11356
10:02:24;715;1023;715;;11180
10:02:25;715;1023;715;;11260
10:02:25;715;1023;715;;11284
10:02:26;715;1023;715;;11180
10:02:26;715;1023;715;;11284
10:02:27;715;1023;715;;13252
10:02:27;715;1023;715;;11256
10:02:28;715;1023;715;;11308
10:02:28;715;1023;715;;11180
10:02:29;715;1023;715;;11256
10:02:29;715;1023;715;;11232
10:02:30;715;1023;715;;11260
10:02:30;715;1023;715;;11188
10:02:31;715;1023;715;;11232
10:02:31;715;1023;715;;11280
10:02:32;715;1023;715;;11332
10:02:32;715;1023;715;;11180
10:02:33;715;1023;715;;13252
10:02:33;715;1023;715;;11208
10:02:34;715;1023;715;;13272
10:02:34;715;1023;715;;13276
10:02:35;715;1023;715;;13220
10:02:35;715;1023;715;;11464
10:02:36;715;1023;715;;11232
10:02:36;715;1023;715;;11208
10:02:37;715;1023;715;;11232
10:02:37;715;1023;715;;11260
10:02:38;715;1023;715;;11256
10:02:38;715;1023;715;;11308
10:02:39;715;1023;715;;11268
10:02:39;715;1023;715;;11380
10:02:40;715;1023;715;;13276
10:02:40;715;1023;715;;11232
10:02:41;715;1023;715;;11332
10:02:41;715;1023;715;;11284
10:02:42;715;1023;715;;11236
10:02:42;715;1023;715;;11456
10:02:43;715;1023;715;;11264
10:02:43;715;1023;715;;11284
10:02:44;715;1023;715;;11280
10:02:44;715;1023;715;;11332
10:02:45;715;1023;715;;11280
10:02:45;715;1023;715;;11260
10:02:46;715;1023;715;;11236
10:02:47;715;1023;715;;11308
10:02:47;715;1023;715;;11232
10:02:48;715;1023;715;;11284
10:02:48;715;1023;715;;11208
10:02:49;715;1023;715;;11232
10:02:49;715;1023;715;;11184
10:02:50;715;1023;715;;11332
10:02:50;715;1023;715;;11260
10:02:51;715;1023;715;;11260
10:02:51;715;1023;715;;11204
10:02:52;715;1023;715;;11180
10:02:52;715;1023;715;;11288
10:02:53;715;1023;715;;11280
10:02:53;715;1023;715;;11356
10:02:54;715;1023;715;;11332
10:02:54;715;1023;715;;11256
10:02:55;715;1023;715;;11404
10:02:55;715;1023;715;;11208
10:02:56;715;1023;715;;11232
10:02:56;715;1023;715;;12312
10:02:57;715;1023;715;;11308
10:02:57;715;1023;715;;11236
10:02:58;715;1023;715;;11264
10:02:58;715;1023;715;;11208
10:02:59;715;1023;715;;11184
10:02:59;715;1023;715;;11332
10:03:00;715;1023;715;;11280
10:03:00;715;1023;715;;11260
10:03:01;715;1023;715;;11308
10:03:01;715;1023;715;;11236
10:03:02;715;1023;715;;11284
10:03:02;715;1023;715;;11264
10:03:03;715;1023;715;;11180
10:03:03;715;1023;715;;11208
10:03:04;715;1023;715;;11208
10:03:04;715;1023;715;;13224
10:03:05;715;1023;715;;12316
10:03:05;715;1023;715;;11360
10:03:06;715;1023;715;;11232
10:03:06;715;1023;715;;11184
10:03:07;715;1023;715;;11232
10:03:07;715;1023;715;;11204
10:03:08;715;1023;715;;11228
10:03:08;715;1023;715;;12240
10:03:09;715;1023;715;;11208
10:03:09;715;1023;715;;11336
10:03:10;715;1023;715;;11432
10:03:10;715;1023;715;;11184
10:03:11;715;1023;715;;11204
10:03:11;715;1023;715;;12340
10:03:12;715;1023;715;;13324
10:03:12;715;1023;715;;11476
10:03:13;715;1023;715;;11208
10:03:13;715;1023;715;;11208
10:03:14;715;1023;715;;11260
10:03:15;715;1023;715;;11180
10:03:15;715;1023;715;;11204
10:03:16;715;1023;715;;11160
10:03:16;715;1023;715;;11280
10:03:17;715;1023;715;;11284
10:03:17;715;1023;715;;11208
10:03:18;715;1023;715;;11208
10:03:18;715;1023;715;;13220
10:03:19;715;1023;715;;11184
10:03:19;715;1023;715;;11464
10:03:20;715;1023;715;;11308
10:03:20;715;1023;715;;11228
10:03:21;715;1023;715;;11208
10:03:21;715;1023;715;;11288
10:03:22;715;1023;715;;11260
10:03:22;715;1023;715;;11156
10:03:23;715;1023;715;;13256
10:03:23;715;1023;715;;11236
10:03:24;715;1023;715;;11232
10:03:24;715;1023;715;;11352
10:03:25;715;1023;715;;13248
10:03:25;715;1023;715;;11508
10:03:26;715;1023;715;;11332
10:03:26;715;1023;715;;11256
10:03:27;715;1023;715;;11328
10:03:27;715;1023;715;;11460
10:03:28;715;1023;715;;11156
10:03:28;715;1023;715;;11280
10:03:29;715;1023;715;;13244
10:03:29;715;1023;715;;11384
10:03:30;715;1023;715;;11208
10:03:30;715;1023;715;;13248
10:03:31;715;1023;715;;11284
10:03:31;715;1023;715;;11284
10:03:32;715;1023;715;;11204
10:03:32;715;1023;715;;11336
10:03:33;715;1023;715;;13256
10:03:33;715;1023;715;;11184
10:03:34;715;1023;715;;11204
10:03:34;715;1023;715;;8192
10:03:35;715;1023;715;;11228
