12:00:00;553;600;553;;10756
12:00:00;553;600;553;;10680
12:00:01;553;600;553;;10756
12:00:01;553;600;553;;10808
12:00:02;553;600;553;;10756
12:00:02;553;600;553;;10784
12:00:03;553;600;553;;10732
12:00:03;553;600;553;;10832
12:00:04;553;600;553;;10704
12:00:04;553;600;553;;10780
12:00:05;553;600;553;;10732
12:00:05;553;600;553;;10728
12:00:06;553;600;553;;10732
12:00:06;553;600;553;;10708
12:00:07;553;600;553;;10728
12:00:07;553;600;553;;10728
12:00:08;553;600;553;;10756
12:00:08;553;600;553;;10684
12:00:09;553;600;553;;10704
12:00:09;553;600;553;;10808
12:00:10;553;600;553;;10804
12:00:10;553;600;553;;10808
12:00:11;553;601;553;;10728
12:00:11;553;601;553;;10756
12:00:12;553;600;553;;10832
12:00:12;553;600;553;;10976
12:00:13;553;599;553;;10780
12:00:13;553;599;553;;10728
12:00:14;553;600;553;;10780
12:00:14;553;600;553;;10732
12:00:15;553;600;553;;10808
12:00:15;553;600;553;;10732
12:00:16;553;600;553;;10784
12:00:16;553;600;553;;10760
12:00:17;553;600;553;;10804
12:00:17;553;600;553;;10712
12:00:18;553;600;553;;10684
12:00:18;553;600;553;;10732
12:00:19;553;601;553;;10756
12:00:19;553;601;553;;10936
12:00:20;553;600;553;;10708
12:00:21;553;601;553;;10708
12:00:21;553;601;553;;10756
12:00:22;553;600;553;;10784
12:00:22;553;600;553;;10728
12:00:23;554;601;554;;10732
12:00:23;554;601;554;;10732
12:00:24;553;601;553;;10784
12:00:24;553;601;553;;10732
12:00:25;553;601;553;;10780
12:00:25;553;601;553;;10704
12:00:26;553;601;554;;10808
12:00:26;553;601;554;;10756
12:00:27;553;601;553;;10784
12:00:27;553;601;553;;10780
12:00:28;553;601;553;;10712
12:00:28;553;601;553;;10756
12:00:29;553;601;553;;10732
12:00:29;553;601;553;;10756
12:00:30;553;601;553;;10756
12:00:30;553;601;553;;10708
12:00:31;553;601;553;;10904
12:00:31;553;601;553;;10704
12:00:32;553;601;553;;10760
12:00:32;553;601;553;;10736
12:00:33;554;601;554;;10784
12:00:33;554;601;554;;10756
12:00:34;554;602;554;;10756
12:00:34;554;602;554;;10756
12:00:35;554;603;554;;10704
12:00:35;554;603;554;;10704
12:00:36;555;603;555;;10728
12:00:36;555;603;555;;10732
12:00:37;555;604;555;;10760
12:00:37;555;604;555;;10784
12:00:38;556;605;556;;10732
12:00:38;556;605;556;;10732
12:00:39;556;605;556;;10704
12:00:39;556;605;556;;10732
12:00:40;556;605;556;;10736
12:00:40;556;605;556;;10960
12:00:41;555;605;555;;10736
12:00:41;555;605;555;;10728
12:00:42;555;604;555;;10756
12:00:42;555;604;555;;10704
12:00:43;556;605;555;;10684
12:00:43;556;605;555;;10728
12:00:44;555;604;555;;10784
12:00:44;555;604;555;;10808
12:00:45;555;605;555;;10684
12:00:45;555;605;555;;10752
12:00:46;555;604;555;;10756
12:00:46;555;604;555;;10728
12:00:47;555;604;555;;10784
12:00:47;555;604;555;;10804
12:00:48;556;605;556;;10708
12:00:48;556;605;556;;10756
12:00:49;555;604;555;;10804
12:00:50;555;604;555;;10732
12:00:50;555;604;555;;10732
12:00:51;555;605;556;;10704
12:00:51;555;605;556;;10728
12:00:52;555;604;555;;10704
12:00:52;555;604;555;;10784
12:00:53;556;605;556;;10756
12:00:53;556;605;556;;10708
12:00:54;556;605;556;;10832
12:00:54;556;605;556;;10704
12:00:55;556;604;555;;10756
12:00:55;556;604;555;;10780
12:00:56;555;604;555;;10752
12:00:56;555;604;555;;10728
12:00:57;556;605;556;;10704
12:00:57;556;605;556;;10736
12:00:58;555;604;555;;10704
12:00:58;555;604;555;;10704
12:00:59;556;605;556;;10780
12:00:59;556;605;556;;10728
12:01:00;556;605;556;;10780
12:01:00;556;605;556;;10732
12:01:01;556;605;556;;10784
12:01:01;556;605;556;;10684
12:01:02;556;605;556;;10728
12:01:02;556;605;556;;10784
12:01:03;555;604;555;;10728
12:01:03;555;604;555;;10684
12:01:04;556;604;555;;10756
12:01:04;556;604;555;;10704
12:01:05;556;605;556;;10756
12:01:05;556;605;556;;10736
12:01:06;556;605;556;;10756
12:01:06;556;605;556;;10704
12:01:07;555;604;555;;10780
12:01:07;555;604;555;;10780
12:01:08;556;605;556;;10680
12:01:08;556;605;556;;10728
12:01:09;556;605;556;;10704
12:01:09;556;605;556;;10684
12:01:10;556;605;556;;10708
12:01:10;556;605;556;;10756
12:01:11;556;605;556;;10684
12:01:11;556;605;556;;10708
12:01:12;556;605;556;;10708
12:01:12;556;605;556;;10780
12:01:13;556;605;556;;10732
12:01:13;556;605;556;;10704
12:01:14;555;604;555;;10708
12:01:14;555;604;555;;10760
12:01:15;555;604;555;;10728
12:01:15;555;604;555;;10704
12:01:16;556;605;556;;10784
12:01:16;556;605;556;;10756
12:01:17;555;605;555;;10728
12:01:17;555;605;555;;10760
12:01:18;556;605;556;;10728
12:01:19;555;604;555;;10728
12:01:19;555;604;555;;10728
12:01:20;556;605;556;;10732
12:01:20;556;605;556;;10760
12:01:21;556;605;556;;10828
12:01:21;556;605;556;;10708
12:01:22;556;605;556;;10732
12:01:22;556;605;556;;10732
12:01:23;556;604;555;;10756
12:01:23;556;604;555;;10756
12:01:24;556;606;556;;10688
12:01:24;556;606;556;;10784
12:01:25;556;604;555;;10756
12:01:25;556;604;555;;10804
12:01:26;555;604;555;;10704
12:01:26;555;604;555;;10780
12:01:27;555;604;555;;10756
12:01:27;555;604;555;;10756
12:01:28;555;604;555;;10856
12:01:28;555;604;555;;10732
12:01:29;555;604;555;;10684
12:01:29;555;604;555;;10756
12:01:30;555;604;555;;10760
12:01:30;555;604;555;;10784
12:01:31;555;603;555;;10732
12:01:31;555;603;555;;10728
12:01:32;555;604;555;;10708
12:01:32;555;604;555;;10780
12:01:33;555;604;555;;10704
12:01:33;555;604;555;;10756
12:01:34;555;603;555;;10752
12:01:34;555;603;555;;10704
12:01:35;555;603;555;;10960
12:01:35;555;603;555;;10804
12:01:36;554;602;554;;10804
12:01:36;554;602;554;;10780
12:01:37;554;603;554;;10756
12:01:37;554;603;554;;10684
12:01:38;555;603;555;;10804
12:01:38;555;603;555;;10708
12:01:39;555;603;555;;10732
12:01:39;555;603;555;;10752
12:01:40;555;603;555;;10756
12:01:40;555;603;555;;10704
12:01:41;555;604;555;;10704
12:01:41;555;604;555;;10760
12:01:42;555;605;556;;10784
12:01:42;555;605;556;;10752
12:01:43;555;604;555;;10700
12:01:43;555;604;555;;10684
12:01:44;555;604;555;;10828
12:01:44;555;604;555;;10752
12:01:45;555;604;555;;10728
12:01:45;555;604;555;;10732
12:01:46;555;604;555;;10728
12:01:46;555;604;555;;10784
12:01:47;555;604;555;;10708
12:01:48;556;605;556;;10756
12:01:48;556;605;556;;10704
12:01:49;555;604;555;;10728
12:01:49;555;604;555;;10708
12:01:50;556;605;555;;10756
12:01:50;556;605;555;;10808
12:01:51;556;605;556;;10756
12:01:51;556;605;556;;10804
12:01:52;556;605;556;;10732
12:01:52;556;605;556;;10712
12:01:53;556;605;556;;10808
12:01:53;556;605;556;;10708
12:01:54;556;605;556;;10680
12:01:54;556;605;556;;11196
12:01:55;556;605;556;;10784
12:01:55;556;605;556;;10832
12:01:56;556;605;556;;10704
12:01:56;556;605;556;;10704
12:01:57;556;605;556;;10728
12:01:57;556;605;556;;10704
12:01:58;556;605;556;;10780
12:01:58;556;605;556;;10804
12:01:59;556;606;556;;10756
12:01:59;556;606;556;;10704
12:02:00;556;606;556;;10760
12:02:00;556;606;556;;10732
12:02:01;556;605;556;;10864
12:02:01;556;605;556;;10704
12:02:02;555;605;555;;10728
12:02:02;555;605;555;;10732
12:02:03;555;604;555;;10780
12:02:03;555;604;555;;10680
12:02:04;555;604;555;;10776
12:02:04;555;604;555;;10704
12:02:05;555;604;555;;10704
12:02:05;555;604;555;;10780
12:02:06;555;604;555;;10780
12:02:06;555;604;555;;10704
12:02:07;555;604;555;;10756
12:02:07;555;604;555;;10760
12:02:08;555;604;555;;10756
12:02:08;555;604;555;;10760
12:02:09;555;604;555;;10704
12:02:09;555;604;555;;10756
12:02:10;555;604;555;;10680
12:02:10;555;604;555;;10680
12:02:11;555;604;555;;10708
12:02:11;555;604;555;;10704
12:02:12;555;604;555;;10728
12:02:12;555;604;555;;10708
12:02:13;556;604;555;;10708
12:02:13;556;604;555;;10680
12:02:14;555;604;555;;10760
12:02:14;555;604;555;;10860
12:02:15;555;604;555;;10756
12:02:16;555;604;555;;10756
12:02:16;555;604;555;;10680
12:02:17;555;603;555;;10780
12:02:17;555;603;555;;10784
12:02:18;555;603;555;;10828
12:02:18;555;603;555;;10704
12:02:19;555;603;555;;10732
12:02:19;555;603;555;;10732
12:02:20;555;603;555;;10704
12:02:20;555;603;555;;10784
12:02:21;555;603;555;;10704
12:02:21;555;603;555;;10784
12:02:22;555;603;555;;10736
12:02:22;555;603;555;;10832
12:02:23;555;603;555;;10756
12:02:23;555;603;555;;10680
12:02:24;555;604;555;;10780
12:02:24;555;604;555;;10728
12:02:25;555;603;555;;10704
12:02:25;555;603;555;;10856
12:02:26;555;604;555;;10704
12:02:26;555;604;555;;10732
12:02:27;555;604;555;;10708
12:02:27;555;604;555;;10856
12:02:28;555;604;555;;10832
12:02:28;555;604;555;;10708
12:02:29;555;604;555;;10780
12:02:29;555;604;555;;10780
12:02:30;555;604;555;;10732
12:02:30;555;604;555;;10808
12:02:31;555;604;555;;10760
12:02:31;555;604;555;;10708
12:02:32;555;604;555;;10784
12:02:32;555;604;555;;10708
12:02:33;555;604;555;;10728
12:02:33;555;604;555;;10760
12:02:34;555;604;555;;10784
12:02:34;555;604;555;;10752
12:02:35;555;603;555;;10708
12:02:35;555;603;555;;10732
12:02:36;555;603;555;;10704
12:02:36;555;603;555;;10780
12:02:37;555;604;555;;10756
12:02:37;555;604;555;;10728
12:02:38;555;604;555;;10704
12:02:38;555;604;555;;10804
12:02:39;555;604;555;;10728
12:02:39;555;604;555;;10880
12:02:40;555;604;555;;10784
12:02:40;555;604;555;;10704
12:02:41;555;604;555;;10704
12:02:41;555;604;555;;10780
12:02:42;555;604;555;;10704
12:02:42;555;604;555;;10704
12:02:43;555;604;555;;10756
12:02:43;555;604;555;;10728
12:02:44;555;605;556;;10708
12:02:45;555;604;555;;10780
12:02:45;555;604;555;;10756
12:02:46;555;603;555;;10684
12:02:46;555;603;555;;10708
12:02:47;555;603;554;;10680
12:02:47;555;603;554;;10832
12:02:48;554;602;554;;10756
12:02:48;554;602;554;;10780
12:02:49;554;602;554;;10708
12:02:49;554;602;554;;10832
12:02:50;554;601;554;;10752
12:02:50;554;601;554;;10704
12:02:51;554;602;554;;10732
12:02:51;554;602;554;;10732
12:02:52;554;602;554;;10756
12:02:52;554;602;554;;10804
12:02:53;554;602;554;;10736
12:02:53;554;602;554;;10732
12:02:54;554;601;554;;10784
12:02:54;554;601;554;;10756
12:02:55;554;602;554;;10804
12:02:55;554;602;554;;10708
12:02:56;554;602;554;;10704
12:02:56;554;602;554;;10784
12:02:57;555;603;554;;10780
12:02:57;555;603;554;;10784
12:02:58;554;603;554;;10756
12:02:58;554;603;554;;10704
12:02:59;554;602;554;;10704
12:02:59;554;602;554;;10708
12:03:00;554;602;554;;10832
12:03:00;554;602;554;;10760
12:03:01;554;602;554;;10756
12:03:01;554;602;554;;10808
12:03:02;554;602;554;;10708
12:03:02;554;602;554;;10704
12:03:03;554;602;554;;10704
12:03:03;554;602;554;;10756
12:03:04;554;602;554;;10732
12:03:04;554;602;554;;10756
12:03:05;554;602;554;;10784
12:03:05;554;602;554;;10760
12:03:06;554;603;555;;10832
12:03:06;554;603;555;;10828
12:03:07;554;603;554;;10784
12:03:07;554;603;554;;10732
12:03:08;554;602;554;;10780
12:03:08;554;602;554;;10704
12:03:09;554;602;554;;10680
12:03:09;554;602;554;;10704
12:03:10;554;602;554;;10804
12:03:10;554;602;554;;10784
12:03:11;554;603;554;;10828
12:03:11;554;603;554;;10756
12:03:12;554;603;554;;10780
12:03:12;554;603;554;;10728
12:03:13;554;603;554;;10756
12:03:14;554;602;554;;10760
12:03:14;554;602;554;;10780
12:03:15;554;602;554;;10784
12:03:15;554;602;554;;10704
12:03:16;554;603;554;;10760
12:03:16;554;603;554;;10708
12:03:17;554;602;554;;10704
12:03:17;554;602;554;;10704
12:03:18;555;603;555;;10732
12:03:18;555;603;555;;10704
12:03:19;554;602;554;;10732
12:03:19;554;602;554;;10704
12:03:20;554;602;554;;10704
12:03:20;554;602;554;;10756
12:03:21;554;602;554;;10780
12:03:21;554;602;554;;10736
12:03:22;554;603;554;;10732
12:03:22;554;603;554;;11220
12:03:23;554;603;554;;10832
12:03:23;554;603;554;;10760
12:03:24;555;603;555;;10780
12:03:24;555;603;555;;10756
12:03:25;554;603;554;;10704
12:03:25;554;603;554;;10704
12:03:26;554;603;554;;10708
12:03:26;554;603;554;;10784
12:03:27;554;603;555;;10708
12:03:27;554;603;555;;10752
12:03:28;555;603;555;;10704
12:03:28;555;603;555;;10732
12:03:29;554;603;554;;10756
12:03:29;554;603;554;;10756
12:03:30;555;603;555;;10704
12:03:30;555;603;555;;10784
12:03:31;554;602;554;;10780
12:03:31;554;602;554;;10804
12:03:32;554;602;554;;10780
12:03:32;554;602;554;;10856
12:03:33;554;602;554;;10680
12:03:33;554;602;554;;10752
12:03:34;554;602;554;;10728
12:03:34;554;602;554;;10704
12:03:35;554;601;554;;10780
12:03:35;554;601;554;;10704
12:03:36;554;602;554;;10708
12:03:36;554;602;554;;10756
12:03:37;554;602;554;;10736
12:03:37;554;602;554;;10680
12:03:38;554;601;554;;10756
12:03:38;554;601;554;;10808
12:03:39;553;600;553;;10708
12:03:39;553;600;553;;10728
12:03:40;554;601;554;;10676
12:03:40;554;601;554;;11220
12:03:41;553;601;553;;10704
12:03:41;553;601;553;;10680
12:03:42;553;601;553;;10756
12:03:43;554;601;554;;10728
12:03:43;554;601;554;;10728
12:03:44;554;601;554;;10728
12:03:44;554;601;554;;10708
12:03:45;554;602;554;;10756
12:03:45;554;602;554;;10712
12:03:46;553;601;553;;10760
12:03:46;553;601;553;;10676
12:03:47;553;601;553;;10732
12:03:47;553;601;553;;10760
12:03:48;553;601;553;;10784
12:03:48;553;601;553;;10732
12:03:49;553;601;553;;10780
12:03:49;553;601;553;;10756
12:03:50;553;601;553;;10756
12:03:50;553;601;553;;10780
12:03:51;553;601;553;;10760
12:03:51;553;601;553;;10708
12:03:52;553;600;553;;10856
12:03:52;553;600;553;;10732
12:03:53;553;601;553;;10756
12:03:53;553;601;553;;10732
12:03:54;553;600;553;;10756
12:03:54;553;600;553;;10704
12:03:55;553;601;553;;10784
12:03:55;553;601;553;;10756
12:03:56;553;600;553;;10704
12:03:56;553;600;553;;10836
12:03:57;553;601;553;;10732
12:03:57;553;601;553;;10756
12:03:58;553;600;553;;10732
12:03:58;553;600;553;;10856
12:03:59;553;600;553;;10704
12:03:59;553;600;553;;10732
12:04:00;553;600;553;;10756
12:04:00;553;600;553;;10776
12:04:01;553;601;553;;10808
12:04:01;553;601;553;;10728
12:04:02;553;600;553;;10760
12:04:02;553;600;553;;10784
12:04:03;553;600;553;;10756
12:04:03;553;600;553;;10736
12:04:04;553;600;553;;10828
12:04:04;553;600;553;;10736
12:04:05;553;600;553;;10704
12:04:05;553;600;553;;10732
12:04:06;553;600;553;;10732
12:04:06;553;600;553;;10780
12:04:07;553;600;553;;10704
12:04:07;553;600;553;;10680
12:04:08;553;600;553;;10832
12:04:08;553;600;553;;10784
12:04:09;553;600;553;;10756
12:04:09;553;600;553;;10732
12:04:10;553;601;553;;10680
12:04:10;553;601;553;;10732
12:04:11;553;601;553;;10680
12:04:12;553;600;553;;10780
12:04:12;553;600;553;;10756
12:04:13;553;600;553;;10756
12:04:13;553;600;553;;10732
12:04:14;553;600;553;;10684
12:04:14;553;600;553;;10708
12:04:15;553;600;553;;10756
12:04:15;553;600;553;;10732
12:04:16;553;601;553;;10808
12:04:16;553;601;553;;10756
12:04:17;553;600;553;;10784
12:04:17;553;600;553;;10760
12:04:18;553;601;553;;10756
12:04:18;553;601;553;;10756
12:04:19;553;600;553;;10760
12:04:19;553;600;553;;10808
12:04:20;553;601;553;;11268
12:04:20;553;601;553;;10756
12:04:21;553;600;553;;10728
12:04:21;553;600;553;;10704
12:04:22;553;600;553;;10704
12:04:22;553;600;553;;10732
12:04:23;553;600;553;;10704
12:04:23;553;600;553;;10708
12:04:24;553;601;553;;10756
12:04:24;553;601;553;;10704
12:04:25;553;601;553;;10804
12:04:25;553;601;553;;10704
12:04:26;553;600;553;;10704
12:04:26;553;600;553;;10756
12:04:27;553;600;553;;10784
12:04:27;553;600;553;;10680
12:04:28;553;600;553;;10708
12:04:28;553;600;553;;10704
12:04:29;553;600;553;;10732
12:04:29;553;600;553;;10756
12:04:30;553;600;553;;10732
12:04:30;553;600;553;;10752
12:04:31;553;600;553;;10708
12:04:31;553;600;553;;10856
12:04:32;553;600;553;;10808
12:04:32;553;600;553;;10860
12:04:33;553;600;553;;10704
12:04:33;553;600;553;;10708
12:04:34;553;601;553;;10704
12:04:34;553;601;553;;10704
12:04:35;553;601;553;;10704
12:04:35;553;601;553;;10684
12:04:36;553;600;553;;10756
12:04:36;553;600;553;;10732
12:04:37;553;600;553;;10704
12:04:37;553;600;553;;10756
12:04:38;553;600;553;;10780
12:04:38;553;600;553;;10780
12:04:39;553;600;553;;10780
12:04:39;553;600;553;;10780
12:04:40;553;600;553;;10704
12:04:41;553;600;553;;10808
12:04:41;553;600;553;;10756
12:04:42;553;600;553;;10828
12:04:42;553;600;553;;10680
12:04:43;553;601;553;;10704
12:04:43;553;601;553;;10804
12:04:44;553;600;553;;10788
12:04:44;553;600;553;;10708
12:04:45;553;601;553;;10732
12:04:45;553;601;553;;10704
12:04:46;553;601;553;;10732
12:04:46;553;601;553;;10732
12:04:47;553;600;553;;10784
12:04:47;553;600;553;;10804
12:04:48;553;601;554;;10760
12:04:48;553;601;554;;10808
12:04:49;554;601;554;;10756
12:04:49;554;601;554;;10728
12:04:50;554;601;554;;10680
12:04:50;554;601;554;;10760
12:04:51;554;601;554;;10732
12:04:51;554;601;554;;10784
12:04:52;554;601;554;;10704
12:04:52;554;601;554;;10712
12:04:53;554;601;554;;10732
12:04:53;554;601;554;;10804
12:04:54;554;601;554;;10780
12:04:54;554;601;554;;10704
12:04:55;554;601;554;;10808
12:04:55;554;601;554;;10808
12:04:56;554;601;554;;10732
12:04:56;554;601;554;;10712
12:04:57;554;601;554;;10728
12:04:57;554;601;554;;10808
12:04:58;554;601;554;;10756
12:04:58;554;601;554;;10708
12:04:59;553;601;553;;10728
12:04:59;553;601;553;;10780
12:05:00;553;601;553;;10780
12:05:00;553;601;553;;10756
12:05:01;553;601;553;;10856
12:05:01;553;601;553;;10780
12:05:02;554;602;554;;10760
12:05:02;554;602;554;;10704
12:05:03;554;601;554;;10756
12:05:03;554;601;554;;10832
12:05:04;554;601;553;;10704
12:05:04;554;601;553;;10704
12:05:05;553;601;553;;10732
12:05:05;553;601;553;;10732
12:05:06;553;601;553;;10704
12:05:06;553;601;553;;10732
12:05:07;553;601;553;;10780
12:05:07;553;601;553;;10784
12:05:08;553;600;553;;10732
12:05:08;553;600;553;;10808
12:05:09;553;601;553;;10704
12:05:10;553;601;553;;10728
12:05:10;553;601;553;;10780
12:05:11;553;601;553;;10704
12:05:11;553;601;553;;10732
12:05:12;553;600;553;;10680
12:05:12;553;600;553;;10728
12:05:13;553;600;553;;10708
12:05:13;553;600;553;;10704
12:05:14;553;600;553;;10704
12:05:14;553;600;553;;10732
12:05:15;553;600;553;;10808
12:05:15;553;600;553;;10756
12:05:16;553;600;553;;10732
12:05:16;553;600;553;;10708
12:05:17;553;600;553;;10684
12:05:17;553;600;553;;10728
12:05:18;553;600;553;;10736
12:05:18;553;600;553;;10708
12:05:19;553;600;553;;10732
12:05:19;553;600;553;;10728
12:05:20;553;600;553;;10756
12:05:20;553;600;553;;10780
12:05:21;553;600;553;;10732
12:05:21;553;600;553;;10760
12:05:22;553;600;553;;10784
12:05:22;553;600;553;;10832
12:05:23;553;601;553;;10680
12:05:23;553;601;553;;10808
12:05:24;553;600;553;;10700
12:05:24;553;600;553;;10832
12:05:25;553;600;553;;10704
12:05:25;553;600;553;;10708
12:05:26;553;600;553;;10780
12:05:26;553;600;553;;10784
12:05:27;553;600;553;;10708
12:05:27;553;600;553;;10756
12:05:28;553;600;553;;10708
12:05:28;553;600;553;;10780
12:05:29;553;600;553;;10708
12:05:29;553;600;553;;10804
12:05:30;553;599;553;;10780
12:05:30;553;599;553;;10704
12:05:31;553;600;553;;10732
12:05:31;553;600;553;;10784
12:05:32;553;600;553;;10708
12:05:32;553;600;553;;10680
12:05:33;553;600;553;;10724
12:05:33;553;600;553;;10680
12:05:34;553;600;553;;10704
12:05:34;553;600;553;;10732
12:05:35;554;601;554;;10708
12:05:35;554;601;554;;11244
12:05:36;554;602;554;;10780
12:05:36;554;602;554;;10704
12:05:37;554;602;554;;10732
12:05:37;554;602;554;;10732
12:05:38;554;602;554;;10704
12:05:39;554;602;554;;10812
12:05:39;554;602;554;;10732
12:05:40;554;602;554;;10732
12:05:40;554;602;554;;10832
12:05:41;554;602;554;;10780
12:05:41;554;602;554;;10756
12:05:42;554;603;554;;10756
12:05:42;554;603;554;;10756
12:05:43;554;602;554;;10708
12:05:43;554;602;554;;10704
12:05:44;554;603;554;;10880
12:05:44;554;603;554;;10832
12:05:45;555;603;555;;10780
12:05:45;555;603;555;;10732
12:05:46;554;602;554;;10704
12:05:46;554;602;554;;10728
12:05:47;554;603;554;;10756
12:05:47;554;603;554;;10808
12:05:48;555;604;555;;10780
12:05:48;555;604;555;;10832
12:05:49;555;603;555;;10808
12:05:49;555;603;555;;10680
12:05:50;555;603;555;;10756
12:05:50;555;603;555;;10956
12:05:51;555;603;554;;10712
12:05:51;555;603;554;;10704
12:05:52;554;602;554;;10760
12:05:52;554;602;554;;10760
12:05:53;554;602;554;;10708
12:05:53;554;602;554;;10704
12:05:54;554;603;554;;10684
12:05:54;554;603;554;;10784
12:05:55;554;602;554;;10756
12:05:55;554;602;554;;10732
12:05:56;554;602;554;;10832
12:05:56;554;602;554;;10728
12:05:57;554;602;554;;10784
12:05:57;554;602;554;;10704
12:05:58;554;602;554;;10780
12:05:58;554;602;554;;10760
12:05:59;554;602;554;;10756
12:05:59;554;602;554;;10808
12:06:00;554;601;554;;10904
12:06:00;554;601;554;;10784
12:06:01;554;602;554;;10808
12:06:01;554;602;554;;10736
12:06:02;554;602;554;;10784
12:06:02;554;602;554;;10680
12:06:03;554;601;554;;10756
12:06:03;554;601;554;;10756
12:06:04;554;602;554;;10780
12:06:04;554;602;554;;10732
12:06:05;554;602;554;;10708
12:06:05;554;602;554;;10708
12:06:06;554;601;554;;10756
12:06:06;554;601;554;;10684
12:06:07;554;601;554;;10780
12:06:08;554;602;554;;10708
12:06:08;554;602;554;;10728
12:06:09;554;602;554;;10732
12:06:09;554;602;554;;10756
12:06:10;554;602;554;;10760
12:06:10;554;602;554;;10880
12:06:11;554;602;554;;10708
12:06:11;554;602;554;;10704
12:06:12;554;602;554;;10828
12:06:12;554;602;554;;10732
12:06:13;554;602;554;;10704
12:06:13;554;602;554;;10732
12:06:14;554;602;554;;10680
12:06:14;554;602;554;;10708
12:06:15;554;602;554;;10780
12:06:15;554;602;554;;10808
12:06:16;554;602;554;;10756
12:06:16;554;602;554;;10784
12:06:17;554;602;554;;10680
12:06:17;554;602;554;;10732
12:06:18;554;602;554;;10780
12:06:18;554;602;554;;10756
12:06:19;554;602;554;;10780
12:06:19;554;602;554;;10752
12:06:20;554;602;554;;10732
12:06:20;554;602;554;;10780
12:06:21;554;602;554;;10728
12:06:21;554;602;554;;10756
12:06:22;554;602;554;;10704
12:06:22;554;602;554;;10860
12:06:23;554;602;554;;10680
12:06:23;554;602;554;;10680
12:06:24;554;602;554;;10704
12:06:24;554;602;554;;10760
12:06:25;554;602;554;;10804
12:06:25;554;602;554;;10732
12:06:26;555;603;554;;10780
12:06:26;555;603;554;;10852
12:06:27;555;603;555;;10756
12:06:27;555;603;555;;10680
12:06:28;555;603;555;;10784
12:06:28;555;603;555;;10860
12:06:29;554;602;554;;10756
12:06:29;554;602;554;;10732
12:06:30;554;602;554;;10776
12:06:30;554;602;554;;10756
12:06:31;554;602;554;;10728
12:06:31;554;602;554;;10708
12:06:32;554;602;554;;10728
12:06:32;554;602;554;;10860
12:06:33;554;601;554;;10880
12:06:33;554;601;554;;10728
12:06:34;554;602;554;;10728
12:06:34;554;602;554;;10756
12:06:35;553;601;553;;10756
12:06:36;554;601;554;;10708
12:06:36;554;601;554;;10808
12:06:37;554;601;554;;10756
12:06:37;554;601;554;;10704
12:06:38;554;602;554;;10804
12:06:38;554;602;554;;10784
12:06:39;554;602;554;;10928
12:06:39;554;602;554;;10728
12:06:40;554;602;554;;10908
12:06:40;554;602;554;;10708
12:06:41;554;602;554;;10740
12:06:41;554;602;554;;10756
12:06:42;554;602;554;;10756
12:06:42;554;602;554;;10784
12:06:43;554;602;554;;10804
12:06:43;554;602;554;;10732
12:06:44;554;602;554;;10704
12:06:44;554;602;554;;10760
12:06:45;554;602;554;;10732
12:06:45;554;602;554;;10808
12:06:46;554;602;554;;10704
12:06:46;554;602;554;;10732
12:06:47;554;603;554;;10784
12:06:47;554;603;554;;10736
12:06:48;554;602;554;;10808
12:06:48;554;602;554;;10808
12:06:49;554;603;554;;10808
12:06:49;554;603;554;;10784
12:06:50;555;603;555;;10808
12:06:50;555;603;555;;10756
12:06:51;555;604;555;;10732
12:06:51;555;604;555;;10784
12:06:52;556;605;556;;10756
12:06:52;556;605;556;;10780
12:06:53;556;605;556;;10756
12:06:53;556;605;556;;10756
12:06:54;556;605;556;;10832
12:06:54;556;605;556;;10708
12:06:55;555;604;555;;10756
12:06:55;555;604;555;;10756
12:06:56;556;605;556;;10732
12:06:56;556;605;556;;10708
12:06:57;555;604;555;;10828
12:06:57;555;604;555;;10756
12:06:58;555;604;555;;10784
12:06:58;555;604;555;;10756
12:06:59;555;604;555;;10728
12:06:59;555;604;555;;10760
12:07:00;556;604;555;;10728
12:07:00;556;604;555;;10732
12:07:01;555;603;555;;10780
12:07:01;555;603;555;;10780
12:07:02;555;604;555;;10780
12:07:02;555;604;555;;10684
12:07:03;555;604;555;;10780
12:07:03;555;604;555;;10752
12:07:04;555;604;555;;10760
12:07:05;555;604;555;;10780
12:07:05;555;604;555;;10784
12:07:06;555;604;555;;10756
12:07:06;555;604;555;;10780
12:07:07;555;603;555;;10704
12:07:07;555;603;555;;10756
12:07:08;555;603;554;;10704
12:07:08;555;603;554;;10784
12:07:09;554;603;555;;10708
12:07:09;554;603;555;;10708
12:07:10;555;604;555;;10704
12:07:10;555;604;555;;10732
12:07:11;555;603;555;;10680
12:07:11;555;603;555;;10704
12:07:12;555;603;555;;10736
12:07:12;555;603;555;;10784
12:07:13;554;602;554;;10704
12:07:13;554;602;554;;10760
12:07:14;554;602;554;;10780
12:07:14;554;602;554;;10804
12:07:15;554;603;554;;10728
12:07:15;554;603;554;;10732
12:07:16;554;603;554;;10732
12:07:16;554;603;554;;10760
12:07:17;555;602;554;;10656
12:07:17;555;602;554;;10728
12:07:18;554;602;554;;10732
12:07:18;554;602;554;;10756
12:07:19;554;602;554;;10684
12:07:19;554;602;554;;10732
12:07:20;554;601;553;;10732
12:07:20;554;601;553;;10680
12:07:21;554;601;554;;10784
12:07:21;554;601;554;;10704
12:07:22;554;601;553;;10704
12:07:22;554;601;553;;10756
12:07:23;554;602;554;;10756
12:07:23;554;602;554;;10756
12:07:24;554;602;554;;10784
12:07:24;554;602;554;;10704
12:07:25;554;603;554;;10756
12:07:25;554;603;554;;10860
12:07:26;555;603;555;;10784
12:07:26;555;603;555;;10756
12:07:27;555;605;556;;10680
12:07:27;555;605;556;;10704
12:07:28;556;605;556;;10708
12:07:28;556;605;556;;10688
12:07:29;555;604;555;;10756
12:07:29;555;604;555;;10732
12:07:30;555;604;555;;10784
12:07:30;555;604;555;;10832
12:07:31;556;604;555;;10804
12:07:31;556;604;555;;10732
12:07:32;555;604;555;;10708
12:07:32;555;604;555;;10732
12:07:33;556;606;556;;10680
12:07:34;556;605;555;;10680
12:07:34;556;605;555;;10712
12:07:35;556;605;556;;10780
12:07:35;556;605;556;;10728
12:07:36;556;605;556;;10704
12:07:36;556;605;556;;11032
12:07:37;556;605;556;;10756
12:07:37;556;605;556;;10728
12:07:38;556;605;556;;10704
12:07:38;556;605;556;;10704
12:07:39;556;605;556;;10808
12:07:39;556;605;556;;10708
12:07:40;556;605;556;;10808
12:07:40;556;605;556;;10732
12:07:41;556;605;556;;10708
12:07:41;556;605;556;;10708
12:07:42;556;606;556;;10780
12:07:42;556;606;556;;10732
12:07:43;556;605;556;;10708
12:07:43;556;605;556;;10808
12:07:44;556;605;556;;10756
12:07:44;556;605;556;;10732
12:07:45;556;606;556;;10756
12:07:45;556;606;556;;10680
12:07:46;556;606;556;;10832
12:07:46;556;606;556;;10732
12:07:47;556;605;556;;10732
12:07:47;556;605;556;;10728
12:07:48;556;605;556;;10756
12:07:48;556;605;556;;10756
12:07:49;556;605;556;;10704
12:07:49;556;605;556;;10680
12:07:50;556;605;556;;10704
12:07:50;556;605;556;;10684
12:07:51;555;604;555;;10956
12:07:51;555;604;555;;10884
12:07:52;555;604;555;;10708
12:07:52;555;604;555;;10808
12:07:53;555;603;555;;10704
12:07:53;555;603;555;;10708
12:07:54;555;603;554;;10788
12:07:54;555;603;554;;10728
12:07:55;555;603;555;;10756
12:07:55;555;603;555;;10680
12:07:56;554;603;554;;10680
12:07:56;554;603;554;;10704
12:07:57;555;603;555;;10704
12:07:57;555;603;555;;10708
12:07:58;554;602;554;;10708
12:07:58;554;602;554;;10708
12:07:59;555;603;555;;10708
12:07:59;555;603;555;;10756
12:08:00;555;603;555;;10760
12:08:00;555;603;555;;10680
12:08:01;555;604;555;;10756
12:08:01;555;604;555;;10780
12:08:02;555;604;555;;10708
12:08:03;556;605;556;;10732
12:08:03;556;605;556;;10708
12:08:04;556;604;556;;10704
12:08:04;556;604;556;;10732
12:08:05;555;604;555;;10732
12:08:05;555;604;555;;10784
12:08:06;555;603;555;;10780
12:08:06;555;603;555;;10780
12:08:07;555;604;555;;10704
12:08:07;555;604;555;;10704
12:08:08;555;604;555;;10732
12:08:08;555;604;555;;10680
12:08:09;555;604;555;;10756
12:08:09;555;604;555;;10732
12:08:10;555;604;555;;10684
12:08:10;555;604;555;;10804
12:08:11;555;603;555;;10808
12:08:11;555;603;555;;10756
12:08:12;555;604;555;;10728
12:08:12;555;604;555;;10704
12:08:13;555;605;555;;10732
12:08:13;555;605;555;;10680
12:08:14;555;604;555;;10804
12:08:14;555;604;555;;10780
12:08:15;555;603;555;;10732
12:08:15;555;603;555;;10856
12:08:16;555;604;555;;10780
12:08:16;555;604;555;;10732
12:08:17;555;603;555;;10732
12:08:17;555;603;555;;10704
12:08:18;555;604;555;;10708
12:08:18;555;604;555;;10808
12:08:19;555;604;555;;10760
12:08:19;555;604;555;;10680
12:08:20;555;604;555;;10904
12:08:20;555;604;555;;10732
12:08:21;555;604;555;;10708
12:08:21;555;604;555;;10780
12:08:22;555;605;555;;10732
12:08:22;555;605;555;;10756
12:08:23;555;604;555;;10760
12:08:23;555;604;555;;10756
12:08:24;555;604;555;;10732
12:08:24;555;604;555;;10780
12:08:25;555;603;555;;10728
12:08:25;555;603;555;;10756
12:08:26;555;604;555;;10756
12:08:26;555;604;555;;10732
12:08:27;555;603;555;;10812
12:08:27;555;603;555;;10708
12:08:28;555;604;555;;10880
12:08:28;555;604;555;;10756
12:08:29;555;603;555;;10756
12:08:29;555;603;555;;10756
12:08:30;555;603;555;;10732
12:08:30;555;603;555;;10732
12:08:31;555;604;555;;10732
12:08:32;555;604;555;;10732
12:08:32;555;604;555;;10732
12:08:33;555;603;555;;10780
12:08:33;555;603;555;;10708
12:08:34;555;604;555;;10756
12:08:34;555;604;555;;10732
12:08:35;556;605;556;;10756
12:08:35;556;605;556;;10732
12:08:36;556;604;555;;10756
12:08:36;556;604;555;;10760
12:08:37;555;605;556;;10708
12:08:37;555;605;556;;10780
12:08:38;555;604;555;;10728
12:08:38;555;604;555;;10780
12:08:39;555;604;555;;10780
12:08:39;555;604;555;;10760
12:08:40;555;604;555;;10756
12:08:40;555;604;555;;10756
12:08:41;555;604;555;;10708
12:08:41;555;604;555;;10784
12:08:42;555;604;555;;10756
12:08:42;555;604;555;;10732
12:08:43;556;605;556;;10756
12:08:43;556;605;556;;10732
12:08:44;556;604;555;;10732
12:08:44;556;604;555;;10732
12:08:45;555;604;555;;10804
12:08:45;555;604;555;;10728
12:08:46;555;604;555;;10708
12:08:46;555;604;555;;10732
12:08:47;555;604;555;;10736
12:08:47;555;604;555;;10780
12:08:48;555;604;555;;10760
12:08:48;555;604;555;;10732
12:08:49;555;604;555;;10904
12:08:49;555;604;555;;10780
12:08:50;555;604;555;;10808
12:08:50;555;604;555;;10808
12:08:51;555;604;555;;10808
12:08:51;555;604;555;;10756
12:08:52;555;604;555;;10704
12:08:52;555;604;555;;10704
12:08:53;555;604;555;;10804
12:08:53;555;604;555;;10780
12:08:54;555;603;555;;10732
12:08:54;555;603;555;;10708
12:08:55;555;604;555;;10704
12:08:55;555;604;555;;10728
12:08:56;555;603;555;;10952
12:08:56;555;603;555;;10828
12:08:57;555;603;555;;10680
12:08:57;555;603;555;;10732
12:08:58;554;602;554;;10756
12:08:58;554;602;554;;10732
12:08:59;554;602;554;;10736
12:08:59;554;602;554;;10804
12:09:00;554;602;554;;10756
12:09:01;554;601;554;;10760
12:09:01;554;601;554;;10704
12:09:02;553;601;553;;10804
12:09:02;553;601;553;;10732
12:09:03;553;600;553;;10808
12:09:03;553;600;553;;10728
12:09:04;553;601;553;;10784
12:09:04;553;601;553;;10732
12:09:05;553;601;553;;10784
12:09:05;553;601;553;;10704
12:09:06;554;601;554;;10708
12:09:06;554;601;554;;10708
12:09:07;554;601;554;;10784
12:09:07;554;601;554;;10704
12:09:08;554;602;554;;10704
12:09:08;554;602;554;;10756
12:09:09;554;602;554;;10708
12:09:09;554;602;554;;10804
12:09:10;554;603;554;;10804
12:09:10;554;603;554;;10780
12:09:11;555;603;555;;10680
12:09:11;555;603;555;;10780
12:09:12;555;604;555;;10776
12:09:12;555;604;555;;10752
12:09:13;555;603;554;;10808
12:09:13;555;603;554;;10760
12:09:14;555;603;555;;10812
12:09:14;555;603;555;;10728
12:09:15;555;603;554;;10704
12:09:15;555;603;554;;10784
12:09:16;554;602;554;;10760
12:09:16;554;602;554;;10732
12:09:17;554;602;554;;10704
12:09:17;554;602;554;;10680
12:09:18;554;602;554;;10732
12:09:18;554;602;554;;10708
12:09:19;554;601;553;;10752
12:09:19;554;601;553;;10708
12:09:20;554;602;554;;10732
12:09:20;554;602;554;;10732
12:09:21;553;601;553;;10704
12:09:21;553;601;553;;10732
12:09:22;554;602;554;;10728
12:09:22;554;602;554;;10704
12:09:23;554;602;554;;10732
12:09:23;554;602;554;;10836
12:09:24;554;602;554;;10736
12:09:24;554;602;554;;10904
12:09:25;554;603;554;;10756
12:09:25;554;603;554;;10656
12:09:26;554;601;554;;10708
12:09:26;554;601;554;;10756
12:09:27;553;601;553;;10736
12:09:27;553;601;553;;10760
12:09:28;553;600;553;;10756
12:09:28;553;600;553;;10804
12:09:29;554;601;553;;10760
12:09:30;554;601;553;;10756
12:09:30;554;601;553;;10780
12:09:31;554;601;554;;10760
12:09:31;554;601;554;;10756
12:09:32;554;601;554;;10760
12:09:32;554;601;554;;10756
12:09:33;554;602;554;;10728
12:09:33;554;602;554;;10832
12:09:34;554;602;554;;10756
12:09:34;554;602;554;;10732
12:09:35;553;600;553;;10708
12:09:35;553;600;553;;10784
12:09:36;553;601;553;;10708
12:09:36;553;601;553;;10680
12:09:37;553;600;553;;10784
12:09:37;553;600;553;;10780
12:09:38;553;600;553;;10704
12:09:38;553;600;553;;10704
12:09:39;553;600;553;;10732
12:09:39;553;600;553;;10756
12:09:40;553;600;553;;10680
12:09:40;553;600;553;;10756
12:09:41;553;600;553;;10708
12:09:41;553;600;553;;10756
12:09:42;553;600;553;;10708
12:09:42;553;600;553;;10784
12:09:43;553;600;553;;10780
12:09:43;553;600;553;;10732
12:09:44;553;599;553;;10808
12:09:44;553;599;553;;10780
12:09:45;553;600;553;;10708
12:09:45;553;600;553;;10784
12:09:46;553;600;553;;10828
12:09:46;553;600;553;;10728
12:09:47;553;600;553;;10780
12:09:47;553;600;553;;10704
12:09:48;554;601;554;;10704
12:09:48;554;601;554;;10808
12:09:49;554;602;554;;10756
12:09:49;554;602;554;;10780
12:09:50;554;602;554;;10732
12:09:50;554;602;554;;10728
12:09:51;554;602;554;;10756
12:09:51;554;602;554;;10752
12:09:52;555;604;555;;10704
12:09:52;555;604;555;;10704
12:09:53;554;603;554;;10804
12:09:53;554;603;554;;10712
12:09:54;555;603;555;;10756
12:09:54;555;603;555;;10708
12:09:55;555;603;555;;10832
12:09:55;555;603;555;;10832
12:09:56;555;603;555;;10756
12:09:56;555;603;555;;10728
12:09:57;555;604;555;;10808
12:09:57;555;604;555;;10756
12:09:58;554;603;554;;10680
12:09:59;555;603;555;;10704
12:09:59;555;603;555;;10808
12:10:00;555;602;554;;10780
12:10:00;555;602;554;;10704
12:10:01;555;604;555;;10680
12:10:01;555;604;555;;10704
12:10:02;555;604;555;;10704
12:10:02;555;604;555;;10856
12:10:03;555;603;555;;10704
12:10:03;555;603;555;;10708
12:10:04;556;605;556;;10728
12:10:04;556;605;556;;10756
12:10:05;555;604;555;;10728
12:10:05;555;604;555;;10732
12:10:06;555;603;555;;10708
12:10:06;555;603;555;;10708
12:10:07;555;603;555;;10708
12:10:07;555;603;555;;10756
12:10:08;554;603;554;;10804
12:10:08;554;603;554;;10804
12:10:09;555;604;555;;10752
12:10:09;555;604;555;;10792
12:10:10;555;604;555;;10828
12:10:10;555;604;555;;10804
12:10:11;553;600;553;;10704
12:10:11;553;600;553;;10704
12:10:12;552;599;552;;10708
12:10:12;552;599;552;;10756
12:10:13;553;600;553;;1920
12:10:13;553;600;553;;10756
12:10:14;552;598;552;;10704
12:10:14;552;598;552;;10704
12:10:15;552;598;552;;10784
12:10:15;552;598;552;;10780
12:10:16;552;598;552;;10680
12:10:16;552;598;552;;10704
12:10:17;552;598;552;;10728
12:10:17;552;598;552;;8144
12:10:18;552;599;552;;10880
12:10:18;552;599;552;;10708
12:10:19;553;600;553;;10756
12:10:19;553;600;553;;10804
12:10:20;553;600;553;;10780
12:10:20;553;600;553;;10704
12:10:21;553;600;553;;10732
12:10:21;553;600;553;;10704
12:10:22;553;600;553;;10732
12:10:22;553;600;553;;10880
12:10:23;552;599;552;;10732
12:10:23;552;599;552;;10832
12:10:24;553;599;553;;10728
12:10:24;553;599;553;;10732
12:10:25;552;599;552;;10704
12:10:25;552;599;552;;10728
12:10:26;553;600;553;;10756
12:10:26;553;600;553;;10884
12:10:27;553;600;553;;10728
12:10:28;553;600;553;;10700
12:10:28;553;600;553;;10804
12:10:29;554;602;554;;6508
12:10:29;554;602;554;;10728
12:10:30;553;600;553;;10828
12:10:30;553;600;553;;10704
12:10:31;554;602;554;;4164
12:10:31;554;602;554;;10876
12:10:32;554;602;554;;10752
12:10:32;554;602;554;;10756
12:10:33;553;600;553;;10752
12:10:33;553;600;553;;10800
12:10:34;553;600;553;;10728
12:10:34;553;600;553;;10704
12:10:35;553;600;553;;10724
12:10:35;553;600;553;;10748
12:10:36;553;600;553;;10824
12:10:36;553;600;553;;10680
12:10:37;553;600;553;;10728
12:10:37;553;600;553;;10728
12:10:38;553;600;553;;4480
12:10:38;553;600;553;;10776
12:10:39;552;598;552;;10776
12:10:39;552;598;552;;10704
12:10:40;552;599;552;;10724
12:10:40;552;599;552;;10852
12:10:41;553;600;553;;6560
12:10:41;553;600;553;;10752
12:10:42;554;601;554;;10804
12:10:42;554;601;554;;10752
12:10:43;554;601;554;;10776
12:10:43;554;601;554;;10728
12:10:44;553;600;553;;10748
12:10:44;553;600;553;;13772
12:10:45;553;601;553;;10676
12:10:45;553;601;553;;10704
12:10:46;554;601;554;;10724
12:10:46;554;601;554;;10752
12:10:47;553;600;553;;10828
12:10:47;553;600;553;;10896
12:10:48;553;601;553;;10772
12:10:48;553;601;553;;10800
12:10:49;554;601;554;;12188
12:10:49;554;601;554;;10748
12:10:50;554;601;554;;7516
12:10:50;554;601;554;;6332
12:10:51;554;601;554;;5872
12:10:51;554;601;554;;5880
12:10:52;553;600;553;;5876
12:10:52;553;600;553;;10720
12:10:53;553;600;553;;6240
12:10:53;553;600;553;;10696
12:10:54;553;600;553;;5708
12:10:54;553;600;553;;5744
12:10:55;553;600;553;;5672
12:10:55;553;600;553;;10768
12:10:56;553;599;553;;5304
12:10:56;553;599;553;;10916
12:10:57;553;600;553;;5616
12:10:57;553;600;553;;7056
12:10:58;555;604;555;;7192
12:10:58;555;604;555;;10744
12:10:59;562;619;563;;10748
12:10:59;562;619;563;;5560
12:11:00;571;634;571;;13388
12:11:01;576;644;576;;13848
12:11:01;576;644;576;;13348
12:11:02;577;647;577;;13224
12:11:02;577;647;577;;13612
12:11:03;580;654;581;;968
12:11:03;580;654;581;;34280
12:11:03;580;654;581;;203492
12:11:04;685;984;695;;468
12:11:04;685;984;695;;16776
12:11:05;639;803;638;;19620
12:11:06;634;789;634;;8460
12:11:06;634;789;634;;2100
12:11:07;634;789;634;;19352
12:11:07;634;789;634;;4680
12:11:08;635;795;636;;292
12:11:08;635;795;636;;19232
12:11:09;636;796;636;;4524
12:11:09;636;796;636;;164
12:11:10;637;800;637;;19088
12:11:10;637;800;637;;12020
12:11:11;636;798;637;;14124
12:11:11;636;798;637;;2868
12:11:12;636;797;636;;20068
12:11:12;636;797;636;;5488
12:11:13;636;797;636;;19092
12:11:13;636;797;636;;4332
12:11:14;636;798;636;;19716
12:11:14;636;798;636;;2436
12:11:15;637;798;636;;2976
12:11:15;637;798;636;;20256
12:11:16;635;794;635;;5492
12:11:16;635;794;635;;19392
12:11:17;632;783;632;;4728
12:11:17;632;783;632;;300
12:11:18;629;774;629;;19384
12:11:18;629;774;629;;4716
12:11:19;613;725;611;;436
12:11:19;613;725;611;;19540
12:11:20;598;692;598;;5092
12:11:20;598;692;598;;656
12:11:21;594;682;594;;19696
12:11:21;594;682;594;;5252
12:11:22;590;672;590;;19324
12:11:22;590;672;590;;4836
12:11:23;608;739;613;;1980
12:11:23;608;739;613;;16944
12:11:24;715;1023;716;;5500
12:11:24;715;1023;716;;2024
12:11:25;716;1023;716;;18464
12:11:25;716;1023;716;;6396
12:11:26;716;1023;716;;11876
12:11:26;716;1023;716;;4092
12:11:27;716;1023;716;;19748
12:11:27;716;1023;716;;5232
12:11:28;716;1023;716;;820
12:11:28;716;1023;716;;19848
12:11:29;716;1023;716;;3628
12:11:29;716;1023;716;;956
12:11:30;716;1023;716;;19904
12:11:30;716;1023;716;;11160
12:11:31;716;1023;716;;2360
12:11:31;716;1023;716;;12368
12:11:32;716;1023;716;;14672
12:11:32;716;1023;716;;11936
12:11:33;716;1023;716;;748
12:11:33;716;1023;716;;19792
12:11:34;716;1023;716;;3548
12:11:34;716;1023;716;;2536
12:11:35;716;1023;716;;18184
12:11:35;716;1023;716;;5356
12:11:36;716;1023;716;;19260
12:11:36;716;1023;716;;6400
12:11:37;716;1023;716;;18708
12:11:38;716;1023;716;;5916
12:11:38;716;1023;716;;1640
12:11:39;716;1023;716;;688
12:11:39;716;1023;716;;19752
12:11:40;716;1023;716;;3612
12:11:40;716;1023;716;;1044
12:11:41;716;1023;716;;232
12:11:41;716;1023;716;;15148
12:11:42;716;1023;716;;7492
12:11:42;716;1023;716;;1580
12:11:43;716;1023;716;;680
12:11:43;716;1023;716;;19872
12:11:44;716;1023;716;;3700
12:11:44;716;1023;716;;1092
12:11:45;716;1023;716;;136
12:11:45;716;1023;716;;19360
12:11:46;716;1023;716;;3224
12:11:46;716;1023;716;;728
12:11:47;716;1023;716;;19928
12:11:47;716;1023;716;;5576
12:11:48;716;1023;716;;1440
12:11:48;716;1023;716;;812
12:11:49;716;1023;716;;18476
12:11:49;716;1023;716;;6032
12:11:50;716;1023;716;;1988
12:11:50;716;1023;716;;4104
12:11:51;716;1023;716;;15268
12:11:51;716;1023;716;;4432
12:11:52;716;1023;716;;2076
12:11:52;716;1023;716;;19784
12:11:53;716;1023;716;;5516
12:11:53;716;1023;716;;19840
12:11:54;716;1023;716;;5572
12:11:54;716;1023;716;;1468
12:11:55;716;1023;716;;680
12:11:55;716;1023;716;;18280
12:11:56;716;1023;716;;5584
12:11:56;716;1023;716;;1344
12:11:57;716;1023;716;;18820
12:11:57;716;1023;716;;4380
12:11:58;716;1023;716;;1640
12:11:58;716;1023;716;;19020
12:11:59;716;1023;716;;1816
12:11:59;716;1023;716;;2440
12:12:00;716;1023;716;;19684
12:12:00;716;1023;716;;4864
12:12:01;716;1023;716;;252
12:12:01;716;1023;716;;18884
12:12:02;715;1023;715;;3892
12:12:02;715;1023;715;;16612
12:12:03;716;1023;716;;6648
12:12:03;716;1023;716;;1640
12:12:04;715;1023;715;;80
12:12:04;715;1023;715;;18440
12:12:05;715;1023;715;;3264
12:12:05;715;1023;715;;19764
12:12:06;715;1023;716;;4444
12:12:06;715;1023;716;;960
12:12:07;715;1023;716;;19156
12:12:07;715;1023;716;;2096
12:12:08;716;1023;716;;16060
12:12:08;716;1023;716;;5800
12:12:09;716;1023;716;;628
12:12:09;716;1023;716;;19032
12:12:10;716;1023;716;;7368
12:12:10;716;1023;716;;15808
12:12:11;716;1023;716;;480
12:12:11;716;1023;716;;492
12:12:12;716;1023;716;;17080
12:12:12;716;1023;716;;3468
12:12:13;716;1023;716;;18332
12:12:13;716;1023;716;;4700
12:12:14;716;1023;716;;19528
12:12:14;716;1023;716;;4092
12:12:15;716;1023;716;;18868
12:12:16;715;1023;716;;5176
12:12:16;715;1023;716;;18212
12:12:17;467;627;469;;17968
12:12:17;467;627;469;;9724
12:12:18;715;1023;716;;1056
12:12:18;715;1023;716;;19160
12:12:19;716;1023;716;;2020
12:12:19;716;1023;716;;188
12:12:20;716;1023;716;;16632
12:12:20;716;1023;716;;4664
12:12:21;716;1023;716;;19344
12:12:21;716;1023;716;;4056
12:12:22;716;1023;716;;18844
12:12:22;716;1023;716;;3556
12:12:23;716;1023;716;;18376
12:12:23;716;1023;716;;4912
12:12:24;716;1023;716;;19856
12:12:24;716;1023;716;;4720
12:12:25;716;1023;716;;19724
12:12:25;716;1023;716;;4680
12:12:26;716;1023;716;;17124
12:12:26;716;1023;716;;5468
12:12:27;716;1023;716;;612
12:12:27;716;1023;716;;19300
12:12:28;716;1023;716;;4404
12:12:28;716;1023;716;;19732
12:12:29;716;1023;716;;4924
12:12:29;716;1023;716;;324
12:12:30;716;1023;716;;4320
12:12:30;716;1023;716;;15340
12:12:31;716;1023;716;;2384
12:12:31;716;1023;716;;19648
12:12:32;716;1023;716;;5040
12:12:32;716;1023;716;;2336
12:12:33;715;1023;716;;15676
12:12:33;715;1023;716;;6220
12:12:34;716;1023;716;;1884
12:12:34;716;1023;716;;16624
12:12:35;715;1023;716;;7168
12:12:35;715;1023;716;;1100
12:12:36;715;1023;716;;156
12:12:36;715;1023;716;;19184
12:12:37;715;1023;716;;2960
12:12:37;715;1023;716;;1980
12:12:38;716;1023;716;;19252
12:12:38;716;1023;716;;2988
12:12:39;716;1023;716;;1904
12:12:39;716;1023;716;;19072
12:12:40;716;1023;716;;2632
12:12:40;716;1023;716;;1472
12:12:41;715;1023;716;;244
12:12:41;715;1023;716;;19008
12:12:42;715;1023;716;;2456
12:12:42;715;1023;716;;19460
12:12:43;715;1023;716;;4460
12:12:43;715;1023;716;;18736
12:12:44;716;1023;716;;3768
12:12:44;716;1023;716;;600
12:12:45;715;1023;716;;17504
12:12:45;715;1023;716;;5852
12:12:46;715;1023;716;;17616
12:12:46;715;1023;716;;5928
12:12:47;715;1023;716;;17620
12:12:47;715;1023;716;;5844
12:12:48;716;1023;716;;19180
12:12:49;715;1023;716;;4068
12:12:49;715;1023;716;;800
12:12:50;715;1023;716;;19252
12:12:50;715;1023;716;;2440
12:12:51;716;1023;716;;19100
12:12:51;716;1023;716;;4064
12:12:52;715;1023;716;;712
12:12:52;715;1023;716;;14740
12:12:53;715;1023;716;;6256
12:12:53;715;1023;716;;1320
12:12:54;715;1023;716;;19736
12:12:54;715;1023;716;;2940
12:12:55;715;1023;716;;19680
12:12:55;715;1023;716;;4696
12:12:56;715;1023;716;;1492
12:12:56;715;1023;716;;18372
12:12:57;715;1023;716;;5060
12:12:57;715;1023;716;;284
12:12:58;715;1023;716;;18900
12:12:58;715;1023;716;;4028
12:12:59;715;1023;716;;19312
12:12:59;715;1023;716;;4524
12:13:00;715;1023;716;;19856
12:13:00;715;1023;716;;5004
12:13:01;715;1023;716;;18660
12:13:01;715;1023;716;;4548
12:13:02;715;1023;716;;3356
12:13:02;715;1023;716;;344
12:13:03;715;1023;716;;19196
12:13:03;715;1023;716;;456
12:13:04;715;1023;716;;2668
12:13:04;715;1023;716;;19744
12:13:05;715;1023;716;;4972
12:13:05;715;1023;716;;2036
12:13:06;715;1023;716;;19184
12:13:06;715;1023;716;;2672
12:13:07;715;1023;716;;1484
12:13:07;715;1023;716;;244
12:13:08;715;1023;716;;19112
12:13:08;715;1023;716;;2724
12:13:09;715;1023;716;;19868
12:13:09;715;1023;716;;5144
12:13:10;715;1023;716;;17984
12:13:10;715;1023;716;;6700
12:13:11;715;1023;716;;504
12:13:11;715;1023;716;;19520
12:13:12;715;1023;716;;4940
12:13:12;715;1023;716;;572
12:13:13;715;1023;716;;19608
12:13:13;715;1023;716;;5104
12:13:14;715;1023;715;;704
12:13:14;715;1023;715;;19896
12:13:15;715;1023;716;;5424
12:13:15;715;1023;716;;1120
12:13:16;715;1023;716;;212
12:13:16;715;1023;716;;19328
12:13:17;715;1023;716;;3056
12:13:17;715;1023;716;;412
12:13:18;715;1023;716;;19448
12:13:18;715;1023;716;;4892
12:13:19;715;1023;716;;16160
12:13:19;715;1023;716;;8304
12:13:20;715;1023;716;;436
12:13:20;715;1023;716;;1012
12:13:21;715;1023;716;;18124
12:13:21;715;1023;716;;5012
12:13:22;715;1023;716;;364
12:13:22;715;1023;716;;788
12:13:23;715;1023;716;;17852
12:13:23;715;1023;716;;4660
12:13:24;715;1023;716;;18220
12:13:24;715;1023;716;;6680
12:13:25;715;1023;716;;276
12:13:25;715;1023;716;;628
12:13:26;715;1023;716;;15952
12:13:27;715;1023;716;;6120
12:13:27;715;1023;716;;19776
12:13:28;715;1023;716;;2296
12:13:28;715;1023;716;;2656
12:13:29;715;1023;716;;19656
12:13:29;715;1023;716;;3164
12:13:30;715;1023;716;;1840
12:13:30;715;1023;716;;15316
12:13:31;715;1023;716;;5536
12:13:31;715;1023;716;;896
12:13:32;715;1023;716;;19644
12:13:32;715;1023;716;;3160
12:13:33;715;1023;716;;212
12:13:33;715;1023;716;;18940
12:13:34;715;1023;716;;20048
12:13:34;715;1023;716;;8592
12:13:35;715;1023;716;;488
12:13:35;715;1023;716;;19224
12:13:36;715;1023;716;;4312
12:13:36;715;1023;716;;19596
12:13:37;715;1023;716;;2116
12:13:37;715;1023;716;;2432
12:13:38;715;1023;716;;19356
12:13:38;715;1023;716;;4516
12:13:39;715;1023;716;;19748
12:13:39;715;1023;716;;4844
12:13:40;715;1023;716;;76
12:13:40;715;1023;716;;18836
12:13:41;715;1023;716;;3880
12:13:41;715;1023;716;;19224
12:13:42;715;1023;716;;4368
12:13:42;715;1023;716;;19748
12:13:43;715;1023;716;;4908
12:13:43;715;1023;716;;332
12:13:44;715;1023;716;;19136
12:13:44;715;1023;716;;4444
12:13:45;715;1023;716;;19872
12:13:45;715;1023;716;;2648
12:13:46;715;1023;716;;3212
12:13:46;715;1023;716;;516
12:13:47;715;1023;716;;19516
12:13:47;715;1023;716;;4956
12:13:48;715;1023;716;;572
12:13:48;715;1023;716;;19616
12:13:49;715;1023;716;;5080
12:13:49;715;1023;716;;720
12:13:50;715;1023;716;;19776
12:13:50;715;1023;716;;5272
12:13:51;715;1023;716;;19252
12:13:51;715;1023;716;;4732
12:13:52;715;1023;716;;344
12:13:52;715;1023;716;;19444
12:13:53;715;1023;716;;4832
12:13:53;715;1023;716;;372
12:13:54;715;1023;716;;19292
12:13:54;715;1023;716;;2108
12:13:55;715;1023;716;;1004
12:13:55;715;1023;716;;1492
12:13:56;715;1023;716;;18668
12:13:56;715;1023;716;;3936
12:13:57;715;1023;716;;19336
12:13:57;715;1023;716;;6200
12:13:58;715;1023;716;;18220
12:13:58;715;1023;716;;6744
12:13:59;715;1023;716;;18916
12:14:00;715;1023;716;;2240
12:14:00;715;1023;716;;932
12:14:01;715;1023;716;;1300
12:14:01;715;1023;716;;18240
12:14:02;715;1023;716;;6708
12:14:02;715;1023;716;;160
12:14:03;715;1023;716;;18760
12:14:03;715;1023;716;;3672
12:14:04;715;1023;716;;16144
12:14:04;715;1023;716;;2136
12:14:05;715;1023;716;;4068
12:14:05;715;1023;716;;19044
12:14:06;715;1023;716;;3904
12:14:06;715;1023;716;;18840
12:14:07;715;1023;716;;3656
12:14:07;715;1023;716;;18584
12:14:08;715;1023;716;;5064
12:14:08;715;1023;716;;19960
12:14:09;715;1023;716;;4768
12:14:09;715;1023;716;;19680
12:14:10;715;1023;716;;4524
12:14:10;715;1023;716;;1172
12:14:11;715;1023;716;;17812
12:14:11;715;1023;716;;4432
12:14:12;715;1023;716;;19356
12:14:12;715;1023;716;;1624
12:14:13;715;1023;716;;1568
12:14:13;715;1023;716;;19936
12:14:14;715;1023;716;;4620
12:14:14;715;1023;716;;1116
12:14:15;715;1023;716;;19424
12:14:15;715;1023;716;;2556
12:14:16;715;1023;716;;19192
12:14:16;715;1023;716;;4132
12:14:17;715;1023;716;;708
12:14:17;715;1023;716;;17464
12:14:18;715;1023;716;;3980
12:14:18;715;1023;716;;19008
12:14:19;715;1023;716;;3896
12:14:19;715;1023;716;;18936
12:14:20;715;1023;716;;3900
12:14:20;715;1023;716;;788
12:14:21;715;1023;716;;17716
12:14:21;715;1023;716;;6584
12:14:22;715;1023;716;;18432
12:14:22;715;1023;716;;5192
12:14:23;715;1023;716;;18728
12:14:23;715;1023;716;;3880
12:14:24;715;1023;716;;860
12:14:24;715;1023;716;;19652
