18:39:49;581;689;595;
18:39:50;611;734;614;
18:39:51;625;767;626;
18:39:52;632;788;633;
18:39:53;637;801;637;
18:39:54;640;811;640;
18:39:55;642;819;642;
18:39:56;644;824;644;
18:39:57;645;827;645;
18:39:58;646;830;646;
18:39:59;646;832;646;
18:40:00;647;835;647;
18:40:01;648;837;648;
18:40:02;648;840;648;
18:40:03;649;841;649;
18:40:04;649;842;649;
18:40:05;649;844;650;
18:40:06;650;846;650;
18:40:07;650;848;651;
18:40:08;651;849;651;
18:40:09;651;850;651;
18:40:10;651;851;652;
18:40:11;652;852;652;
18:40:12;652;853;652;
18:40:13;652;854;652;
18:40:14;652;855;653;
18:40:15;653;857;653;
18:40:16;653;858;653;
18:40:17;654;859;654;
18:40:18;654;860;654;
18:40:19;654;860;654;
18:40:20;654;861;654;
18:40:21;654;861;654;
18:40:22;654;863;655;
18:40:23;654;863;655;
18:40:24;654;863;655;
18:40:25;655;863;655;
18:40:26;655;865;655;
18:40:27;655;866;655;
18:40:28;656;867;656;
18:40:29;655;867;656;
18:40:30;656;868;656;
18:40:31;656;870;656;
18:40:32;656;870;657;
18:40:33;656;871;657;
18:40:34;657;871;657;
18:40:35;657;872;657;
18:40:36;657;872;657;
18:40:37;657;873;657;
18:40:38;657;873;657;
18:40:39;657;874;657;
18:40:40;657;874;658;
18:40:41;658;875;658;
18:40:42;658;875;658;
18:40:43;658;876;658;
18:40:44;658;875;658;
18:40:45;658;876;658;
18:40:46;658;876;658;
18:40:47;658;876;658;
18:40:48;658;877;658;
18:40:49;658;877;658;
18:40:50;658;877;658;
18:40:51;658;878;658;
18:40:52;659;878;659;
18:40:53;659;879;659;
18:40:54;659;879;659;
18:40:55;659;879;659;
18:40:56;659;880;659;
18:40:57;659;880;659;
18:40:58;659;880;659;
18:40:59;659;881;659;
18:41:00;659;881;659;
18:41:01;659;882;660;
18:41:02;660;883;660;
18:41:03;660;883;660;
18:41:04;660;883;660;
18:41:05;660;883;660;
18:41:06;660;884;660;
18:41:07;660;884;660;
18:41:08;660;885;660;
18:41:09;660;886;660;
18:41:10;661;886;661;
18:41:11;661;887;661;
18:41:12;661;887;661;
18:41:13;661;888;661;
18:41:14;661;889;661;
18:41:15;661;888;661;
18:41:16;661;888;661;
18:41:17;661;889;661;
18:41:18;662;890;662;
18:41:19;661;890;662;
18:41:20;662;891;662;
18:41:21;662;891;662;
18:41:22;662;891;662;
18:41:23;661;890;662;
18:41:24;662;891;662;
18:41:25;662;891;662;
18:41:26;662;892;662;
18:41:27;662;893;662;
18:41:28;662;892;662;
18:41:29;662;893;662;
18:41:30;662;893;662;
18:41:31;662;893;662;
18:41:32;662;894;662;
18:41:33;662;894;662;
18:41:34;662;893;662;
18:41:35;662;893;662;
18:41:36;662;894;663;
18:41:37;663;894;663;
18:41:38;663;895;663;
18:41:39;663;895;663;
18:41:40;663;897;663;
18:41:41;663;896;663;
18:41:42;663;898;664;
18:41:43;664;900;664;
18:41:44;679;906;665;
18:41:45;672;904;665;
18:41:46;665;905;665;
18:41:47;664;902;664;
18:41:48;664;903;665;
18:41:49;665;904;665;
18:41:50;665;904;665;
18:41:51;665;903;665;
18:41:52;665;903;665;
18:41:53;665;903;665;
18:41:54;665;904;665;
18:41:55;665;904;665;
18:41:56;665;905;665;
18:41:57;665;905;665;
18:41:58;665;906;665;
18:41:59;666;907;666;
18:42:00;666;907;666;
18:42:01;666;908;666;
18:42:02;666;908;666;
18:42:03;666;908;666;
18:42:04;666;908;666;
18:42:05;666;908;666;
18:42:06;666;909;666;
18:42:07;666;910;666;
18:42:08;666;909;666;
18:42:09;666;909;666;
18:42:26;666;910;666;;11040
18:42:27;666;911;667;;11092
18:42:27;666;911;667;;10748
18:42:28;667;911;667;;11092
18:42:28;667;911;667;;11040
18:42:29;667;913;667;;11144
18:42:29;667;913;667;;11048
18:42:30;667;914;667;;11116
18:42:33;667;914;667;;11064
18:42:33;667;914;667;;11056
18:42:34;667;914;667;;11144
18:42:34;667;914;667;;11092
18:42:35;667;914;667;;11096
18:42:35;667;914;667;;11068
18:42:36;667;914;667;;11092
18:42:36;667;914;667;;11144
18:42:37;667;914;667;;11068
18:42:38;667;914;667;;10724
18:42:38;667;914;667;;11020
18:42:39;667;914;667;;11044
18:42:39;667;914;667;;11048
18:42:40;667;915;667;;11072
18:42:40;667;915;667;;11068
18:42:41;667;914;667;;11052
18:42:41;667;914;667;;11068
18:42:42;667;914;667;;11016
18:42:42;667;914;667;;11020
18:42:43;667;914;667;;11588
18:42:43;667;914;667;;10624
18:42:44;667;914;667;;11192
18:42:44;667;914;667;;11048
18:42:45;667;914;667;;11072
18:42:45;667;914;667;;11192
18:42:46;667;914;667;;11088
18:42:46;667;914;667;;11036
18:42:47;667;914;667;;11092
18:42:47;667;914;667;;11064
18:42:48;667;914;667;;3760
18:42:48;667;914;667;;11068
18:42:49;667;915;667;;11044
18:42:49;667;915;667;;11012
18:42:50;667;914;667;;11056
18:42:50;667;914;667;;11088
18:42:51;667;915;668;;11044
18:42:51;667;915;668;;11064
18:42:52;668;916;668;;7460
18:42:52;668;916;668;;11064
18:42:53;668;916;668;;11116
18:42:53;668;916;668;;11272
18:42:54;668;916;668;;11092
18:42:54;668;916;668;;11612
18:42:55;668;916;668;;13284
18:42:55;668;916;668;;7732
18:42:56;668;916;668;;7680
18:42:56;668;916;668;;7704
18:42:57;668;917;668;;7280
18:42:57;668;917;668;;7600
18:42:58;668;916;668;;5844
18:42:58;668;916;668;;9012
18:42:59;668;916;668;;13548
18:42:59;668;916;668;;11232
18:43:00;667;914;667;;11664
18:43:00;667;914;667;;13136
18:43:01;667;914;667;;13164
18:43:01;667;914;667;;11564
18:43:02;667;914;667;;10028
18:43:02;667;914;667;;11636
18:43:03;667;913;667;;11084
18:43:03;667;913;667;;11284
18:43:04;667;915;667;;11116
18:43:04;667;915;667;;11136
18:43:05;667;915;667;;11112
18:43:05;667;915;667;;11108
18:43:06;667;914;667;;11184
18:43:06;667;914;667;;11084
18:43:07;668;916;668;;11092
18:43:08;667;915;668;;11116
18:43:08;667;915;668;;11216
18:43:09;667;915;667;;11144
18:43:09;667;915;667;;11192
18:43:10;667;914;667;;11192
18:43:10;667;914;667;;11040
18:43:11;668;917;668;;11144
18:43:11;668;917;668;;11092
18:43:12;668;917;668;;11064
18:43:12;668;917;668;;11540
18:43:13;668;915;668;;11508
18:43:13;668;915;668;;11144
18:43:14;668;916;668;;11092
18:43:14;668;916;668;;11224
18:43:15;668;916;668;;11072
18:43:15;668;916;668;;11120
18:43:16;668;916;668;;11096
18:43:16;668;916;668;;11196
18:43:17;668;916;668;;11164
18:43:17;668;916;668;;11040
18:43:18;668;917;668;;11068
18:43:18;668;917;668;;11072
18:43:19;668;917;668;;11068
18:43:19;668;917;668;;11116
18:43:20;668;917;668;;11140
18:43:20;668;917;668;;11092
18:43:21;668;916;668;;11068
18:43:21;668;916;668;;11164
18:43:22;668;916;668;;11092
18:43:22;668;916;668;;11264
18:43:23;668;917;668;;11116
18:43:23;668;917;668;;11140
18:43:24;668;917;668;;11116
18:43:24;668;917;668;;11116
18:43:25;668;918;668;;11088
18:43:25;668;918;668;;11116
18:43:26;668;918;668;;11092
18:43:26;668;918;668;;11216
18:43:27;668;918;668;;11164
18:43:27;668;918;668;;11192
18:43:28;668;919;668;;11168
18:43:28;668;919;668;;11140
18:43:29;668;918;668;;8024
18:43:29;668;918;668;;11168
18:43:30;668;917;668;;8888
18:43:30;668;917;668;;7016
18:43:31;668;916;668;;7732
18:43:31;668;916;668;;5304
18:43:32;668;919;668;;13208
18:43:32;668;919;668;;11164
18:43:33;668;919;668;;11136
18:43:33;668;919;668;;11068
18:43:34;668;919;668;;11164
18:43:34;668;919;668;;11140
18:43:35;668;919;668;;7668
18:43:35;668;919;668;;7300
18:43:36;668;919;668;;11188
18:43:36;668;919;668;;11188
18:43:37;668;919;668;;11088
18:43:38;668;918;668;;11088
18:43:38;668;918;668;;11112
18:43:39;668;918;668;;11116
18:43:39;668;918;668;;11288
18:43:40;668;919;668;;11064
18:43:40;668;919;668;;11540
18:43:41;668;920;668;;11016
18:43:41;668;920;668;;11120
18:43:42;668;919;668;;11172
18:43:42;668;919;668;;11144
18:43:43;668;919;668;;11192
18:43:43;668;919;668;;11140
18:43:44;668;920;669;;11112
18:43:44;668;920;669;;11116
18:43:45;669;921;669;;11268
18:43:45;669;921;669;;11092
18:43:46;668;920;669;;11564
18:43:46;668;920;669;;11344
18:43:47;668;919;668;;11144
18:43:47;668;919;668;;11216
18:43:48;669;921;669;;11216
18:43:48;669;921;669;;11112
18:43:49;668;920;668;;11192
18:43:49;668;920;668;;11320
18:43:50;668;919;668;;11140
18:43:50;668;919;668;;11140
18:43:51;668;919;668;;11168
18:43:51;668;919;668;;11188
18:43:52;668;919;668;;11216
18:43:52;668;919;668;;11140
18:43:53;669;920;669;;11192
18:43:53;669;920;669;;11340
18:43:54;669;921;669;;11116
18:43:54;669;921;669;;11192
18:43:55;669;923;669;;11092
18:43:55;669;923;669;;11116
18:43:56;669;923;669;;11168
18:43:56;669;923;669;;11136
18:43:57;669;923;669;;11116
18:43:57;669;923;669;;11164
18:43:58;669;921;669;;11092
18:43:58;669;921;669;;11092
18:43:59;669;922;669;;11092
18:43:59;669;922;669;;11092
18:44:00;669;922;669;;11192
18:44:00;669;922;669;;11116
18:44:01;669;922;669;;11092
18:44:01;669;922;669;;11096
18:44:02;669;922;669;;11188
18:44:02;669;922;669;;11120
18:44:03;669;923;669;;9108
18:44:03;669;923;669;;11216
18:44:04;669;923;669;;8488
18:44:04;669;923;669;;7972
18:44:05;669;924;669;;7144
18:44:05;669;924;669;;7540
18:44:06;669;924;669;;6700
18:44:06;669;924;669;;6576
18:44:07;669;923;669;;11508
18:44:08;669;924;669;;11584
18:44:08;669;924;669;;7840
18:44:09;670;924;670;;7856
18:44:09;670;924;670;;11284
18:44:10;669;924;669;;8240
18:44:10;669;924;669;;8260
18:44:11;670;925;670;;9820
18:44:11;670;925;670;;11212
18:44:12;669;924;669;;7792
18:44:12;669;924;669;;7776
18:44:13;670;926;670;;7756
18:44:13;670;926;670;;7756
18:44:14;670;925;670;;7952
18:44:14;670;925;670;;7772
18:44:15;670;925;670;;7736
18:44:15;670;925;670;;7880
18:44:16;670;926;670;;7992
18:44:16;670;926;670;;7804
18:44:17;670;927;670;;7856
18:44:17;670;927;670;;7916
18:44:18;670;925;670;;11788
18:44:18;670;925;670;;7800
18:44:19;670;927;670;;7836
18:44:19;670;927;670;;7708
18:44:20;670;926;670;;7056
18:44:20;670;926;670;;7056
18:44:21;670;926;670;;6804
18:44:21;670;926;670;;7864
18:44:22;670;926;670;;7860
18:44:22;670;926;670;;7760
18:44:23;670;926;670;;7732
18:44:23;670;926;670;;7608
18:44:24;670;926;670;;7436
18:44:24;670;926;670;;7316
18:44:25;670;927;670;;7256
18:44:25;670;927;670;;6680
18:44:26;670;927;670;;6808
18:44:26;670;927;670;;7164
18:44:27;670;927;670;;7980
18:44:27;670;927;670;;11144
18:44:28;670;927;670;;11484
18:44:28;670;927;670;;11168
18:44:29;670;928;670;;11248
18:44:29;670;928;670;;11068
18:44:30;670;928;670;;11140
18:44:30;670;928;670;;11188
18:44:31;670;927;670;;11212
18:44:31;670;927;670;;11192
18:44:32;670;928;670;;11140
18:44:32;670;928;670;;11136
18:44:33;670;928;670;;11140
18:44:33;670;928;670;;11164
18:44:34;670;928;670;;11284
18:44:34;670;928;670;;11092
18:44:35;671;930;671;;11136
18:44:35;671;930;671;;11112
18:44:36;671;930;671;;11164
18:44:36;671;930;671;;11140
18:44:37;671;930;671;;11112
18:44:37;671;930;671;;11088
18:44:38;670;928;670;;11064
18:44:38;670;928;670;;11140
18:44:39;670;927;670;;11268
18:44:39;670;927;670;;11112
18:44:40;670;929;671;;11112
18:44:40;670;929;671;;11092
18:44:41;671;930;671;;11036
18:44:42;671;930;671;;11116
18:44:42;671;930;671;;11048
18:44:43;670;929;670;;11072
18:44:43;670;929;670;;11112
18:44:44;671;930;671;;11040
18:44:44;671;930;671;;11092
18:44:45;671;931;671;;11116
18:44:45;671;931;671;;11116
18:44:46;671;930;671;;11240
18:44:46;671;930;671;;11164
18:44:47;671;930;671;;11092
18:44:47;671;930;671;;11140
18:44:48;671;931;671;;11216
18:44:48;671;931;671;;11092
18:44:49;671;931;671;;11240
18:44:49;671;931;671;;11168
18:44:50;670;929;670;;11092
18:44:50;670;929;670;;11116
18:44:51;670;928;670;;11068
18:44:51;670;928;670;;11116
18:44:52;670;929;671;;11092
18:44:52;670;929;671;;11088
18:44:53;671;931;671;;11140
18:44:53;671;931;671;;11196
18:44:54;671;932;671;;11068
18:44:54;671;932;671;;11120
18:44:55;671;932;671;;11092
18:44:55;671;932;671;;11240
18:44:56;671;932;671;;11120
18:44:56;671;932;671;;11064
18:44:57;671;931;671;;11140
18:44:57;671;931;671;;11120
18:44:58;671;932;671;;11140
18:44:58;671;932;671;;11116
18:44:59;671;933;671;;11064
18:44:59;671;933;671;;11216
18:45:00;671;933;671;;11120
18:45:00;671;933;671;;11172
18:45:01;671;931;671;;11092
18:45:01;671;931;671;;11144
18:45:02;671;932;671;;11068
18:45:02;671;932;671;;11088
18:45:03;671;932;671;;11268
18:45:03;671;932;671;;11140
18:45:04;671;932;671;;11092
18:45:04;671;932;671;;11092
18:45:05;671;933;671;;11088
18:45:05;671;933;671;;11140
18:45:06;671;933;671;;11292
18:45:06;671;933;671;;11116
18:45:07;671;933;671;;11116
18:45:07;671;933;671;;11212
18:45:08;671;932;671;;11192
18:45:08;671;932;671;;11116
18:45:09;671;934;672;;11088
18:45:10;671;934;672;;11264
18:45:10;671;934;672;;11168
18:45:11;671;933;671;;11140
18:45:11;671;933;671;;11216
18:45:12;671;934;672;;11140
18:45:12;671;934;672;;11144
18:45:13;671;934;671;;11192
18:45:13;671;934;671;;11240
18:45:14;672;935;672;;11188
18:45:14;672;935;672;;11196
18:45:15;672;934;672;;11292
18:45:15;672;934;672;;11116
18:45:16;672;935;672;;11144
18:45:16;672;935;672;;11220
18:45:17;672;936;672;;11168
18:45:17;672;936;672;;11168
18:45:18;672;936;672;;11220
18:45:18;672;936;672;;11220
18:45:19;672;936;672;;11140
18:45:19;672;936;672;;11144
18:45:20;672;937;672;;11120
18:45:20;672;937;672;;11192
18:45:21;672;937;672;;11088
18:45:21;672;937;672;;11116
18:45:22;672;937;672;;11144
18:45:22;672;937;672;;11040
18:45:23;672;937;672;;11168
18:45:23;672;937;672;;11272
18:45:24;672;938;672;;11120
18:45:24;672;938;672;;11120
18:45:25;672;936;672;;11172
18:45:25;672;936;672;;11172
18:45:26;672;936;672;;11120
18:45:26;672;936;672;;11168
18:45:27;672;937;672;;11116
18:45:27;672;937;672;;11168
18:45:28;672;937;672;;11168
18:45:28;672;937;672;;11068
18:45:29;672;936;672;;11068
18:45:29;672;936;672;;11144
18:45:30;672;937;672;;11120
18:45:30;672;937;672;;11068
18:45:31;672;938;672;;11144
18:45:31;672;938;672;;11092
18:45:32;672;938;672;;11172
18:45:32;672;938;672;;11068
18:45:33;672;937;672;;11144
18:45:33;672;937;672;;11116
18:45:34;672;937;672;;11064
18:45:34;672;937;672;;11192
18:45:35;672;936;672;;11192
18:45:35;672;936;672;;11096
18:45:36;672;936;672;;11220
18:45:36;672;936;672;;11096
18:45:37;672;937;672;;11216
18:45:37;672;937;672;;7528
18:45:38;672;937;672;;11092
18:45:39;672;936;672;;11116
18:45:39;672;936;672;;11412
18:45:40;672;937;672;;11488
18:45:40;672;937;672;;11564
18:45:41;672;937;672;;7068
18:45:41;672;937;672;;11564
18:45:42;672;935;672;;11188
18:45:42;672;935;672;;11088
18:45:43;672;936;672;;11216
18:45:43;672;936;672;;11144
18:45:44;672;937;672;;11144
18:45:44;672;937;672;;11148
18:45:45;672;937;672;;11068
18:45:45;672;937;672;;11096
18:45:46;672;938;672;;11068
18:45:46;672;938;672;;11144
18:45:47;672;937;672;;10772
18:45:47;672;937;672;;11040
18:45:48;672;938;672;;11096
18:45:48;672;938;672;;11244
18:45:49;672;936;672;;11516
18:45:49;672;936;672;;12140
18:45:50;672;938;672;;6004
18:45:50;672;938;672;;6028
18:45:51;672;938;672;;5992
18:45:51;672;938;672;;5972
18:45:52;672;937;672;;5960
18:45:52;672;937;672;;5928
18:45:53;672;937;672;;6012
18:45:53;672;937;672;;6004
18:45:54;672;935;672;;6004
18:45:54;672;935;672;;5964
18:45:55;672;937;672;;5964
18:45:55;672;937;672;;5988
18:45:56;672;937;672;;6036
18:45:56;672;937;672;;6016
18:45:57;672;937;672;;6040
18:45:57;672;937;672;;6300
18:45:58;672;938;672;;6744
18:45:58;672;938;672;;6756
18:45:59;672;938;672;;7284
18:45:59;672;938;672;;7304
18:46:00;672;938;672;;7312
18:46:00;672;938;672;;7876
18:46:01;672;936;672;;7432
18:46:01;672;936;672;;7120
18:46:02;672;936;672;;11756
18:46:02;672;936;672;;7436
18:46:03;672;938;672;;11192
18:46:03;672;938;672;;11536
18:46:04;672;938;672;;11144
18:46:04;672;938;672;;11640
18:46:05;672;938;672;;11712
18:46:05;672;938;672;;11664
18:46:06;672;938;672;;7284
18:46:06;672;938;672;;6896
18:46:07;672;937;672;;7024
18:46:07;672;937;672;;6984
18:46:08;672;936;672;;6836
18:46:08;672;936;672;;6996
18:46:09;672;938;672;;7484
18:46:09;672;938;672;;7024
18:46:10;672;938;672;;7184
18:46:10;672;938;672;;6796
18:46:11;672;938;672;;6784
18:46:11;672;938;672;;7016
18:46:12;672;937;672;;6820
18:46:12;672;937;672;;1972
18:46:13;672;938;672;;1944
18:46:13;672;938;672;;6908
18:46:14;672;937;672;;6812
18:46:14;672;937;672;;6880
18:46:15;672;938;672;;8892
18:46:15;672;938;672;;11436
18:46:16;672;939;673;;13748
18:46:17;672;938;672;;11812
18:46:17;672;938;672;;8164
18:46:18;672;937;672;;7216
18:46:18;672;937;672;;6740
18:46:19;672;937;672;;6736
18:46:19;672;937;672;;5372
18:46:20;672;936;672;;2040
18:46:20;672;936;672;;5296
18:46:21;672;937;672;;5272
18:46:21;672;937;672;;1952
18:46:22;672;938;672;;1916
18:46:22;672;938;672;;1920
18:46:23;672;939;673;;1916
18:46:23;672;939;673;;2780
18:46:24;672;936;672;;7488
18:46:24;672;936;672;;7032
18:46:25;673;941;673;;11636
18:46:25;673;941;673;;7048
18:46:26;673;940;673;;11188
18:46:26;673;940;673;;11092
18:46:27;673;941;673;;11116
18:46:27;673;941;673;;11136
18:46:28;672;938;672;;11216
18:46:28;672;938;672;;11116
18:46:29;672;936;672;;11140
18:46:29;672;936;672;;11212
18:46:30;672;938;672;;11088
18:46:30;672;938;672;;11112
18:46:31;673;941;673;;11068
18:46:31;673;941;673;;11144
18:46:32;673;941;673;;11140
18:46:32;673;941;673;;11064
18:46:33;673;941;673;;11192
18:46:33;673;941;673;;11064
18:46:34;673;941;673;;11116
18:46:34;673;941;673;;11116
18:46:35;673;941;673;;11068
18:46:35;673;941;673;;11092
18:46:36;673;940;673;;11092
18:46:36;673;940;673;;11172
18:46:37;673;941;673;;11116
18:46:37;673;941;673;;11092
18:46:38;673;942;673;;11120
18:46:38;673;942;673;;11116
18:46:39;673;941;673;;11040
18:46:39;673;941;673;;11144
18:46:40;673;940;673;;11144
18:46:40;673;940;673;;11164
18:46:41;673;941;673;;11120
18:46:41;673;941;673;;11144
18:46:42;673;941;673;;11196
18:46:42;673;941;673;;11116
18:46:43;673;940;673;;11116
18:46:43;673;940;673;;11068
18:46:44;673;940;673;;11064
18:46:44;673;940;673;;11196
18:46:45;673;939;673;;2752
18:46:45;673;939;673;;1552
18:46:46;673;940;673;;1292
18:46:46;673;940;673;;1384
18:46:47;672;937;672;;1432
18:46:47;672;937;672;;1448
18:46:48;672;940;673;;1456
18:46:48;672;940;673;;1548
18:46:49;673;942;673;;1684
18:46:49;673;942;673;;1804
18:46:50;673;941;673;;1712
18:46:50;673;941;673;;1836
18:46:51;673;942;673;;1976
18:46:51;673;942;673;;2176
18:46:52;673;943;673;;2220
18:46:52;673;943;673;;2336
18:46:53;673;943;673;;2356
18:46:53;673;943;673;;2416
18:46:54;673;942;673;;2412
18:46:54;673;942;673;;2380
18:46:55;673;941;673;;2484
18:46:55;673;941;673;;2368
18:46:56;673;941;673;;2404
18:46:56;673;941;673;;2528
18:46:57;673;942;673;;2620
18:46:57;673;942;673;;2712
18:46:58;673;942;673;;2760
18:46:58;673;942;673;;2864
18:46:59;673;943;673;;2880
18:46:59;673;943;673;;2932
18:47:00;673;940;673;;3076
18:47:01;673;942;673;;3256
18:47:01;673;942;673;;3384
18:47:02;673;941;673;;3628
18:47:02;673;941;673;;3592
18:47:03;673;942;673;;3540
18:47:03;673;942;673;;3632
18:47:04;673;942;673;;11512
18:47:04;673;942;673;;7408
18:47:05;673;943;673;;6776
18:47:05;673;943;673;;7460
18:47:06;673;941;673;;11632
18:47:06;673;941;673;;11616
18:47:07;673;941;673;;11660
18:47:07;673;941;673;;11640
18:47:08;673;942;673;;11584
18:47:08;673;942;673;;11760
18:47:09;673;941;673;;5876
18:47:09;673;941;673;;7484
18:47:10;673;943;673;;7480
18:47:10;673;943;673;;6144
18:47:11;673;943;673;;6860
18:47:11;673;943;673;;6192
18:47:12;673;943;673;;6496
18:47:12;673;943;673;;6784
18:47:13;673;942;673;;6280
18:47:13;673;942;673;;6468
18:47:14;673;944;673;;6688
18:47:14;673;944;673;;6248
18:47:15;674;944;674;;6608
18:47:15;674;944;674;;6372
18:47:16;674;944;674;;6592
18:47:16;674;944;674;;6288
18:47:17;674;944;674;;6352
18:47:17;674;944;674;;6612
18:47:18;673;943;673;;6300
18:47:18;673;943;673;;6392
18:47:19;673;943;673;;6884
18:47:19;673;943;673;;6560
18:47:20;674;944;674;;6288
18:47:20;674;944;674;;6620
18:47:21;674;945;674;;10676
18:47:21;674;945;674;;11560
18:47:22;674;945;674;;11120
18:47:22;674;945;674;;10972
18:47:23;674;945;674;;11092
18:47:23;674;945;674;;11096
18:47:24;674;946;674;;11120
18:47:24;674;946;674;;10968
18:47:25;674;945;674;;10920
18:47:25;674;945;674;;11168
18:47:26;674;944;674;;11092
18:47:26;674;944;674;;11020
18:47:27;673;942;673;;10972
18:47:27;673;942;673;;11116
18:47:28;673;941;673;;10992
18:47:28;673;941;673;;10988
18:47:29;673;942;673;;11120
18:47:29;673;942;673;;11016
18:47:30;673;941;673;;10996
18:47:30;673;941;673;;11048
18:47:31;673;943;673;;11140
18:47:31;673;943;673;;11016
18:47:32;673;943;673;;10992
18:47:32;673;943;673;;10972
18:47:33;674;945;674;;11016
18:47:33;674;945;674;;11088
18:47:34;674;946;674;;11120
18:47:34;674;946;674;;11092
18:47:35;674;945;674;;10992
18:47:35;674;945;674;;11116
18:47:36;674;946;674;;11092
18:47:37;674;946;674;;11016
18:47:37;674;946;674;;11116
18:47:38;674;945;674;;11048
18:47:38;674;945;674;;11220
18:47:39;673;943;673;;11056
18:47:39;673;943;673;;10988
18:47:40;673;940;673;;11048
18:47:40;673;940;673;;11076
18:47:41;673;940;673;;11052
18:47:41;673;940;673;;11020
18:47:42;673;945;674;;11020
18:47:42;673;945;674;;11096
18:47:43;674;944;674;;11016
18:47:43;674;944;674;;10944
18:47:44;674;945;674;;11092
18:47:44;674;945;674;;11092
18:47:45;674;946;674;;11044
18:47:45;674;946;674;;11016
18:47:46;674;945;674;;10868
18:47:46;674;945;674;;11044
18:47:47;674;947;674;;11016
18:47:47;674;947;674;;11064
18:47:48;674;947;674;;11120
18:47:48;674;947;674;;11068
18:47:49;674;947;674;;11016
18:47:49;674;947;674;;10992
18:47:50;674;946;674;;11020
18:47:50;674;946;674;;11092
18:47:51;674;946;674;;11020
18:47:51;674;946;674;;11068
18:47:52;674;948;675;;11144
18:47:52;674;948;675;;10992
18:47:53;674;947;674;;11140
18:47:53;674;947;674;;11116
18:47:54;674;948;674;;11016
18:47:54;674;948;674;;11076
18:47:55;674;947;674;;11044
18:47:55;674;947;674;;11068
18:47:56;674;946;674;;11068
18:47:56;674;946;674;;10940
18:47:57;674;947;674;;11120
18:47:57;674;947;674;;11616
18:47:58;674;947;674;;11192
18:47:58;674;947;674;;11064
18:47:59;674;948;674;;10900
18:47:59;674;948;674;;11016
18:48:00;674;947;674;;11068
18:48:00;674;947;674;;11048
18:48:01;674;948;674;;11092
18:48:01;674;948;674;;10776
18:48:02;674;948;674;;11640
18:48:02;674;948;674;;11616
18:48:03;674;948;674;;11592
18:48:03;674;948;674;;11588
18:48:04;675;949;675;;11716
18:48:04;675;949;675;;11592
18:48:05;674;948;674;;10952
18:48:06;675;949;675;;11520
18:48:06;675;949;675;;10652
18:48:07;674;949;675;;11588
18:48:07;674;949;675;;11716
18:48:08;675;951;675;;11248
18:48:08;675;951;675;;10996
18:48:09;675;949;675;;10972
18:48:09;675;949;675;;11048
18:48:10;675;949;675;;10872
18:48:10;675;949;675;;10956
18:48:11;674;948;674;;11120
18:48:11;674;948;674;;10996
18:48:12;675;949;675;;11072
18:48:12;675;949;675;;10952
18:48:13;675;949;675;;10924
18:48:13;675;949;675;;11612
18:48:14;674;948;674;;10752
18:48:14;674;948;674;;12192
18:48:15;675;950;675;;12064
18:48:15;675;950;675;;12116
18:48:16;675;950;675;;11540
18:48:16;675;950;675;;10804
18:48:17;675;950;675;;1784
18:48:17;675;950;675;;1756
18:48:18;674;948;674;;11716
18:48:18;674;948;674;;1924
18:48:19;675;949;675;;11692
18:48:19;675;949;675;;10924
18:48:20;675;951;675;;11096
18:48:20;675;951;675;;10452
18:48:21;675;950;675;;11100
18:48:21;675;950;675;;11564
18:48:22;675;950;675;;11568
18:48:22;675;950;675;;11592
18:48:23;674;949;674;;11668
18:48:23;674;949;674;;11720
18:48:24;675;950;675;;11620
18:48:24;675;950;675;;11692
18:48:25;674;948;674;;11592
18:48:25;674;948;674;;11564
18:48:26;675;949;675;;11540
18:48:26;675;949;675;;11588
18:48:27;674;949;675;;11664
18:48:27;674;949;675;;11688
18:48:28;674;946;674;;11640
18:48:28;674;946;674;;11640
18:48:29;674;947;674;;11636
18:48:29;674;947;674;;11020
18:48:30;674;948;674;;11192
18:48:30;674;948;674;;11072
18:48:31;674;946;674;;6688
18:48:31;674;946;674;;10996
18:48:32;673;944;673;;7000
18:48:32;673;944;673;;6508
18:48:33;673;944;673;;6440
18:48:33;673;944;673;;6172
18:48:34;675;950;675;;6464
18:48:34;675;950;675;;6536
18:48:35;674;946;674;;10772
18:48:35;674;946;674;;6772
18:48:36;673;944;673;;6560
18:48:36;673;944;673;;7028
18:48:37;675;949;675;;8108
18:48:38;674;948;674;;7412
18:48:38;674;948;674;;11164
18:48:39;674;949;675;;11052
18:48:39;674;949;675;;11588
18:48:40;675;950;675;;11564
18:48:40;675;950;675;;11684
18:48:41;675;951;675;;11584
18:48:41;675;951;675;;11612
18:48:42;675;951;675;;11612
18:48:42;675;951;675;;11732
18:48:43;675;950;675;;11588
18:48:43;675;950;675;;10920
18:48:44;675;949;675;;10824
18:48:44;675;949;675;;11000
18:48:45;675;950;675;;10992
18:48:45;675;950;675;;11584
18:48:46;675;950;675;;10996
18:48:46;675;950;675;;11196
18:48:47;674;948;674;;11072
18:48:47;674;948;674;;11024
18:48:48;675;950;675;;11068
18:48:48;675;950;675;;10920
18:48:49;675;950;675;;10968
18:48:49;675;950;675;;11096
18:48:50;675;949;675;;10996
18:48:50;675;949;675;;10872
18:48:51;675;950;675;;10992
18:48:51;675;950;675;;11068
18:48:52;675;950;675;;10992
18:48:52;675;950;675;;11064
18:48:53;675;950;675;;10848
18:48:53;675;950;675;;10872
18:48:54;675;950;675;;11016
18:48:54;675;950;675;;10892
18:48:55;674;949;674;;10844
18:48:55;674;949;674;;10848
18:48:56;675;950;675;;11140
18:48:56;675;950;675;;10724
18:48:57;675;949;675;;3980
18:48:57;675;949;675;;4136
18:48:58;674;948;674;;10704
18:48:58;674;948;674;;11136
18:48:59;674;949;675;;11560
18:48:59;674;949;675;;10996
18:49:00;674;948;674;;11212
18:49:00;674;948;674;;11176
18:49:01;675;949;675;;11088
18:49:01;675;949;675;;11088
18:49:02;675;949;675;;11116
18:49:02;675;949;675;;11164
18:49:03;675;950;675;;11112
18:49:03;675;950;675;;11108
18:49:04;675;949;675;;10868
18:49:04;675;949;675;;11140
18:49:05;674;949;675;;11164
18:49:05;674;949;675;;11088
18:49:06;674;949;675;;10892
18:49:06;674;949;675;;11164
18:49:07;675;951;675;;11140
18:49:08;675;949;675;;11064
18:49:08;675;949;675;;11016
18:49:09;675;949;675;;11060
18:49:09;675;949;675;;11064
18:49:10;675;950;675;;10988
18:49:10;675;950;675;;11016
18:49:11;675;950;675;;11112
18:49:11;675;950;675;;4128
18:49:12;675;950;675;;11092
18:49:12;675;950;675;;11188
18:49:13;674;949;674;;11460
18:49:13;674;949;674;;11532
18:49:14;674;948;674;;11656
18:49:14;674;948;674;;11636
18:49:15;674;948;674;;11584
18:49:15;674;948;674;;11636
18:49:16;674;947;674;;11636
18:49:16;674;947;674;;11580
18:49:17;674;947;674;;11556
18:49:17;674;947;674;;11556
18:49:18;673;944;673;;11508
18:49:18;673;944;673;;11528
18:49:19;674;946;674;;11508
18:49:19;674;946;674;;11556
18:49:20;674;947;674;;11680
18:49:20;674;947;674;;11640
18:49:21;674;947;674;;11584
18:49:21;674;947;674;;11608
18:49:22;674;947;674;;11632
18:49:22;674;947;674;;11556
18:49:23;674;947;674;;11016
18:49:23;674;947;674;;7044
18:49:24;674;949;675;;11040
18:49:24;674;949;675;;11188
18:49:25;675;949;675;;11068
18:49:25;675;949;675;;11016
18:49:26;674;948;674;;11140
18:49:26;674;948;674;;10968
18:49:27;675;949;675;;7704
18:49:27;675;949;675;;7760
18:49:28;674;949;674;;8588
18:49:28;674;949;674;;8172
18:49:29;675;951;675;;11040
18:49:29;675;951;675;;7616
18:49:30;675;950;675;;8664
18:49:30;675;950;675;;7392
18:49:31;675;949;675;;12236
18:49:31;675;949;675;;11608
18:49:32;675;950;675;;8684
18:49:32;675;950;675;;11164
18:49:33;675;951;675;;11140
18:49:33;675;951;675;;11556
18:49:34;675;951;675;;8452
18:49:34;675;951;675;;11092
18:49:35;675;951;675;;13288
18:49:35;675;951;675;;13064
18:49:36;675;951;675;;11972
18:49:36;675;951;675;;13192
18:49:37;675;950;675;;13168
18:49:38;674;949;675;;8812
18:49:38;674;949;675;;13116
18:49:39;675;951;675;;13140
18:49:39;675;951;675;;13092
18:49:40;678;968;678;;13036
18:49:40;678;968;678;;13084
18:49:41;698;1022;699;;12780
18:49:41;698;1022;699;;13036
18:49:42;709;1023;709;;6392
18:49:42;709;1023;709;;12168
18:49:43;709;1023;709;;13168
18:49:43;709;1023;709;;12468
18:49:44;710;1023;710;;12888
18:49:44;710;1023;710;;12964
18:49:45;710;1023;710;;13164
18:49:45;710;1023;710;;13136
18:49:46;713;1023;713;;13136
18:49:46;713;1023;713;;13212
18:49:47;713;1023;713;;13132
18:49:47;713;1023;713;;13132
18:49:48;713;1023;713;;13136
18:49:48;713;1023;713;;13132
18:49:49;713;1023;713;;13132
18:49:49;713;1023;713;;13212
18:49:50;713;1023;713;;12164
18:49:50;713;1023;713;;12612
18:49:51;714;1023;713;;13132
18:49:51;714;1023;713;;13128
18:49:52;714;1023;714;;7260
18:49:52;714;1023;714;;13108
18:49:53;714;1023;714;;13184
18:49:53;714;1023;714;;7416
18:49:54;714;1023;714;;13140
18:49:54;714;1023;714;;13084
18:49:55;714;1023;714;;13060
18:49:55;714;1023;714;;13084
18:49:56;714;1023;714;;11688
18:49:56;714;1023;714;;10844
18:49:57;714;1023;714;;7908
18:49:57;714;1023;714;;7224
18:49:58;714;1023;714;;7268
18:49:58;714;1023;714;;10792
18:49:59;714;1023;714;;7488
18:49:59;714;1023;714;;7416
18:50:00;714;1023;714;;11116
18:50:00;714;1023;714;;11088
18:50:01;714;1023;714;;11072
18:50:01;714;1023;714;;10944
18:50:02;714;1023;714;;10944
18:50:02;714;1023;714;;11056
18:50:03;714;1023;714;;11116
18:50:03;714;1023;714;;11116
18:50:04;714;1023;714;;11168
18:50:05;714;1023;714;;11196
18:50:05;714;1023;714;;11088
18:50:06;714;1023;714;;11088
18:50:06;714;1023;714;;11064
18:50:07;714;1023;714;;11116
18:50:07;714;1023;714;;11092
18:50:08;714;1023;714;;11164
18:50:08;714;1023;714;;11340
18:50:09;714;1023;714;;11188
18:50:09;714;1023;714;;11168
18:50:10;714;1023;714;;11136
18:50:10;714;1023;714;;11216
18:50:11;714;1023;714;;11168
18:50:11;714;1023;714;;11116
18:50:12;714;1023;714;;11140
18:50:12;714;1023;714;;11140
18:50:13;714;1023;714;;11048
18:50:13;714;1023;714;;11116
18:50:14;714;1023;714;;11140
18:50:14;714;1023;714;;11164
18:50:15;714;1023;714;;11984
18:50:15;714;1023;714;;13104
18:50:16;714;1023;714;;11988
18:50:16;714;1023;714;;11164
18:50:17;714;1023;714;;11136
18:50:17;714;1023;714;;11140
18:50:18;714;1023;714;;11116
18:50:18;714;1023;714;;11164
18:50:19;714;1023;714;;11188
18:50:19;714;1023;714;;13084
18:50:20;714;1023;714;;13104
18:50:20;714;1023;714;;11140
18:50:21;714;1023;714;;11072
18:50:21;714;1023;714;;11068
18:50:22;714;1023;714;;11164
18:50:22;714;1023;714;;13188
18:50:23;714;1023;714;;11188
18:50:23;714;1023;714;;11116
18:50:24;714;1023;714;;11240
18:50:24;714;1023;714;;7416
18:50:25;714;1023;714;;8884
18:50:25;714;1023;714;;6996
18:50:26;714;1023;714;;7264
18:50:26;714;1023;714;;11044
18:50:27;714;1023;714;;8760
18:50:27;714;1023;714;;10964
18:50:28;714;1023;714;;11632
18:50:28;714;1023;714;;11140
18:50:29;714;1023;714;;10988
18:50:29;714;1023;714;;11136
18:50:30;714;1023;714;;11132
18:50:30;714;1023;714;;11060
18:50:31;714;1023;714;;11012
18:50:31;714;1023;714;;11112
18:50:32;714;1023;714;;11136
18:50:32;714;1023;714;;10964
18:50:33;714;1023;714;;11068
18:50:34;714;1023;714;;10964
18:50:34;714;1023;714;;7564
18:50:35;714;1023;714;;11264
18:50:35;714;1023;714;;13324
18:50:36;714;1023;714;;11108
18:50:36;714;1023;714;;12012
18:50:37;714;1023;714;;10984
18:50:37;714;1023;714;;11040
18:50:38;713;1023;714;;11056
18:50:38;713;1023;714;;10964
18:50:39;714;1023;714;;8832
18:50:39;714;1023;714;;10988
18:50:40;714;1023;714;;8344
18:50:40;714;1023;714;;10720
18:50:41;714;1023;714;;6796
18:50:41;714;1023;714;;11040
18:50:42;714;1023;714;;11052
18:50:42;714;1023;714;;11084
18:50:43;713;1023;714;;11040
18:50:43;713;1023;714;;11104
18:50:44;714;1023;714;;11028
18:50:44;714;1023;714;;11088
18:50:45;714;1023;714;;10984
18:50:45;714;1023;714;;11084
18:50:46;714;1023;714;;6504
18:50:46;714;1023;714;;8784
18:50:47;713;1023;714;;10020
18:50:47;713;1023;714;;11008
18:50:48;713;1023;714;;13156
18:50:48;713;1023;714;;8044
18:50:49;714;1023;714;;7660
18:50:49;714;1023;714;;13128
18:50:50;714;1023;714;;13456
18:50:50;714;1023;714;;7676
18:50:51;714;1023;714;;7260
18:50:51;714;1023;714;;7208
18:50:52;714;1023;714;;7412
18:50:52;714;1023;714;;13132
18:50:53;714;1023;714;;7440
18:50:53;714;1023;714;;7628
18:50:54;714;1023;714;;8928
18:50:54;714;1023;714;;11164
18:50:55;713;1023;714;;11188
18:50:55;713;1023;714;;8908
18:50:56;713;1023;714;;8172
18:50:56;713;1023;714;;8740
18:50:57;714;1023;714;;13600
18:50:57;714;1023;714;;8812
18:50:58;714;1023;714;;8916
18:50:58;714;1023;714;;5048
18:50:59;714;1023;714;;8912
18:50:59;714;1023;714;;13648
18:51:00;713;1023;714;;8764
18:51:00;713;1023;714;;5032
18:51:01;713;1023;714;;5004
18:51:01;713;1023;714;;4956
18:51:02;713;1023;714;;8816
18:51:02;713;1023;714;;13556
18:51:03;713;1023;714;;8792
18:51:03;713;1023;714;;8324
18:51:04;714;1023;714;;8812
18:51:04;714;1023;714;;8964
18:51:05;713;1023;714;;10968
18:51:05;713;1023;714;;8912
18:51:06;714;1023;714;;10000
18:51:07;713;1023;714;;9008
18:51:07;713;1023;714;;7708
18:51:08;714;1023;714;;10888
18:51:08;714;1023;714;;8832
18:51:09;713;1023;714;;7628
18:51:09;713;1023;714;;8812
18:51:10;713;1023;714;;7164
18:51:10;713;1023;714;;13620
18:51:11;714;1023;714;;5168
18:51:11;714;1023;714;;9492
18:51:12;713;1023;714;;8832
18:51:12;713;1023;714;;5072
18:51:13;713;1023;714;;8760
18:51:13;713;1023;714;;8860
18:51:14;713;1023;714;;13280
18:51:14;713;1023;714;;7248
18:51:15;714;1023;714;;7224
18:51:15;714;1023;714;;7556
18:51:16;713;1023;714;;8984
18:51:16;713;1023;714;;8784
18:51:17;714;1023;714;;11064
18:51:17;714;1023;714;;6864
18:51:18;713;1023;714;;6688
18:51:18;713;1023;714;;6916
18:51:19;713;1023;714;;7616
18:51:19;713;1023;714;;7156
18:51:20;713;1023;714;;7412
18:51:20;713;1023;714;;7580
18:51:21;713;1023;714;;8856
18:51:21;713;1023;714;;8808
18:51:22;713;1023;714;;11188
18:51:22;713;1023;714;;8984
18:51:23;713;1023;714;;11192
18:51:23;713;1023;714;;9452
18:51:24;713;1023;714;;10964
18:51:24;713;1023;714;;8764
18:51:25;713;1023;714;;4964
18:51:25;713;1023;714;;4888
18:51:26;713;1023;714;;4944
18:51:26;713;1023;714;;4924
18:51:27;713;1023;714;;4924
18:51:27;713;1023;714;;4928
18:51:28;713;1023;714;;4924
18:51:28;713;1023;714;;5000
18:51:29;713;1023;714;;4976
18:51:29;713;1023;714;;4920
18:51:30;713;1023;714;;4916
18:51:30;713;1023;714;;4976
18:51:31;714;1023;714;;5004
18:51:31;714;1023;714;;4956
18:51:32;713;1023;714;;4960
18:51:32;713;1023;714;;4984
18:51:33;713;1023;714;;4944
18:51:33;713;1023;714;;4940
18:51:34;713;1023;714;;4940
18:51:34;713;1023;714;;4952
18:51:35;713;1023;714;;4924
18:51:35;713;1023;714;;4968
18:51:36;713;1023;714;;4924
18:51:36;713;1023;714;;4972
18:51:37;713;1023;714;;4916
18:51:37;713;1023;714;;4920
18:51:38;713;1023;714;;4920
18:51:38;713;1023;714;;4948
18:51:39;713;1023;714;;4880
18:51:39;713;1023;714;;8788
18:51:40;713;1023;714;;7216
18:51:40;713;1023;714;;7524
18:51:41;713;1023;714;;8784
18:51:41;713;1023;714;;8732
18:51:42;713;1023;714;;8884
18:51:42;713;1023;714;;8788
18:51:43;713;1023;714;;8856
18:51:43;713;1023;714;;7260
18:51:44;713;1023;714;;11008
18:51:44;713;1023;714;;7480
18:51:45;713;1023;714;;11060
18:51:45;713;1023;714;;7568
18:51:46;713;1023;714;;7368
18:51:46;713;1023;714;;11656
18:51:47;713;1023;714;;8344
18:51:47;713;1023;714;;13616
18:51:48;713;1023;714;;13616
18:51:49;713;1023;714;;7460
18:51:49;713;1023;714;;7396
18:51:50;713;1023;714;;7360
18:51:50;713;1023;714;;7472
18:51:51;713;1023;714;;7368
18:51:51;713;1023;714;;7832
18:51:52;713;1023;714;;7316
18:51:52;713;1023;714;;8012
18:51:53;713;1023;714;;8024
18:51:53;713;1023;714;;8856
18:51:54;713;1023;714;;8756
18:51:54;713;1023;714;;11140
18:51:55;713;1023;714;;7532
18:51:55;713;1023;714;;11580
18:51:56;713;1023;714;;11188
18:51:56;713;1023;714;;7484
18:51:57;713;1023;714;;8784
18:51:57;713;1023;714;;7700
18:51:58;713;1023;714;;7632
18:51:58;713;1023;714;;7464
18:51:59;713;1023;714;;7384
18:51:59;713;1023;714;;7800
18:52:00;713;1023;714;;13484
18:52:00;713;1023;714;;7560
18:52:01;713;1023;714;;7388
18:52:01;713;1023;714;;6424
18:52:02;713;1023;714;;7308
18:52:02;713;1023;714;;7588
18:52:03;713;1023;714;;13464
18:52:03;713;1023;714;;7892
18:52:04;713;1023;714;;7556
18:52:04;713;1023;714;;6508
18:52:05;713;1023;714;;13360
18:52:05;713;1023;714;;13572
18:52:06;713;1023;714;;8060
18:52:06;713;1023;714;;13436
18:52:07;713;1023;714;;13412
18:52:07;713;1023;714;;7584
18:52:08;713;1023;714;;7528
18:52:08;713;1023;714;;7632
18:52:09;713;1023;714;;7968
18:52:09;713;1023;714;;8092
18:52:10;713;1023;714;;7596
18:52:10;713;1023;714;;8116
18:52:11;713;1023;714;;7792
18:52:11;713;1023;714;;7604
18:52:12;713;1023;714;;7796
18:52:12;713;1023;714;;7432
18:52:13;713;1023;714;;7692
18:52:13;713;1023;714;;13528
18:52:14;713;1023;714;;13544
18:52:14;713;1023;714;;7400
18:52:15;713;1023;714;;7576
18:52:15;713;1023;714;;7584
18:52:16;713;1023;714;;7736
18:52:16;713;1023;714;;7660
18:52:17;713;1023;714;;7976
18:52:17;713;1023;714;;7788
18:52:18;713;1023;714;;13616
18:52:18;713;1023;714;;7964
18:52:19;713;1023;714;;7428
18:52:19;713;1023;714;;7300
18:52:20;713;1023;714;;7188
18:52:20;713;1023;714;;7380
18:52:21;713;1023;714;;13464
18:52:21;713;1023;714;;7456
18:52:22;713;1023;714;;9080
18:52:22;713;1023;714;;8756
18:52:23;713;1023;714;;8876
18:52:23;713;1023;714;;10640
18:52:24;713;1023;714;;8832
18:52:25;713;1023;714;;7380
18:52:25;713;1023;714;;7228
18:52:26;713;1023;714;;13540
18:52:26;713;1023;714;;7024
18:52:27;713;1023;714;;13624
18:52:27;713;1023;714;;4572
18:52:28;713;1023;714;;4804
18:52:28;713;1023;714;;4924
18:52:29;713;1023;714;;4836
18:52:29;713;1023;714;;4752
18:52:30;713;1023;714;;4836
18:52:30;713;1023;714;;4836
18:52:31;713;1023;714;;4884
18:52:31;713;1023;714;;4936
18:52:32;713;1023;714;;4888
18:52:32;713;1023;714;;4864
18:52:33;713;1023;714;;4916
18:52:33;713;1023;714;;4836
18:52:34;713;1023;714;;4680
18:52:34;713;1023;714;;14688
18:52:35;713;1023;714;;11552
18:52:35;713;1023;714;;8876
18:52:36;713;1023;714;;7116
18:52:36;713;1023;714;;210740
18:52:37;713;1023;714;;5056
18:52:37;713;1023;714;;11040
18:52:38;713;1023;714;;11188
18:52:38;713;1023;714;;11232
18:52:39;713;1023;714;;7940
18:52:39;713;1023;714;;8192
18:52:40;713;1023;714;;8756
18:52:40;713;1023;714;;7516
18:52:41;713;1023;714;;7388
18:52:41;713;1023;714;;7484
18:52:42;713;1023;714;;7228
18:52:42;713;1023;714;;13816
18:52:43;713;1023;714;;209576
18:52:44;713;1023;714;;4952
18:52:44;713;1023;714;;7480
18:52:45;713;1023;714;;7536
18:52:45;713;1023;714;;8908
18:52:46;713;1023;714;;11652
18:52:46;713;1023;714;;8068
18:52:47;713;1023;714;;7532
18:52:47;713;1023;714;;8784
18:52:48;713;1023;714;;8124
18:52:48;713;1023;714;;7508
18:52:49;713;1023;714;;8016
18:52:49;713;1023;714;;7724
18:52:50;713;1023;714;;8780
18:52:50;713;1023;714;;8908
18:52:51;713;1023;714;;7516
18:52:51;713;1023;714;;13652
18:52:52;713;1023;714;;7680
18:52:52;713;1023;714;;8908
18:52:53;713;1023;714;;8732
18:52:53;713;1023;714;;8860
18:52:54;713;1023;714;;8212
18:52:54;713;1023;714;;7752
18:52:55;713;1023;714;;7848
18:52:55;713;1023;714;;13880
18:52:56;713;1023;714;;8444
18:52:56;713;1023;714;;8272
18:52:57;713;1023;714;;13680
18:52:57;713;1023;714;;13776
18:52:58;713;1023;714;;13776
18:52:58;713;1023;714;;8908
18:52:59;713;1023;714;;8856
18:52:59;713;1023;714;;8880
18:53:00;713;1023;714;;13800
18:53:00;713;1023;714;;8836
18:53:01;713;1023;714;;10120
18:53:01;713;1023;714;;13248
18:53:02;713;1023;714;;8884
18:53:02;713;1023;714;;9008
18:53:03;713;1023;714;;8832
18:53:03;713;1023;714;;8880
18:53:04;713;1023;714;;7432
18:53:04;713;1023;714;;8904
18:53:05;713;1023;714;;7580
18:53:05;713;1023;714;;7484
18:53:06;713;1023;714;;7360
18:53:06;713;1023;714;;6844
18:53:07;713;1023;714;;7556
18:53:07;713;1023;714;;7464
18:53:08;713;1023;714;;7476
18:53:08;713;1023;714;;6548
18:53:09;713;1023;714;;7640
18:53:09;713;1023;714;;7652
18:53:10;713;1023;714;;8732
18:53:10;713;1023;714;;7128
18:53:11;713;1023;714;;11188
18:53:11;713;1023;714;;7564
18:53:12;713;1023;714;;11640
18:53:12;713;1023;714;;10960
18:53:13;713;1023;714;;7028
18:53:13;713;1023;714;;11580
18:53:14;713;1023;714;;7048
18:53:14;713;1023;714;;10368
18:53:15;713;1023;714;;7164
18:53:16;713;1023;714;;7144
18:53:16;713;1023;714;;7604
18:53:17;713;1023;714;;11088
18:53:17;713;1023;714;;11188
18:53:18;713;1023;714;;8780
18:53:18;713;1023;714;;10936
18:53:19;713;1023;714;;7460
18:53:19;713;1023;714;;7176
18:53:20;713;1023;714;;11188
18:53:20;713;1023;714;;7428
18:53:21;713;1023;714;;8860
18:53:21;713;1023;714;;11316
18:53:22;713;1023;714;;13104
18:53:22;713;1023;714;;7532
18:53:23;713;1023;714;;8828
18:53:23;713;1023;714;;13064
18:53:24;713;1023;714;;8712
18:53:24;713;1023;714;;8088
18:53:25;713;1023;714;;13060
18:53:25;713;1023;714;;6944
18:53:26;713;1023;714;;11212
18:53:26;713;1023;714;;8072
18:53:27;713;1023;714;;7144
18:53:27;713;1023;714;;13160
18:53:28;713;1023;714;;11212
18:53:28;713;1023;714;;8808
18:53:29;713;1023;714;;11212
18:53:29;713;1023;714;;13132
18:53:30;713;1023;714;;11648
18:53:30;713;1023;714;;11556
18:53:31;713;1023;714;;11632
18:53:31;713;1023;714;;11600
18:53:32;713;1023;714;;13132
18:53:32;713;1023;714;;13136
18:53:33;713;1023;714;;8884
18:53:33;713;1023;714;;11636
18:53:34;713;1023;714;;11236
18:53:34;713;1023;714;;13136
18:53:35;713;1023;714;;13108
18:53:35;713;1023;714;;10888
18:53:36;713;1023;714;;11600
18:53:36;713;1023;714;;13108
18:53:37;713;1023;714;;13184
18:53:37;713;1023;714;;13108
18:53:38;713;1023;714;;13084
18:53:38;713;1023;714;;13132
18:53:39;713;1023;714;;13104
18:53:39;713;1023;714;;13164
18:53:40;713;1023;714;;13188
18:53:40;713;1023;714;;13136
18:53:41;713;1023;714;;13136
18:53:41;713;1023;714;;13084
18:53:42;713;1023;714;;13112
18:53:42;713;1023;714;;13112
18:53:43;713;1023;713;;11676
18:53:43;713;1023;713;;13132
18:53:44;713;1023;714;;13188
18:53:45;713;1023;714;;11572
18:53:45;713;1023;714;;13084
18:53:46;713;1023;714;;13104
18:53:46;713;1023;714;;11624
18:53:47;713;1023;714;;13084
18:53:47;713;1023;714;;13108
18:53:48;713;1023;714;;13060
18:53:48;713;1023;714;;13144
18:53:49;713;1023;714;;13188
18:53:49;713;1023;714;;13164
18:53:50;713;1023;714;;13136
18:53:50;713;1023;714;;13136
18:53:51;713;1023;714;;13112
18:53:51;713;1023;714;;13188
18:53:52;713;1023;714;;13184
18:53:52;713;1023;714;;13160
18:53:53;713;1023;714;;13136
18:53:53;713;1023;714;;13132
18:53:54;713;1023;714;;13160
18:53:54;713;1023;714;;13244
18:53:55;713;1023;714;;13312
18:53:55;713;1023;714;;13208
18:53:56;713;1023;714;;13164
18:53:56;713;1023;714;;13240
18:53:57;713;1023;714;;13240
18:53:57;713;1023;714;;13160
18:53:58;713;1023;714;;13160
18:53:58;713;1023;714;;13188
18:53:59;713;1023;714;;13264
18:53:59;713;1023;714;;13112
18:54:00;713;1023;714;;13136
18:54:00;713;1023;714;;13112
18:54:01;713;1023;714;;13136
18:54:01;713;1023;714;;13140
18:54:02;713;1023;714;;13160
18:54:02;713;1023;714;;13112
18:54:03;713;1023;714;;11140
18:54:03;713;1023;714;;11316
18:54:04;713;1023;714;;11092
18:54:04;713;1023;714;;8804
18:54:05;713;1023;714;;11168
18:54:05;713;1023;714;;11656
18:54:06;713;1023;714;;11116
18:54:06;713;1023;714;;8780
18:54:07;713;1023;714;;10988
18:54:07;713;1023;714;;11232
18:54:08;713;1023;714;;9532
18:54:08;713;1023;714;;11068
18:54:09;713;1023;714;;11012
18:54:09;713;1023;714;;8956
18:54:10;713;1023;714;;11264
18:54:10;713;1023;714;;11080
18:54:11;713;1023;714;;11088
18:54:12;713;1023;714;;11112
18:54:12;713;1023;714;;11088
18:54:13;713;1023;714;;11112
18:54:13;713;1023;714;;11112
18:54:14;713;1023;713;;8852
18:54:14;713;1023;713;;10892
18:54:15;713;1023;714;;11012
18:54:15;713;1023;714;;8804
18:54:16;713;1023;714;;11040
18:54:16;713;1023;714;;11116
18:54:17;713;1023;714;;11060
18:54:17;713;1023;714;;11116
18:54:18;713;1023;714;;11040
18:54:18;713;1023;714;;11060
18:54:19;713;1023;714;;11192
18:54:19;713;1023;714;;11088
18:54:20;713;1023;714;;10992
18:54:20;713;1023;714;;11212
18:54:21;713;1023;714;;11164
18:54:21;713;1023;714;;11064
18:54:22;713;1023;714;;11188
18:54:22;713;1023;714;;11140
18:54:23;713;1023;714;;11192
18:54:23;713;1023;714;;11084
18:54:24;713;1023;714;;11164
18:54:24;713;1023;714;;11140
18:54:25;713;1023;713;;11096
18:54:25;713;1023;713;;8804
18:54:26;713;1023;714;;8880
18:54:26;713;1023;714;;8812
18:54:27;713;1023;714;;8784
18:54:27;713;1023;714;;11164
18:54:28;713;1023;713;;8856
18:54:28;713;1023;713;;8880
18:54:29;713;1023;713;;11188
18:54:29;713;1023;713;;11088
18:54:30;713;1023;714;;11188
18:54:30;713;1023;714;;8860
18:54:31;713;1023;714;;8832
18:54:31;713;1023;714;;11288
18:54:32;713;1023;714;;11140
18:54:32;713;1023;714;;11192
18:54:33;713;1023;714;;11188
18:54:33;713;1023;714;;11064
18:54:34;713;1023;714;;11068
18:54:34;713;1023;714;;11140
18:54:35;713;1023;713;;11068
18:54:35;713;1023;713;;11144
18:54:36;713;1023;714;;11044
18:54:36;713;1023;714;;11040
18:54:37;713;1023;714;;11064
18:54:37;713;1023;714;;11088
18:54:38;713;1023;713;;8784
18:54:38;713;1023;713;;11068
18:54:39;713;1023;714;;11144
18:54:39;713;1023;714;;11088
18:54:40;713;1023;713;;11020
18:54:40;713;1023;713;;8836
18:54:41;713;1023;713;;11072
18:54:42;713;1023;714;;11040
18:54:42;713;1023;714;;11416
18:54:43;713;1023;713;;11116
18:54:43;713;1023;713;;11192
18:54:44;713;1023;714;;11116
18:54:44;713;1023;714;;11068
18:54:45;713;1023;713;;11144
18:54:45;713;1023;713;;11316
18:54:46;713;1023;713;;11040
18:54:46;713;1023;713;;11136
18:54:47;713;1023;714;;11116
18:54:47;713;1023;714;;11064
18:54:48;713;1023;714;;11164
18:54:48;713;1023;714;;11092
18:54:49;713;1023;713;;11164
18:54:49;713;1023;713;;11092
18:54:50;713;1023;714;;11168
18:54:50;713;1023;714;;11092
18:54:51;713;1023;713;;11088
18:54:51;713;1023;713;;11092
18:54:52;713;1023;714;;11064
18:54:52;713;1023;714;;11092
18:54:53;713;1023;713;;11136
18:54:53;713;1023;713;;11116
18:54:54;713;1023;714;;11036
18:54:54;713;1023;714;;8884
18:54:55;713;1023;714;;11160
18:54:55;713;1023;714;;11116
18:54:56;713;1023;714;;11116
18:54:56;713;1023;714;;11016
18:54:57;713;1023;714;;11044
18:54:57;713;1023;714;;11168
18:54:58;713;1023;714;;11016
18:54:58;713;1023;714;;11168
18:54:59;713;1023;714;;11164
18:54:59;713;1023;714;;8880
18:55:00;713;1023;714;;11092
18:55:00;713;1023;714;;11016
18:55:01;713;1023;714;;11144
18:55:01;713;1023;714;;11192
18:55:02;713;1023;714;;11088
18:55:02;713;1023;714;;11068
18:55:03;713;1023;714;;11112
18:55:03;713;1023;714;;11056
18:55:04;713;1023;713;;11112
18:55:04;713;1023;713;;11240
18:55:05;713;1023;714;;11092
18:55:05;713;1023;714;;11092
18:55:06;713;1023;713;;11036
18:55:06;713;1023;713;;11140
18:55:07;713;1023;714;;8812
18:55:07;713;1023;714;;11164
18:55:08;713;1023;713;;11192
18:55:08;713;1023;713;;11168
18:55:09;713;1023;714;;13772
18:55:09;713;1023;714;;5448
18:55:10;713;1023;713;;13496
18:55:11;713;1023;714;;11192
18:55:11;713;1023;714;;11140
18:55:12;713;1023;714;;10776
18:55:12;713;1023;714;;11140
18:55:13;713;1023;713;;8836
18:55:13;713;1023;713;;11120
18:55:14;713;1023;713;;11116
18:55:14;713;1023;713;;11116
18:55:15;713;1023;713;;11116
18:55:15;713;1023;713;;11092
18:55:16;713;1023;714;;11164
18:55:16;713;1023;714;;11140
18:55:17;713;1023;713;;11112
18:55:17;713;1023;713;;11092
18:55:18;713;1023;714;;11064
18:55:18;713;1023;714;;11116
18:55:19;713;1023;713;;8904
18:55:19;713;1023;713;;11068
18:55:20;713;1023;714;;11332
18:55:20;713;1023;714;;11188
18:55:21;713;1023;713;;11140
18:55:21;713;1023;713;;11160
18:55:22;713;1023;713;;11140
18:55:22;713;1023;713;;11112
18:55:23;713;1023;714;;11192
18:55:23;713;1023;714;;11116
18:55:24;713;1023;714;;11088
18:55:24;713;1023;714;;11136
18:55:25;713;1023;713;;11168
18:55:25;713;1023;713;;11016
18:55:26;713;1023;714;;11120
18:55:26;713;1023;714;;11316
18:55:27;713;1023;714;;11064
18:55:27;713;1023;714;;11092
18:55:28;713;1023;713;;11196
18:55:28;713;1023;713;;11168
18:55:29;713;1023;713;;8832
18:55:29;713;1023;713;;11096
18:55:30;713;1023;714;;11068
18:55:30;713;1023;714;;11096
18:55:31;713;1023;713;;11168
18:55:31;713;1023;713;;11072
18:55:32;713;1023;714;;11096
18:55:32;713;1023;714;;11172
18:55:33;713;1023;713;;11068
18:55:33;713;1023;713;;11080
18:55:34;713;1023;714;;11144
18:55:34;713;1023;714;;11220
18:55:35;713;1023;714;;9780
18:55:35;713;1023;714;;8864
18:55:36;713;1023;713;;8568
18:55:36;713;1023;713;;13768
18:55:37;713;1023;714;;8716
18:55:37;713;1023;714;;8884
18:55:38;713;1023;714;;13916
18:55:38;713;1023;714;;9180
18:55:39;713;1023;714;;9256
18:55:40;713;1023;714;;13744
18:55:40;713;1023;714;;6848
18:55:41;713;1023;713;;6992
18:55:41;713;1023;713;;7024
18:55:42;713;1023;714;;6832
18:55:42;713;1023;714;;7924
18:55:43;713;1023;713;;7260
18:55:43;713;1023;713;;7952
18:55:44;713;1023;714;;8540
18:55:44;713;1023;714;;13716
18:55:45;713;1023;713;;7752
18:55:45;713;1023;713;;11192
18:55:46;713;1023;713;;11072
18:55:46;713;1023;713;;11116
18:55:47;713;1023;713;;11064
18:55:47;713;1023;713;;13264
18:55:48;713;1023;714;;13188
18:55:48;713;1023;714;;13112
18:55:49;713;1023;713;;11144
18:55:49;713;1023;713;;11168
18:55:50;713;1023;714;;13112
18:55:50;713;1023;714;;11224
18:55:51;713;1023;713;;13300
18:55:51;713;1023;713;;13648
18:55:52;713;1023;714;;13268
18:55:52;713;1023;714;;13244
18:55:53;713;1023;713;;13216
18:55:53;713;1023;713;;11120
18:55:54;713;1023;713;;11100
18:55:54;713;1023;713;;13220
18:55:55;713;1023;713;;11148
18:55:55;713;1023;713;;11196
18:55:56;713;1023;714;;9028
18:55:56;713;1023;714;;9360
18:55:57;713;1023;713;;8936
18:55:57;713;1023;713;;11124
18:55:58;713;1023;713;;11024
18:55:58;713;1023;713;;11124
18:55:59;713;1023;713;;11272
18:55:59;713;1023;713;;11200
18:56:00;713;1023;713;;11196
18:56:00;713;1023;713;;9136
18:56:01;713;1023;714;;9160
18:56:01;713;1023;714;;13168
18:56:02;713;1023;713;;11216
18:56:02;713;1023;713;;13112
18:56:03;713;1023;714;;11192
18:56:03;713;1023;714;;11216
18:56:04;713;1023;714;;11224
18:56:04;713;1023;714;;13168
18:56:05;713;1023;713;;9108
18:56:05;713;1023;713;;11192
18:56:06;713;1023;713;;11344
18:56:06;713;1023;713;;11712
18:56:07;713;1023;714;;11564
18:56:07;713;1023;714;;11092
18:56:08;713;1023;713;;11172
18:56:09;713;1023;714;;13112
18:56:09;713;1023;714;;11220
18:56:10;713;1023;713;;11144
18:56:10;713;1023;713;;11192
18:56:11;713;1023;713;;11092
18:56:11;713;1023;713;;13112
18:56:12;713;1023;713;;11296
18:56:12;713;1023;713;;11244
18:56:13;713;1023;713;;11248
18:56:13;713;1023;713;;11192
18:56:14;713;1023;714;;11168
18:56:14;713;1023;714;;11244
18:56:15;713;1023;713;;11148
18:56:15;713;1023;713;;11632
18:56:16;713;1023;713;;11264
18:56:16;713;1023;713;;11192
18:56:17;713;1023;714;;11116
18:56:17;713;1023;714;;11140
18:56:18;713;1023;713;;11292
18:56:18;713;1023;713;;11488
18:56:19;713;1023;713;;11252
18:56:19;713;1023;713;;11144
18:56:20;713;1023;714;;11168
18:56:20;713;1023;714;;11120
18:56:21;713;1023;714;;11120
18:56:21;713;1023;714;;11116
18:56:22;713;1023;713;;11240
18:56:22;713;1023;713;;11172
18:56:23;713;1023;714;;13112
18:56:23;713;1023;714;;13144
18:56:24;713;1023;714;;9868
18:56:24;713;1023;714;;11216
18:56:25;713;1023;713;;11124
18:56:25;713;1023;713;;11220
18:56:26;713;1023;714;;10152
18:56:26;713;1023;714;;11196
18:56:27;713;1023;714;;11172
18:56:27;713;1023;714;;11124
18:56:28;713;1023;714;;11220
18:56:28;713;1023;714;;9060
18:56:29;713;1023;714;;13164
18:56:29;713;1023;714;;11268
18:56:30;713;1023;713;;13240
18:56:30;713;1023;713;;13320
18:56:31;713;1023;713;;13264
18:56:31;713;1023;713;;13264
18:56:32;713;1023;714;;9008
18:56:32;713;1023;714;;11316
18:56:33;713;1023;714;;11240
18:56:33;713;1023;714;;11296
18:56:34;713;1023;714;;11092
18:56:34;713;1023;714;;11220
18:56:35;713;1023;713;;11068
18:56:35;713;1023;713;;9396
18:56:36;713;1023;714;;11172
18:56:36;713;1023;714;;11072
18:56:37;713;1023;713;;11192
18:56:38;713;1023;714;;11196
18:56:38;713;1023;714;;11072
18:56:39;713;1023;714;;11048
18:56:39;713;1023;714;;11120
18:56:40;713;1023;714;;13116
18:56:40;713;1023;714;;11120
18:56:41;713;1023;713;;11144
18:56:41;713;1023;713;;11172
18:56:42;713;1023;714;;11168
18:56:42;713;1023;714;;11144
18:56:43;713;1023;713;;11056
18:56:43;713;1023;713;;11832
18:56:44;713;1023;713;;13244
18:56:44;713;1023;713;;11248
18:56:45;713;1023;714;;13220
18:56:45;713;1023;714;;11172
18:56:46;713;1023;714;;13172
18:56:46;713;1023;714;;11096
18:56:47;713;1023;713;;13164
18:56:47;713;1023;713;;11096
18:56:48;713;1023;714;;11148
18:56:48;713;1023;714;;11220
18:56:49;713;1023;714;;11144
18:56:49;713;1023;714;;11292
18:56:50;713;1023;713;;11120
18:56:50;713;1023;713;;13696
18:56:51;713;1023;713;;13680
18:56:51;713;1023;713;;8860
18:56:52;713;1023;713;;13180
18:56:52;713;1023;713;;11536
18:56:53;713;1023;713;;11216
18:56:53;713;1023;713;;13164
18:56:54;713;1023;713;;11272
18:56:54;713;1023;713;;11092
18:56:55;713;1023;714;;11088
18:56:55;713;1023;714;;11220
18:56:56;713;1023;713;;13144
18:56:56;713;1023;713;;11196
18:56:57;713;1023;714;;13088
18:56:57;713;1023;714;;11116
18:56:58;713;1023;714;;13144
18:56:58;713;1023;714;;13088
18:56:59;713;1023;713;;11144
18:56:59;713;1023;713;;13192
18:57:00;713;1023;713;;11292
18:57:00;713;1023;713;;11196
18:57:01;713;1023;714;;11268
18:57:01;713;1023;714;;11196
18:57:02;713;1023;713;;11240
18:57:02;713;1023;713;;11192
18:57:03;713;1023;713;;13088
18:57:03;713;1023;713;;11560
18:57:04;713;1023;713;;13140
18:57:05;713;1023;714;;11324
18:57:05;713;1023;714;;13168
18:57:06;713;1023;713;;11712
18:57:06;713;1023;713;;11144
18:57:07;713;1023;714;;11168
18:57:07;713;1023;714;;11120
18:57:08;713;1023;713;;11168
18:57:08;713;1023;713;;11168
18:57:09;713;1023;713;;11124
18:57:09;713;1023;713;;11220
18:57:10;713;1023;714;;11256
18:57:10;713;1023;714;;11168
18:57:11;713;1023;713;;13192
18:57:11;713;1023;713;;13192
18:57:12;713;1023;713;;13240
18:57:12;713;1023;713;;13216
18:57:13;713;1023;713;;13192
18:57:13;713;1023;713;;13216
18:57:14;713;1023;713;;13188
18:57:14;713;1023;713;;13264
18:57:15;713;1023;713;;13264
18:57:15;713;1023;713;;11168
18:57:16;713;1023;713;;11140
18:57:16;713;1023;713;;11120
18:57:17;713;1023;714;;11116
18:57:17;713;1023;714;;11116
18:57:18;713;1023;714;;13192
18:57:18;713;1023;714;;13296
18:57:19;713;1023;713;;13136
18:57:19;713;1023;713;;11608
18:57:20;713;1023;713;;11364
18:57:20;713;1023;713;;13940
18:57:21;713;1023;713;;8912
18:57:21;713;1023;713;;8832
18:57:22;713;1023;713;;11116
18:57:22;713;1023;713;;10988
18:57:23;713;1023;713;;11240
18:57:23;713;1023;713;;11240
18:57:24;713;1023;714;;11164
18:57:24;713;1023;714;;11288
18:57:25;713;1023;713;;11144
18:57:25;713;1023;713;;11292
18:57:26;713;1023;714;;11364
18:57:26;713;1023;714;;11140
18:57:27;713;1023;713;;11240
18:57:27;713;1023;713;;11244
18:57:28;713;1023;713;;11240
18:57:28;713;1023;713;;11288
18:57:29;713;1023;713;;11168
18:57:29;713;1023;713;;11144
18:57:30;713;1023;713;;11140
18:57:30;713;1023;713;;11388
18:57:31;713;1023;713;;11164
18:57:31;713;1023;713;;11172
18:57:32;713;1023;714;;11244
18:57:33;713;1023;713;;11192
18:57:33;713;1023;713;;11168
18:57:34;713;1023;714;;11144
18:57:34;713;1023;714;;11252
18:57:35;713;1023;713;;11168
18:57:35;713;1023;713;;11192
18:57:36;713;1023;713;;11140
18:57:36;713;1023;713;;11076
18:57:37;713;1023;713;;9052
18:57:37;713;1023;713;;11120
18:57:38;713;1023;713;;11144
18:57:38;713;1023;713;;11268
18:57:39;713;1023;713;;11220
18:57:39;713;1023;713;;11144
18:57:40;713;1023;713;;11264
18:57:40;713;1023;713;;11708
18:57:41;713;1023;713;;11140
18:57:41;713;1023;713;;11144
18:57:42;713;1023;713;;11632
18:57:42;713;1023;713;;11144
18:57:43;713;1023;714;;11188
18:57:43;713;1023;714;;11192
18:57:44;713;1023;713;;11244
18:57:44;713;1023;713;;13240
18:57:45;713;1023;713;;13308
18:57:45;713;1023;713;;13108
18:57:46;713;1023;713;;13108
18:57:46;713;1023;713;;13160
18:57:47;713;1023;713;;13136
18:57:47;713;1023;713;;13108
18:57:48;713;1023;713;;13184
18:57:48;713;1023;713;;13336
18:57:49;713;1023;714;;13312
18:57:49;713;1023;714;;13156
18:57:50;713;1023;713;;13532
18:57:50;713;1023;713;;13952
18:57:51;713;1023;713;;13592
18:57:51;713;1023;713;;13332
18:57:52;713;1023;713;;11160
18:57:52;713;1023;713;;11260
18:57:53;713;1023;714;;11164
18:57:53;713;1023;714;;11164
18:57:54;713;1023;713;;11068
18:57:54;713;1023;713;;11196
18:57:55;713;1023;713;;13132
18:57:55;713;1023;713;;11140
18:57:56;713;1023;713;;11092
18:57:56;713;1023;713;;11144
18:57:57;713;1023;713;;13084
18:57:57;713;1023;713;;11016
18:57:58;713;1023;713;;8908
18:57:58;713;1023;713;;11268
18:57:59;713;1023;713;;7504
18:57:59;713;1023;713;;11120
18:58:00;713;1023;713;;11092
18:58:01;713;1023;713;;11196
18:58:01;713;1023;713;;11144
18:58:02;713;1023;713;;6912
18:58:02;713;1023;713;;7884
18:58:03;713;1023;713;;6916
18:58:03;713;1023;713;;11120
18:58:04;713;1023;713;;11272
18:58:04;713;1023;713;;11144
18:58:05;713;1023;713;;11196
18:58:05;713;1023;713;;13084
18:58:06;713;1023;713;;11140
18:58:06;713;1023;713;;11116
18:58:07;713;1023;713;;11140
18:58:07;713;1023;713;;13108
18:58:08;713;1023;713;;11340
18:58:08;713;1023;713;;11192
18:58:09;713;1023;713;;11268
18:58:09;713;1023;713;;11292
18:58:10;713;1023;713;;11216
18:58:10;713;1023;713;;11140
18:58:11;713;1023;713;;11240
18:58:11;713;1023;713;;11140
18:58:12;713;1023;713;;11192
18:58:12;713;1023;713;;13548
18:58:13;713;1023;713;;13184
18:58:13;713;1023;713;;13132
18:58:14;713;1023;713;;11660
18:58:14;713;1023;713;;11136
18:58:15;713;1023;713;;11136
18:58:15;713;1023;713;;11116
18:58:16;713;1023;713;;11196
18:58:16;713;1023;713;;11120
18:58:17;713;1023;713;;11140
18:58:17;713;1023;713;;11216
18:58:18;713;1023;713;;11164
18:58:18;713;1023;713;;11168
18:58:19;713;1023;713;;11168
18:58:19;713;1023;713;;11044
18:58:20;713;1023;713;;11056
18:58:20;713;1023;713;;11044
18:58:21;713;1023;713;;11112
18:58:21;713;1023;713;;11044
18:58:22;713;1023;713;;11384
18:58:22;713;1023;713;;11164
18:58:23;713;1023;713;;11192
18:58:23;713;1023;713;;11292
18:58:24;713;1023;713;;11144
18:58:24;713;1023;713;;11120
18:58:25;713;1023;713;;11088
18:58:25;713;1023;713;;11020
18:58:26;713;1023;713;;11140
18:58:26;713;1023;713;;11040
18:58:27;713;1023;713;;11712
18:58:27;713;1023;713;;11612
18:58:28;713;1023;713;;11708
18:58:28;713;1023;713;;11612
18:58:29;713;1023;713;;11116
18:58:30;713;1023;713;;11140
18:58:30;713;1023;713;;12072
18:58:31;713;1023;713;;11516
18:58:31;713;1023;713;;11260
18:58:32;713;1023;713;;11588
18:58:32;713;1023;713;;11144
18:58:33;713;1023;713;;11172
18:58:33;713;1023;713;;11640
18:58:34;713;1023;713;;11688
18:58:34;713;1023;713;;11120
18:58:35;713;1023;713;;11268
18:58:35;713;1023;713;;11100
18:58:36;713;1023;713;;11268
18:58:36;713;1023;713;;11144
18:58:37;713;1023;713;;11168
18:58:37;713;1023;713;;11192
18:58:38;713;1023;713;;11440
18:58:38;713;1023;713;;11220
18:58:39;713;1023;713;;11508
18:58:39;713;1023;713;;11068
18:58:40;713;1023;713;;11120
18:58:40;713;1023;713;;11164
18:58:41;713;1023;713;;11116
18:58:41;713;1023;713;;11088
18:58:42;713;1023;713;;11108
18:58:42;713;1023;713;;11140
18:58:43;713;1023;713;;11068
18:58:43;713;1023;713;;11092
18:58:44;713;1023;713;;11088
18:58:44;713;1023;713;;11052
18:58:45;713;1023;713;;11116
18:58:45;713;1023;713;;11384
18:58:46;713;1023;713;;13128
18:58:46;713;1023;713;;11188
18:58:47;713;1023;713;;11064
18:58:47;713;1023;713;;11220
18:58:48;713;1023;713;;11164
18:58:48;713;1023;713;;11068
18:58:49;713;1023;713;;13080
18:58:49;713;1023;713;;11608
18:58:50;713;1023;713;;11216
18:58:50;713;1023;713;;12116
18:58:51;713;1023;713;;11612
18:58:51;713;1023;713;;11192
18:58:52;713;1023;713;;13136
18:58:52;713;1023;713;;12068
18:58:53;713;1023;713;;13136
18:58:53;713;1023;713;;13084
18:58:54;713;1023;713;;11212
18:58:54;713;1023;713;;12040
18:58:55;713;1023;713;;12160
18:58:55;713;1023;713;;11552
18:58:56;713;1023;713;;11584
18:58:56;713;1023;713;;11528
18:58:57;713;1023;713;;11576
18:58:58;713;1023;713;;11532
18:58:58;713;1023;713;;11532
18:58:59;713;1023;713;;11136
18:58:59;713;1023;713;;11236
18:59:00;713;1023;713;;11504
18:59:00;713;1023;713;;11336
18:59:01;713;1023;713;;11240
18:59:01;713;1023;713;;11680
18:59:02;713;1023;713;;11116
18:59:02;713;1023;713;;11240
18:59:03;713;1023;713;;11608
18:59:03;713;1023;713;;11116
18:59:04;713;1023;713;;11512
18:59:04;713;1023;713;;11512
18:59:05;713;1023;713;;11536
18:59:05;713;1023;713;;11276
18:59:06;713;1023;713;;11264
18:59:06;713;1023;713;;11120
18:59:07;713;1023;713;;11220
18:59:07;713;1023;713;;11196
18:59:08;713;1023;713;;11244
18:59:08;713;1023;713;;11216
18:59:09;713;1023;713;;11144
18:59:09;713;1023;713;;11544
18:59:10;713;1023;713;;11120
18:59:10;713;1023;713;;11272
18:59:11;713;1023;713;;11068
18:59:11;713;1023;713;;11144
18:59:12;713;1023;713;;11612
18:59:12;713;1023;713;;11248
18:59:13;713;1023;713;;11124
18:59:13;713;1023;713;;11148
18:59:14;713;1023;713;;11220
18:59:14;713;1023;713;;11152
18:59:15;713;1023;713;;11148
18:59:15;713;1023;713;;11148
18:59:16;713;1023;713;;11124
18:59:16;713;1023;713;;11120
18:59:17;713;1023;713;;11120
18:59:17;713;1023;713;;11120
18:59:18;713;1023;713;;11120
18:59:18;713;1023;713;;11124
18:59:19;713;1023;713;;11120
18:59:19;713;1023;713;;11016
18:59:20;713;1023;713;;11148
18:59:20;713;1023;713;;11096
18:59:21;713;1023;713;;11244
18:59:21;713;1023;713;;11344
18:59:22;713;1023;713;;11048
18:59:22;713;1023;713;;11272
18:59:23;713;1023;713;;11120
18:59:23;713;1023;713;;11120
18:59:24;713;1023;713;;11140
18:59:24;713;1023;713;;11172
18:59:25;713;1023;713;;11268
18:59:25;713;1023;713;;11264
18:59:26;713;1023;713;;11144
18:59:27;713;1023;713;;11120
18:59:27;713;1023;713;;11072
18:59:28;713;1023;713;;11144
18:59:28;713;1023;713;;11068
18:59:29;713;1023;713;;11296
18:59:29;713;1023;713;;11144
18:59:30;713;1023;713;;11144
18:59:30;713;1023;713;;11148
18:59:31;713;1023;713;;11140
18:59:31;713;1023;713;;11120
18:59:32;713;1023;713;;11116
18:59:32;713;1023;713;;11192
18:59:33;713;1023;713;;11168
18:59:33;713;1023;713;;11092
18:59:34;713;1023;713;;11144
18:59:34;713;1023;713;;11140
18:59:35;713;1023;713;;11220
18:59:35;713;1023;713;;11068
18:59:36;713;1023;713;;11168
18:59:36;713;1023;713;;11220
18:59:37;713;1023;713;;11148
18:59:37;713;1023;713;;11192
18:59:38;713;1023;713;;7828
18:59:38;713;1023;713;;7276
18:59:39;713;1023;713;;11124
18:59:39;713;1023;713;;7516
18:59:40;713;1023;713;;11096
18:59:40;713;1023;713;;7660
18:59:41;713;1023;713;;11172
18:59:41;713;1023;713;;11120
18:59:42;713;1023;713;;11096
18:59:42;713;1023;713;;11640
18:59:43;713;1023;713;;11688
18:59:43;713;1023;713;;11588
18:59:44;713;1023;713;;11488
18:59:44;713;1023;713;;11076
18:59:45;713;1023;713;;11660
18:59:45;713;1023;713;;13524
18:59:46;713;1023;713;;11688
18:59:46;713;1023;713;;12144
18:59:47;713;1023;713;;11788
18:59:47;713;1023;713;;13620
18:59:48;713;1023;713;;13648
18:59:48;713;1023;713;;12144
18:59:49;713;1023;713;;11660
18:59:49;713;1023;713;;11608
18:59:50;713;1023;713;;11560
18:59:50;713;1023;713;;11588
18:59:51;713;1023;713;;11536
18:59:51;713;1023;713;;11736
18:59:52;713;1023;713;;11588
18:59:52;713;1023;713;;11532
18:59:53;713;1023;713;;8912
18:59:53;713;1023;713;;11612
18:59:54;713;1023;713;;11636
18:59:54;713;1023;713;;11560
18:59:55;713;1023;713;;11712
18:59:56;713;1023;713;;11640
18:59:56;713;1023;713;;11720
18:59:57;713;1023;713;;11716
18:59:57;713;1023;713;;8912
18:59:58;713;1023;713;;8964
18:59:58;713;1023;713;;11636
18:59:59;713;1023;713;;11688
18:59:59;713;1023;713;;11612
