12:55:35;684;963;680;
12:55:36;686;994;686;
12:55:37;688;999;688;
12:55:37;699;977;683;
12:55:38;690;1002;689;
12:55:39;689;1002;689;
12:55:40;689;1002;689;
12:55:41;689;1002;689;
12:55:42;689;1002;689;
12:55:43;689;1002;689;
12:55:44;689;1002;689;
12:55:45;689;1002;689;
12:55:46;689;1002;689;
12:55:47;689;1002;689;
12:55:48;689;1003;690;
12:55:49;689;1003;690;
12:55:50;690;1003;690;
12:55:51;690;1004;690;
12:55:52;690;1003;690;
12:55:53;690;1003;690;
12:55:54;690;1003;690;
12:55:55;689;1002;690;
12:55:56;689;1001;689;
12:55:57;689;1001;689;
12:55:58;689;1000;689;
12:55:59;689;999;689;
12:56:00;688;999;688;
12:56:16;689;1001;689;;8592
12:56:16;689;1001;689;;10148
12:56:17;689;1001;689;;19572
12:56:17;689;1001;689;;9336
12:56:18;689;1001;689;;1644
12:56:18;689;1001;689;;920
12:56:19;689;1001;689;;13856
12:56:19;689;1001;689;;2312
12:56:20;689;1001;689;;19720
12:56:20;689;1001;689;;6176
12:56:21;689;1001;689;;19820
12:56:23;690;973;682;;15836
12:56:24;689;1000;689;;12100
12:56:24;689;1000;689;;9108
12:56:25;689;1000;689;;8256
12:56:25;689;1000;689;;16072
12:56:26;689;1000;689;;8976
12:56:26;689;1000;689;;12296
12:56:27;689;1000;689;;11520
12:56:27;689;1000;689;;22656
12:56:28;689;1000;689;;132
12:56:28;689;1000;689;;4868
12:56:29;689;1000;689;;996
12:56:29;689;1000;689;;16692
12:56:30;689;1000;689;;224
12:56:30;689;1000;689;;7664
12:56:31;689;1000;689;;15088
12:56:31;689;1000;689;;5320
12:56:32;689;1000;690;;17336
12:56:32;689;1000;690;;10860
12:56:33;689;1000;689;;1444
12:56:33;689;1000;689;;18156
12:56:34;689;1000;689;;6924
12:56:34;689;1000;689;;19180
12:56:35;689;1000;689;;4544
12:56:35;689;1000;689;;240
12:56:36;689;1000;689;;19244
12:56:36;689;1000;689;;22928
12:56:37;689;1001;689;;4852
12:56:37;689;1001;689;;552
12:56:38;689;1000;689;;19556
12:56:38;689;1000;689;;4932
12:56:39;689;1001;689;;15764
12:56:39;689;1001;689;;3700
12:56:40;689;1000;689;;3336
12:56:40;689;1000;689;;712
12:56:41;689;1000;689;;19756
12:56:41;689;1000;689;;3516
12:56:42;689;1000;689;;19088
12:56:42;689;1000;689;;1404
12:56:43;689;1000;689;;2084
12:56:43;689;1000;689;;11536
12:56:44;689;1000;689;;6516
12:56:44;689;1000;689;;25700
12:56:45;689;1000;689;;4320
12:56:45;689;1000;689;;1688
12:56:46;689;1000;689;;19200
12:56:47;689;999;689;;4708
12:56:47;689;999;689;;596
12:56:48;681;965;680;;19864
12:56:48;681;965;680;;20192
12:56:49;673;935;673;;4628
12:56:49;673;935;673;;1416
12:56:50;672;933;673;;956
12:56:50;672;933;673;;2868
12:56:51;677;955;678;;588
12:56:51;677;955;678;;13556
12:56:52;709;1023;710;;5052
12:56:52;709;1023;710;;2196
12:56:53;712;1023;713;;3916
12:56:53;712;1023;713;;17884
12:56:54;714;1023;714;;2980
12:56:54;714;1023;714;;4192
12:56:55;714;1023;715;;1928
12:56:55;714;1023;715;;19836
12:56:56;715;1023;715;;16100
12:56:56;715;1023;715;;3684
12:56:57;715;1023;715;;27668
12:56:57;715;1023;715;;19204
12:56:58;715;1023;715;;8512
12:56:58;715;1023;715;;25816
12:56:59;703;1017;703;;18932
12:56:59;703;1017;703;;3440
12:57:00;689;998;689;;4672
12:57:00;689;998;689;;18844
12:57:01;687;993;687;;10992
12:57:01;687;993;687;;18400
12:57:02;687;991;687;;2216
12:57:02;687;991;687;;6924
12:57:03;686;988;686;;17264
12:57:03;686;988;686;;8104
12:57:04;686;987;686;;2980
12:57:04;686;987;686;;1416
12:57:05;686;987;686;;13512
12:57:05;686;987;686;;11340
12:57:06;686;987;686;;2812
12:57:06;686;987;686;;8608
12:57:07;686;986;686;;14500
12:57:07;686;986;686;;4308
12:57:08;685;985;685;;888
12:57:08;685;985;685;;16052
12:57:09;685;985;686;;9176
12:57:09;685;985;686;;19680
12:57:10;685;985;686;;7540
12:57:10;685;985;686;;728
12:57:11;685;985;685;;532
12:57:11;685;985;685;;20424
12:57:12;685;985;685;;4812
12:57:12;685;985;685;;22988
12:57:13;685;985;685;;624
12:57:13;685;985;685;;19484
12:57:14;685;985;685;;5404
12:57:14;685;985;685;;64
12:57:15;685;985;685;;15952
12:57:15;685;985;685;;12248
12:57:16;685;985;685;;15184
12:57:16;685;985;685;;3184
12:57:17;685;985;685;;1976
12:57:17;685;985;685;;6880
12:57:18;685;984;685;;21276
12:57:19;685;984;685;;16300
12:57:19;685;984;685;;5756
12:57:20;685;984;685;;6836
12:57:20;685;984;685;;16136
12:57:21;685;985;685;;3740
12:57:21;685;985;685;;28
12:57:22;685;985;685;;4744
12:57:22;685;985;685;;976
12:57:23;685;985;685;;9840
12:57:23;685;985;685;;7868
12:57:24;685;985;685;;2248
12:57:24;685;985;685;;18460
12:57:25;685;984;685;;6140
12:57:25;685;984;685;;668
12:57:26;685;985;685;;96
12:57:26;685;985;685;;19728
12:57:27;685;985;685;;3892
12:57:27;685;985;685;;36
12:57:28;685;985;685;;16788
12:57:28;685;985;685;;6128
12:57:29;685;985;685;;2008
12:57:29;685;985;685;;5072
12:57:30;685;985;685;;920
12:57:30;685;985;685;;20308
12:57:31;685;985;685;;18056
12:57:31;685;985;685;;2588
12:57:32;685;985;685;;17912
12:57:32;685;985;685;;1256
12:57:33;685;984;685;;18288
12:57:33;685;984;685;;5752
12:57:34;685;984;685;;19500
12:57:34;685;984;685;;4852
12:57:35;685;984;685;;480
12:57:35;685;984;685;;17916
12:57:36;685;984;685;;4848
12:57:36;685;984;685;;452
12:57:37;685;984;685;;17764
12:57:37;685;984;685;;5084
12:57:38;685;984;685;;4516
12:57:38;685;984;685;;3532
12:57:39;685;984;685;;5740
12:57:39;685;984;685;;19716
12:57:40;685;984;685;;536
12:57:40;685;984;685;;2616
12:57:41;685;984;685;;40
12:57:41;685;984;685;;19320
12:57:42;685;984;685;;3132
12:57:42;685;984;685;;616
12:57:43;685;985;685;;11684
12:57:43;685;985;685;;10744
12:57:44;685;985;685;;16204
12:57:44;685;985;685;;948
12:57:45;686;986;686;;524
12:57:45;686;986;686;;96
12:57:46;686;987;686;;5876
12:57:46;686;987;686;;11520
12:57:47;686;988;686;;5908
12:57:47;686;988;686;;3388
12:57:48;686;989;686;;6572
12:57:48;686;989;686;;1372
12:57:49;687;989;687;;12700
12:57:49;687;989;687;;12692
12:57:50;687;990;687;;22312
12:57:50;687;990;687;;5128
12:57:51;687;990;687;;15892
12:57:51;687;990;687;;8980
12:57:52;687;991;687;;1960
12:57:52;687;991;687;;20148
12:57:53;687;991;687;;4504
12:57:53;687;991;687;;836
12:57:54;687;991;687;;492
12:57:54;687;991;687;;208
12:57:55;687;991;687;;19724
12:57:55;687;991;687;;21948
12:57:56;687;991;687;;2848
12:57:56;687;991;687;;5380
12:57:57;687;991;687;;1496
12:57:58;687;992;687;;19448
12:57:58;687;992;687;;1704
12:57:59;687;992;688;;22704
12:57:59;687;992;688;;616
12:58:00;687;992;688;;488
12:58:00;687;992;688;;2080
12:58:01;688;993;688;;19672
12:58:01;688;993;688;;768
12:58:02;688;993;688;;2992
12:58:02;688;993;688;;15956
12:58:03;688;993;688;;7960
12:58:03;688;993;688;;2212
12:58:04;688;993;688;;19732
12:58:04;688;993;688;;5456
12:58:05;688;994;688;;16980
12:58:05;688;994;688;;2312
12:58:06;688;994;688;;4940
12:58:06;688;994;688;;21200
12:58:07;688;995;688;;24708
12:58:07;688;995;688;;5300
12:58:08;688;995;688;;1104
12:58:08;688;995;688;;13424
12:58:09;688;995;688;;1500
12:58:09;688;995;688;;19148
12:58:10;688;995;688;;4408
12:58:10;688;995;688;;2860
12:58:11;688;995;688;;25308
12:58:11;688;995;688;;5816
12:58:12;688;996;689;;1452
12:58:12;688;996;689;;18940
12:58:13;688;996;689;;4348
12:58:13;688;996;689;;20168
12:58:14;689;996;689;;3200
12:58:14;689;996;689;;22436
12:58:15;689;996;689;;4468
12:58:15;689;996;689;;20444
12:58:16;689;997;689;;4236
12:58:16;689;997;689;;136
12:58:17;689;997;689;;19320
12:58:17;689;997;689;;3380
12:58:18;689;997;689;;848
12:58:18;689;997;689;;340
12:58:19;689;997;689;;19488
12:58:19;689;997;689;;17572
12:58:20;689;998;689;;9924
12:58:20;689;998;689;;2440
12:58:21;689;998;689;;19936
12:58:21;689;998;689;;3904
12:58:22;689;999;689;;19660
12:58:22;689;999;689;;25380
12:58:23;689;999;689;;3284
12:58:23;689;999;689;;4352
12:58:24;689;999;690;;88
12:58:24;689;999;690;;15096
12:58:25;690;999;690;;18664
12:58:25;690;999;690;;12900
12:58:26;690;999;690;;15496
12:58:26;690;999;690;;11376
12:58:27;690;1000;690;;17704
12:58:27;690;1000;690;;8316
12:58:28;690;1000;690;;2744
12:58:28;690;1000;690;;676
12:58:29;690;1000;690;;18664
12:58:30;690;1000;690;;6560
12:58:30;690;1000;690;;1104
12:58:31;690;1000;690;;624
12:58:31;690;1000;690;;448
12:58:32;690;1001;690;;20060
12:58:32;690;1001;690;;17860
12:58:33;690;1001;690;;11116
12:58:33;690;1001;690;;16176
12:58:34;690;1001;690;;10556
12:58:34;690;1001;690;;17512
12:58:35;690;1001;690;;3344
12:58:35;690;1001;690;;1384
12:58:36;690;1001;690;;428
12:58:36;690;1001;690;;4104
12:58:37;690;1001;690;;120
12:58:37;690;1001;690;;19656
12:58:38;690;1001;690;;19520
12:58:38;690;1001;690;;9508
12:58:39;690;1002;690;;1968
12:58:39;690;1002;690;;19736
12:58:40;690;1002;690;;3676
12:58:40;690;1002;690;;17332
12:58:41;690;1002;690;;752
12:58:41;690;1002;690;;11116
12:58:42;690;1002;690;;2808
12:58:42;690;1002;690;;676
12:58:43;690;1002;690;;19876
12:58:43;690;1002;690;;5636
12:58:44;690;1002;691;;19908
12:58:44;690;1002;691;;4124
12:58:45;690;1003;691;;1756
12:58:45;690;1003;691;;19576
12:58:46;690;1003;691;;3700
12:58:46;690;1003;691;;1644
12:58:47;691;1003;691;;13800
12:58:47;691;1003;691;;8128
12:58:48;691;1003;691;;7252
12:58:48;691;1003;691;;2620
12:58:49;691;1003;691;;2020
12:58:49;691;1003;691;;6620
12:58:50;691;1003;691;;14132
12:58:50;691;1003;691;;11596
12:58:51;691;1003;691;;22768
12:58:51;691;1003;691;;5592
12:58:52;691;1003;691;;15212
12:58:52;691;1003;691;;5020
12:58:53;691;1003;691;;2136
12:58:53;691;1003;691;;400
12:58:54;691;1003;691;;532
12:58:54;691;1003;691;;15740
12:58:55;691;1004;691;;13600
12:58:55;691;1004;691;;3740
12:58:56;691;1004;691;;560
12:58:56;691;1004;691;;868
12:58:57;691;1004;691;;1088
12:58:57;691;1004;691;;1396
12:58:58;691;1004;691;;15128
12:58:58;691;1004;691;;9788
12:58:59;691;1004;691;;20464
12:58:59;691;1004;691;;6876
12:59:00;691;1004;691;;1744
12:59:00;691;1004;691;;13484
12:59:01;691;1004;691;;9944
12:59:01;691;1004;691;;4600
12:59:02;691;1004;691;;992
12:59:02;691;1004;691;;788
12:59:03;691;1004;691;;18628
12:59:03;691;1004;691;;4424
12:59:04;691;1004;691;;2216
12:59:04;691;1004;691;;112
12:59:05;691;1004;691;;17544
12:59:05;691;1004;691;;4912
12:59:06;691;1004;691;;15552
12:59:06;691;1004;691;;2812
12:59:13;691;1004;691;;256768
12:59:14;691;1003;691;;342348
12:59:14;691;1003;691;;6728
12:59:15;690;1001;690;;696
12:59:15;690;1001;690;;4280
12:59:16;690;1002;691;;14516
12:59:16;690;1002;691;;3396
12:59:17;690;1003;691;;676
12:59:17;690;1003;691;;18368
12:59:18;690;1002;691;;5472
12:59:18;690;1002;691;;19716
12:59:19;690;1002;690;;5140
12:59:19;690;1002;690;;6172
12:59:20;690;1002;690;;2020
12:59:20;690;1002;690;;7232
12:59:21;690;1001;690;;6192
12:59:21;690;1001;690;;2756
12:59:22;690;1001;690;;456
12:59:22;690;1001;690;;18684
12:59:23;690;1001;690;;3572
12:59:23;690;1001;690;;1612
12:59:24;690;1002;690;;19680
12:59:25;690;1001;690;;7532
12:59:25;690;1001;690;;264
12:59:26;690;1001;690;;20036
12:59:26;690;1001;690;;6196
12:59:27;690;1001;690;;680
12:59:27;690;1001;690;;700
12:59:28;690;1001;690;;20236
12:59:28;690;1001;690;;4708
12:59:29;690;1002;690;;1304
12:59:29;690;1002;690;;280
12:59:30;690;1002;690;;280
12:59:30;690;1002;690;;272
12:59:31;690;1002;690;;292
12:59:31;690;1002;690;;288
12:59:32;690;1002;690;;276
12:59:32;690;1002;690;;288
12:59:33;690;1002;690;;260
