08:28:23;707;1023;718;;12124
08:28:24;716;1023;717;;14264
08:28:24;716;1023;717;;14264
08:28:25;717;1023;717;;14288
08:28:25;717;1023;717;;12104
08:28:26;717;1023;717;;11980
08:28:26;717;1023;717;;11960
08:28:27;717;1023;717;;11988
08:28:27;717;1023;717;;12004
08:28:28;717;1023;717;;11956
08:28:28;717;1023;717;;14240
08:28:29;717;1023;717;;12048
08:28:29;717;1023;717;;14260
08:28:30;717;1023;717;;14316
08:28:30;717;1023;717;;14288
08:28:31;717;1023;717;;14264
08:28:31;717;1023;717;;11956
08:28:32;717;1023;717;;12008
08:28:32;717;1023;717;;12152
08:28:33;717;1023;717;;12156
08:28:33;717;1023;717;;14240
08:28:34;717;1023;717;;14244
08:28:34;717;1023;717;;14348
08:28:35;717;1023;717;;12148
08:28:35;717;1023;717;;12132
08:28:36;717;1023;717;;11956
08:28:36;717;1023;717;;12224
08:28:37;717;1023;717;;12008
08:28:37;717;1023;717;;12008
08:28:38;717;1023;717;;12132
08:28:39;717;1023;717;;12128
08:28:39;717;1023;717;;12076
08:28:40;717;1023;717;;12108
08:28:40;717;1023;717;;11956
08:28:41;717;1023;717;;12008
08:28:41;717;1023;717;;11928
08:28:42;717;1023;717;;11904
08:28:42;717;1023;717;;12056
08:28:43;716;1023;717;;12080
08:28:43;716;1023;717;;12176
08:28:44;716;1023;717;;12128
08:28:44;716;1023;717;;12008
08:28:45;716;1023;717;;11984
08:28:45;716;1023;717;;12056
08:28:46;716;1023;716;;12100
08:28:46;716;1023;716;;12060
08:28:47;716;1023;717;;12004
08:28:47;716;1023;717;;12056
08:28:48;716;1023;717;;14360
08:28:48;716;1023;717;;12104
08:28:49;716;1023;717;;12056
08:28:49;716;1023;717;;12008
08:28:50;716;1023;716;;11956
08:28:50;716;1023;716;;11980
08:28:51;716;1023;717;;11956
08:28:51;716;1023;717;;14312
08:28:52;716;1023;717;;12148
08:28:52;716;1023;717;;12148
08:28:53;716;1023;716;;14288
08:28:53;716;1023;716;;11956
08:28:54;716;1023;716;;11960
08:28:54;716;1023;716;;12060
08:28:55;716;1023;716;;12008
08:28:55;716;1023;716;;12004
08:28:56;716;1023;716;;12056
08:28:56;716;1023;716;;11980
08:28:57;716;1023;716;;11980
08:28:57;716;1023;716;;12132
08:28:58;716;1023;716;;14284
08:28:58;716;1023;716;;12100
08:28:59;716;1023;716;;12148
08:28:59;716;1023;716;;12052
08:29:00;716;1023;716;;12016
08:29:00;716;1023;716;;11956
08:29:01;716;1023;716;;12008
08:29:01;716;1023;716;;12008
08:29:02;716;1023;716;;14312
08:29:02;716;1023;716;;14288
08:29:03;716;1023;716;;11964
08:29:03;716;1023;716;;11932
08:29:04;716;1023;716;;12008
08:29:05;716;1023;716;;12104
08:29:05;716;1023;716;;12100
08:29:06;716;1023;716;;12056
08:29:06;716;1023;716;;12156
08:29:07;716;1023;716;;12176
08:29:07;716;1023;716;;12072
08:29:08;716;1023;716;;12104
08:29:08;716;1023;716;;14292
08:29:09;716;1023;716;;12032
08:29:09;716;1023;716;;12008
08:29:10;716;1023;716;;12132
08:29:10;716;1023;716;;14292
08:29:11;716;1023;716;;14288
08:29:11;716;1023;716;;12004
08:29:12;716;1023;716;;12100
08:29:12;716;1023;716;;12104
08:29:13;716;1023;716;;11956
08:29:13;716;1023;716;;11960
08:29:14;716;1023;716;;11984
08:29:14;716;1023;716;;11992
08:29:15;716;1023;716;;11944
08:29:15;716;1023;716;;12032
08:29:16;716;1023;716;;14340
08:29:16;716;1023;716;;12104
08:29:17;716;1023;716;;14300
08:29:17;716;1023;716;;12132
08:29:18;716;1023;716;;14292
08:29:18;716;1023;716;;12200
08:29:19;716;1023;716;;12152
08:29:19;716;1023;716;;12156
08:29:20;716;1023;716;;14340
08:29:20;716;1023;716;;14312
08:29:21;716;1023;716;;14316
08:29:21;716;1023;716;;14344
08:29:22;716;1023;716;;14288
08:29:22;716;1023;716;;11980
08:29:23;716;1023;716;;11956
08:29:23;716;1023;716;;12020
08:29:24;716;1023;716;;11960
08:29:24;716;1023;716;;12212
08:29:25;716;1023;716;;14268
08:29:25;716;1023;716;;14264
08:29:26;716;1023;716;;14288
08:29:26;716;1023;716;;11956
08:29:27;716;1023;716;;11936
08:29:27;716;1023;716;;11936
08:29:28;716;1023;716;;12008
08:29:28;716;1023;716;;12156
08:29:29;716;1023;716;;12036
08:29:29;716;1023;716;;12104
08:29:30;716;1023;716;;14344
08:29:31;716;1023;716;;14292
08:29:31;716;1023;716;;12080
08:29:32;716;1023;716;;12152
08:29:32;716;1023;716;;12080
08:29:33;716;1023;716;;14312
08:29:33;716;1023;716;;11980
08:29:34;716;1023;716;;12028
08:29:34;716;1023;716;;12036
08:29:35;716;1023;716;;12100
08:29:35;716;1023;716;;12012
08:29:36;716;1023;716;;12052
08:29:36;716;1023;716;;11980
08:29:37;716;1023;716;;12028
08:29:37;716;1023;716;;12012
08:29:38;716;1023;716;;11956
08:29:38;716;1023;716;;14260
08:29:39;716;1023;716;;12104
08:29:39;716;1023;716;;12128
08:29:40;716;1023;716;;12080
08:29:40;716;1023;716;;11956
08:29:41;716;1023;716;;12028
08:29:41;716;1023;716;;12080
08:29:42;716;1023;716;;12032
08:29:42;716;1023;716;;12056
08:29:43;716;1023;716;;11960
08:29:43;716;1023;716;;12036
08:29:44;716;1023;716;;12008
08:29:44;716;1023;716;;12204
08:29:45;716;1023;716;;11980
08:29:45;716;1023;716;;12076
08:29:46;716;1023;716;;11980
08:29:46;716;1023;716;;12012
08:29:47;716;1023;716;;11980
08:29:47;716;1023;716;;12124
08:29:48;716;1023;716;;12076
08:29:48;716;1023;716;;12000
08:29:49;716;1023;716;;12096
08:29:49;716;1023;716;;12096
08:29:50;716;1023;716;;12120
08:29:50;716;1023;716;;12128
08:29:51;716;1023;716;;12300
08:29:51;716;1023;716;;12324
08:29:52;716;1023;716;;12220
08:29:52;716;1023;716;;12244
08:29:53;716;1023;716;;12096
08:29:53;716;1023;716;;12048
08:29:54;716;1023;716;;12120
08:29:54;716;1023;716;;12000
08:29:55;716;1023;716;;12032
08:29:55;716;1023;716;;12080
08:29:56;716;1023;716;;12472
08:29:56;716;1023;716;;12440
08:29:57;716;1023;716;;12372
08:29:58;716;1023;716;;11980
08:29:58;716;1023;716;;12016
08:29:59;716;1023;716;;12124
08:29:59;716;1023;716;;12180
08:30:00;716;1023;716;;12056
08:30:00;716;1023;716;;12152
08:30:01;716;1023;716;;11980
08:30:01;716;1023;716;;12056
08:30:02;716;1023;716;;11984
08:30:02;716;1023;716;;11956
08:30:03;716;1023;716;;12052
08:30:03;716;1023;716;;12104
08:30:04;716;1023;716;;12148
08:30:04;716;1023;716;;12248
08:30:05;716;1023;716;;12320
08:30:05;716;1023;716;;12344
08:30:06;716;1023;716;;12120
08:30:06;716;1023;716;;12268
08:30:07;716;1023;716;;12052
08:30:07;716;1023;716;;12096
08:30:08;716;1023;716;;12120
08:30:08;716;1023;716;;12224
08:30:09;716;1023;716;;12016
08:30:09;716;1023;716;;12096
08:30:10;716;1023;716;;12128
08:30:10;716;1023;716;;12172
08:30:11;716;1023;716;;12128
08:30:11;716;1023;716;;12108
08:30:12;716;1023;716;;12052
08:30:12;716;1023;716;;14312
08:30:13;716;1023;716;;14292
08:30:13;716;1023;716;;12080
08:30:14;716;1023;716;;11956
08:30:14;716;1023;716;;12028
08:30:15;716;1023;716;;12032
08:30:15;716;1023;716;;14288
08:30:16;716;1023;716;;14312
08:30:16;716;1023;716;;14288
08:30:17;716;1023;716;;14312
08:30:17;716;1023;716;;14284
08:30:18;716;1023;716;;12172
08:30:18;716;1023;716;;12076
08:30:19;716;1023;716;;11980
08:30:19;716;1023;716;;12036
08:30:20;716;1023;716;;12032
08:30:20;716;1023;716;;11980
08:30:21;716;1023;716;;11932
08:30:21;716;1023;716;;12152
08:30:22;716;1023;716;;12028
08:30:22;716;1023;716;;12200
08:30:23;716;1023;716;;14316
08:30:24;716;1023;716;;14340
08:30:24;716;1023;716;;14288
08:30:25;716;1023;716;;14292
08:30:25;716;1023;716;;12124
08:30:26;716;1023;716;;12124
08:30:26;716;1023;716;;11984
08:30:27;716;1023;716;;12004
08:30:27;716;1023;716;;14288
08:30:28;716;1023;716;;12104
08:30:28;716;1023;716;;14288
08:30:29;716;1023;716;;12028
08:30:29;716;1023;716;;14288
08:30:30;716;1023;716;;14312
08:30:30;716;1023;716;;14312
08:30:31;716;1023;716;;12080
08:30:31;716;1023;716;;14284
08:30:32;716;1023;716;;12152
08:30:32;716;1023;716;;12128
08:30:33;716;1023;716;;12148
08:30:33;716;1023;716;;14340
08:30:34;716;1023;716;;12004
08:30:34;716;1023;716;;14312
08:30:35;716;1023;716;;14332
08:30:35;716;1023;716;;12056
08:30:36;716;1023;716;;14312
08:30:36;716;1023;716;;14312
08:30:37;716;1023;716;;14288
08:30:37;716;1023;716;;11932
08:30:38;716;1023;716;;12012
08:30:38;716;1023;716;;12176
08:30:39;716;1023;716;;14284
08:30:39;716;1023;716;;12212
08:30:40;715;1023;716;;11964
08:30:40;715;1023;716;;12028
08:30:41;716;1023;716;;12008
08:30:41;716;1023;716;;11984
08:30:42;715;1023;716;;11956
08:30:42;715;1023;716;;12004
08:30:43;716;1023;716;;14320
08:30:43;716;1023;716;;12052
08:30:44;716;1023;716;;14284
08:30:44;716;1023;716;;12080
08:30:45;716;1023;716;;12152
08:30:45;716;1023;716;;11984
08:30:46;715;1023;716;;12108
08:30:46;715;1023;716;;11996
08:30:47;715;1023;716;;12028
08:30:47;715;1023;716;;14100
08:30:48;716;1023;716;;12016
08:30:49;715;1023;716;;12156
08:30:49;715;1023;716;;12128
08:30:50;715;1023;716;;12088
08:30:50;715;1023;716;;12060
08:30:51;715;1023;715;;12080
08:30:51;715;1023;715;;12176
08:30:52;715;1023;716;;12256
08:30:52;715;1023;716;;12032
08:30:53;715;1023;716;;12084
08:30:53;715;1023;716;;12056
08:30:54;715;1023;716;;11952
08:30:54;715;1023;716;;11980
08:30:55;715;1023;715;;12132
08:30:55;715;1023;715;;11932
08:30:56;715;1023;715;;11980
08:30:56;715;1023;715;;12012
08:30:57;715;1023;715;;11980
08:30:57;715;1023;715;;12008
08:30:58;715;1023;715;;11960
08:30:58;715;1023;715;;12032
08:30:59;715;1023;715;;11992
08:30:59;715;1023;715;;12004
08:31:00;715;1023;715;;11984
08:31:00;715;1023;715;;12104
08:31:01;715;1023;715;;11980
08:31:01;715;1023;715;;12004
08:31:02;715;1023;715;;11996
08:31:02;715;1023;715;;12012
08:31:03;715;1023;715;;12104
08:31:03;715;1023;715;;14348
08:31:04;715;1023;715;;12200
08:31:04;715;1023;715;;11980
08:31:05;715;1023;715;;11956
08:31:05;715;1023;715;;12000
08:31:06;715;1023;715;;12004
08:31:06;715;1023;715;;12016
08:31:07;715;1023;715;;11904
08:31:07;715;1023;715;;11964
08:31:08;715;1023;715;;14288
08:31:08;715;1023;715;;12008
08:31:09;715;1023;715;;12004
08:31:09;715;1023;715;;12020
08:31:10;715;1023;715;;12028
08:31:10;715;1023;715;;12104
08:31:11;715;1023;715;;11956
08:31:11;715;1023;715;;12100
08:31:12;715;1023;715;;12032
08:31:12;715;1023;715;;12008
08:31:13;715;1023;715;;12100
08:31:13;715;1023;715;;12028
08:31:14;715;1023;715;;12076
08:31:14;715;1023;715;;12052
08:31:15;715;1023;715;;12028
08:31:16;715;1023;715;;12172
08:31:16;715;1023;715;;12028
08:31:17;715;1023;715;;12128
08:31:17;715;1023;715;;12272
08:31:18;715;1023;715;;12008
08:31:18;715;1023;715;;12132
08:31:19;715;1023;715;;12048
08:31:19;715;1023;715;;12000
08:31:20;715;1023;715;;12100
08:31:20;715;1023;715;;12024
08:31:21;715;1023;715;;12152
08:31:21;715;1023;715;;12072
08:31:22;715;1023;715;;12144
08:31:22;715;1023;715;;12096
08:31:23;715;1023;715;;12148
08:31:23;715;1023;715;;12072
08:31:24;715;1023;715;;12172
08:31:24;715;1023;715;;12100
08:31:25;715;1023;715;;12244
08:31:25;715;1023;715;;12124
08:31:26;715;1023;715;;12024
08:31:26;715;1023;715;;11976
08:31:27;715;1023;715;;11952
08:31:27;715;1023;715;;12372
08:31:28;715;1023;715;;12120
08:31:28;715;1023;715;;12032
08:31:29;715;1023;715;;12048
08:31:29;715;1023;715;;12244
08:31:30;715;1023;715;;12196
08:31:30;715;1023;715;;12172
08:31:31;715;1023;715;;12116
08:31:31;715;1023;715;;12072
08:31:32;715;1023;715;;12144
08:31:32;715;1023;715;;12244
08:31:33;715;1023;715;;12196
08:31:33;715;1023;715;;12096
08:31:34;715;1023;715;;12072
08:31:34;715;1023;715;;12244
08:31:35;715;1023;715;;12148
08:31:35;715;1023;715;;12052
08:31:36;715;1023;715;;12124
08:31:36;715;1023;715;;12104
08:31:37;715;1023;715;;12048
08:31:37;715;1023;715;;12148
08:31:38;715;1023;715;;12196
08:31:38;715;1023;715;;12244
08:31:39;715;1023;715;;12148
08:31:39;715;1023;715;;12072
08:31:40;715;1023;715;;12000
08:31:40;715;1023;715;;12172
08:31:41;715;1023;715;;12120
08:31:41;715;1023;715;;12140
08:31:42;715;1023;715;;12080
08:31:43;715;1023;715;;12096
08:31:43;715;1023;715;;12000
08:31:44;715;1023;715;;12000
08:31:44;715;1023;715;;12096
08:31:45;715;1023;715;;12052
08:31:45;715;1023;715;;12124
08:31:46;715;1023;715;;12044
08:31:46;715;1023;715;;12048
08:31:47;715;1023;715;;12076
08:31:47;715;1023;715;;12152
08:31:48;715;1023;715;;12100
08:31:48;715;1023;715;;12124
08:31:49;715;1023;715;;12440
08:31:49;715;1023;715;;14240
08:31:50;715;1023;715;;11976
08:31:50;715;1023;715;;12096
08:31:51;715;1023;715;;12108
08:31:51;715;1023;715;;12100
08:31:52;715;1023;715;;12100
08:31:52;715;1023;715;;12104
08:31:53;715;1023;715;;12132
08:31:53;715;1023;715;;12156
08:31:54;715;1023;715;;12244
08:31:54;715;1023;715;;12124
08:31:55;715;1023;715;;12052
08:31:55;715;1023;715;;12024
08:31:56;715;1023;715;;12104
08:31:56;715;1023;715;;12000
08:31:57;715;1023;715;;12028
08:31:57;715;1023;715;;12052
08:31:58;715;1023;715;;12172
08:31:58;715;1023;715;;12024
08:31:59;715;1023;715;;12072
08:31:59;715;1023;715;;12000
08:32:00;715;1023;715;;11976
08:32:00;715;1023;715;;12004
08:32:01;715;1023;715;;11952
08:32:01;715;1023;715;;12032
08:32:02;715;1023;715;;12176
08:32:02;715;1023;715;;12072
08:32:03;715;1023;715;;12076
08:32:03;715;1023;715;;12128
08:32:04;715;1023;715;;11952
08:32:04;715;1023;715;;11928
08:32:05;715;1023;715;;12004
08:32:05;715;1023;715;;12076
08:32:06;715;1023;715;;12052
08:32:06;715;1023;715;;11980
08:32:07;715;1023;715;;12248
08:32:07;715;1023;715;;12080
08:32:08;715;1023;715;;12100
08:32:09;715;1023;715;;12052
08:32:09;715;1023;715;;12128
08:32:10;715;1023;715;;12052
08:32:10;715;1023;715;;12076
08:32:11;715;1023;715;;11980
08:32:11;715;1023;715;;12056
08:32:12;715;1023;715;;12080
08:32:12;715;1023;715;;12148
08:32:13;715;1023;715;;12148
08:32:13;715;1023;715;;12100
08:32:14;715;1023;715;;12000
08:32:14;715;1023;715;;12052
08:32:15;715;1023;715;;12048
08:32:15;715;1023;715;;11960
08:32:16;715;1023;715;;12004
08:32:16;715;1023;715;;12000
08:32:17;715;1023;715;;12180
08:32:17;715;1023;715;;14312
08:32:18;715;1023;715;;14332
08:32:18;715;1023;715;;14340
08:32:19;715;1023;715;;14340
08:32:19;715;1023;715;;14320
08:32:20;715;1023;715;;14312
08:32:20;715;1023;715;;11980
08:32:21;715;1023;715;;11980
08:32:21;715;1023;715;;12104
08:32:22;715;1023;715;;11980
08:32:22;715;1023;715;;12020
08:32:23;715;1023;715;;12176
08:32:23;715;1023;715;;12024
08:32:24;715;1023;715;;11956
08:32:24;715;1023;715;;11956
08:32:25;715;1023;715;;12080
08:32:25;715;1023;715;;11936
08:32:26;715;1023;715;;12000
08:32:26;715;1023;715;;12008
08:32:27;715;1023;715;;12132
08:32:27;715;1023;715;;12152
08:32:28;715;1023;715;;12152
08:32:28;715;1023;715;;14284
08:32:29;715;1023;715;;12152
08:32:29;715;1023;715;;12028
08:32:30;715;1023;715;;12076
08:32:30;715;1023;715;;12180
08:32:31;715;1023;715;;14288
08:32:31;715;1023;715;;14320
08:32:32;715;1023;715;;14316
08:32:32;715;1023;715;;14288
08:32:33;715;1023;715;;14264
08:32:33;715;1023;715;;14288
08:32:34;715;1023;715;;12156
08:32:35;715;1023;715;;12204
08:32:35;715;1023;715;;14312
08:32:36;715;1023;715;;14336
08:32:36;715;1023;715;;14288
08:32:37;715;1023;715;;12176
08:32:37;715;1023;715;;14268
08:32:38;715;1023;715;;14264
08:32:38;715;1023;715;;14292
08:32:39;715;1023;715;;14312
08:32:39;715;1023;715;;12156
08:32:40;715;1023;715;;14288
08:32:40;715;1023;715;;12080
08:32:41;715;1023;715;;12100
08:32:41;715;1023;715;;12076
08:32:42;715;1023;715;;14292
08:32:42;715;1023;715;;14312
08:32:43;715;1023;715;;12200
08:32:43;715;1023;715;;14336
08:32:44;715;1023;715;;12056
08:32:44;715;1023;715;;14288
08:32:45;715;1023;715;;14316
08:32:45;715;1023;715;;14264
08:32:46;715;1023;715;;14288
08:32:46;715;1023;715;;14292
08:32:47;715;1023;715;;14312
08:32:47;715;1023;715;;14288
08:32:48;715;1023;715;;14292
08:32:48;715;1023;715;;12152
08:32:49;715;1023;715;;12096
08:32:49;715;1023;715;;12468
08:32:50;715;1023;715;;14320
08:32:50;715;1023;715;;14288
08:32:51;715;1023;715;;12420
08:32:51;715;1023;715;;14244
08:32:52;715;1023;715;;12320
08:32:52;715;1023;715;;14264
08:32:53;715;1023;715;;14264
08:32:53;715;1023;715;;14264
08:32:54;715;1023;715;;14264
08:32:54;715;1023;715;;14264
08:32:55;715;1023;715;;14320
08:32:55;715;1023;715;;14288
08:32:56;715;1023;715;;12176
08:32:56;715;1023;715;;12172
08:32:57;715;1023;715;;14264
08:32:57;715;1023;715;;14292
08:32:58;715;1023;715;;12128
08:32:58;715;1023;715;;12124
08:32:59;715;1023;715;;12152
08:33:00;715;1023;715;;12272
08:33:00;715;1023;715;;12220
08:33:01;715;1023;715;;14344
08:33:01;715;1023;715;;14312
08:33:02;715;1023;715;;14336
08:33:02;715;1023;715;;14288
08:33:03;715;1023;715;;14336
08:33:03;715;1023;715;;14312
08:33:04;715;1023;715;;14308
08:33:04;715;1023;715;;14316
08:33:05;715;1023;715;;14284
08:33:05;715;1023;715;;14312
08:33:06;715;1023;715;;14288
08:33:06;715;1023;715;;14288
08:33:07;715;1023;715;;14292
08:33:07;715;1023;715;;14320
08:33:08;715;1023;715;;14360
08:33:08;715;1023;715;;14320
08:33:09;715;1023;715;;14284
08:33:09;715;1023;715;;14312
08:33:10;715;1023;715;;14288
08:33:10;715;1023;715;;12120
08:33:11;715;1023;715;;14264
08:33:11;715;1023;715;;14316
08:33:12;715;1023;715;;14268
08:33:12;715;1023;715;;14284
08:33:13;715;1023;715;;14264
08:33:13;715;1023;715;;14364
08:33:14;715;1023;715;;14316
08:33:14;715;1023;715;;12056
08:33:15;715;1023;715;;12052
08:33:15;715;1023;715;;14324
08:33:16;715;1023;715;;14340
08:33:16;715;1023;715;;14316
08:33:17;715;1023;715;;12076
08:33:17;715;1023;715;;14316
08:33:18;715;1023;715;;14288
08:33:18;715;1023;715;;14312
08:33:19;715;1023;715;;14288
08:33:19;715;1023;715;;12000
08:33:20;715;1023;715;;12132
08:33:20;715;1023;715;;12056
08:33:21;715;1023;715;;12032
08:33:21;715;1023;715;;12152
08:33:22;715;1023;715;;14320
08:33:22;715;1023;715;;14284
08:33:23;715;1023;715;;14288
08:33:24;715;1023;715;;14268
08:33:24;715;1023;715;;14292
08:33:25;715;1023;715;;14316
08:33:25;715;1023;715;;14312
08:33:26;715;1023;715;;14288
08:33:26;715;1023;715;;14288
08:33:27;715;1023;715;;14324
08:33:27;715;1023;715;;12072
08:33:28;715;1023;715;;14336
08:33:28;715;1023;715;;12052
08:33:29;715;1023;715;;14288
08:33:29;715;1023;715;;14292
08:33:30;715;1023;715;;14264
08:33:30;715;1023;715;;14364
08:33:31;715;1023;715;;14268
08:33:31;715;1023;715;;14264
08:33:32;715;1023;715;;14288
08:33:32;715;1023;715;;14292
08:33:33;715;1023;715;;14288
08:33:33;715;1023;715;;14292
08:33:34;715;1023;715;;14264
08:33:34;715;1023;715;;14272
08:33:35;715;1023;715;;14288
08:33:35;715;1023;715;;12128
08:33:36;715;1023;715;;14320
08:33:36;715;1023;715;;14292
08:33:37;715;1023;715;;14260
08:33:37;715;1023;715;;12372
08:33:38;715;1023;715;;12268
08:33:38;715;1023;715;;12392
08:33:39;715;1023;715;;14260
08:33:39;715;1023;715;;14264
08:33:40;715;1023;715;;14292
08:33:40;715;1023;715;;14320
08:33:41;715;1023;715;;14368
08:33:41;715;1023;715;;14312
08:33:42;715;1023;715;;14364
08:33:42;715;1023;715;;14300
08:33:43;715;1023;715;;12128
08:33:43;715;1023;715;;12076
08:33:44;715;1023;715;;12200
08:33:44;715;1023;715;;14292
08:33:45;715;1023;715;;14288
08:33:45;715;1023;715;;12176
08:33:46;715;1023;715;;14336
08:33:46;715;1023;715;;14288
08:33:47;715;1023;715;;14288
08:33:48;715;1023;715;;14292
08:33:48;715;1023;715;;12056
08:33:49;715;1023;715;;12032
08:33:49;715;1023;715;;12232
08:33:50;715;1023;715;;14288
08:33:50;715;1023;715;;14368
08:33:51;715;1023;715;;14336
08:33:51;715;1023;715;;14312
08:33:52;715;1023;715;;12128
08:33:52;715;1023;715;;11980
08:33:53;715;1023;715;;12008
08:33:53;715;1023;715;;14316
08:33:54;715;1023;715;;14308
08:33:54;715;1023;715;;14320
08:33:55;715;1023;715;;14340
08:33:55;715;1023;715;;12100
08:33:56;715;1023;715;;14336
08:33:56;715;1023;715;;14316
08:33:57;715;1023;715;;11960
08:33:57;715;1023;715;;12036
08:33:58;715;1023;715;;12104
08:33:58;715;1023;715;;14340
08:33:59;715;1023;715;;12056
08:33:59;715;1023;715;;12008
08:34:00;715;1023;715;;12180
08:34:00;715;1023;715;;12008
08:34:01;715;1023;715;;14320
08:34:01;715;1023;715;;14316
08:34:02;715;1023;715;;14288
08:34:02;715;1023;715;;14264
08:34:03;715;1023;715;;14320
08:34:03;715;1023;715;;14316
08:34:04;715;1023;715;;14268
08:34:04;715;1023;715;;14312
08:34:05;715;1023;715;;14292
08:34:05;715;1023;715;;14296
08:34:06;715;1023;715;;14288
08:34:06;715;1023;715;;14260
08:34:07;715;1023;715;;14236
08:34:07;715;1023;715;;14284
08:34:08;715;1023;715;;14268
08:34:08;715;1023;715;;14336
08:34:09;715;1023;715;;12080
08:34:09;715;1023;715;;12132
08:34:10;715;1023;715;;12128
08:34:10;715;1023;715;;14264
08:34:11;715;1023;715;;14268
08:34:12;715;1023;715;;14292
08:34:12;715;1023;715;;14288
08:34:13;715;1023;715;;11992
08:34:13;715;1023;715;;12056
08:34:14;715;1023;715;;11932
08:34:14;715;1023;715;;12000
08:34:15;715;1023;715;;12204
08:34:15;715;1023;715;;11992
08:34:16;715;1023;715;;11932
08:34:16;715;1023;715;;12104
08:34:17;715;1023;715;;11932
08:34:17;715;1023;715;;12016
08:34:18;715;1023;715;;14292
08:34:18;715;1023;715;;14292
08:34:19;715;1023;715;;12152
08:34:19;715;1023;715;;12104
08:34:20;715;1023;715;;14292
08:34:20;715;1023;715;;14292
08:34:21;715;1023;715;;14292
08:34:21;715;1023;715;;14288
08:34:22;715;1023;715;;14264
08:34:22;715;1023;715;;12468
08:34:23;715;1023;715;;12028
08:34:23;715;1023;715;;12004
08:34:24;715;1023;715;;12200
08:34:24;715;1023;715;;14292
08:34:25;715;1023;715;;14292
08:34:25;715;1023;715;;14264
08:34:26;715;1023;715;;14288
08:34:26;715;1023;715;;14312
08:34:27;715;1023;715;;14292
08:34:27;715;1023;715;;14288
08:34:28;715;1023;715;;14268
08:34:28;715;1023;715;;14312
08:34:29;715;1023;715;;14292
08:34:29;715;1023;715;;14292
08:34:30;715;1023;715;;14316
08:34:30;715;1023;715;;14312
08:34:31;715;1023;715;;14288
08:34:31;715;1023;715;;14316
08:34:32;715;1023;715;;14288
08:34:32;715;1023;715;;14288
08:34:33;715;1023;715;;14288
08:34:33;715;1023;715;;14312
08:34:34;715;1023;715;;12148
08:34:34;715;1023;715;;12172
08:34:35;715;1023;715;;12472
08:34:35;715;1023;715;;12444
08:34:36;715;1023;715;;14292
08:34:37;715;1023;715;;14316
08:34:37;715;1023;715;;14264
08:34:38;715;1023;715;;12120
08:34:38;715;1023;715;;12168
08:34:39;715;1023;715;;12300
08:34:39;715;1023;715;;12124
08:34:40;715;1023;715;;12148
08:34:40;715;1023;715;;12096
08:34:41;715;1023;715;;14260
08:34:41;715;1023;715;;12196
08:34:42;715;1023;715;;12172
08:34:42;715;1023;715;;14312
08:34:43;715;1023;715;;14316
08:34:43;715;1023;715;;14292
08:34:44;715;1023;715;;14288
08:34:44;715;1023;715;;14076
08:34:45;715;1023;715;;14364
08:34:45;715;1023;715;;14268
08:34:46;715;1023;715;;14292
08:34:46;715;1023;715;;14292
08:34:47;715;1023;715;;14288
08:34:47;715;1023;715;;12152
08:34:48;715;1023;715;;12008
08:34:48;715;1023;715;;11960
08:34:49;715;1023;715;;11980
08:34:49;715;1023;715;;11984
08:34:50;715;1023;715;;12100
08:34:50;715;1023;715;;12004
08:34:51;715;1023;715;;12008
08:34:51;715;1023;715;;12152
08:34:52;715;1023;715;;14288
08:34:52;715;1023;715;;12196
08:34:53;715;1023;715;;14268
08:34:53;715;1023;715;;14272
08:34:54;715;1023;715;;14272
08:34:54;715;1023;715;;14240
08:34:55;715;1023;715;;14268
08:34:55;715;1023;715;;14292
08:34:56;715;1023;715;;14268
08:34:56;715;1023;715;;14288
08:34:57;715;1023;715;;12372
08:34:57;715;1023;715;;12368
08:34:58;715;1023;715;;12416
08:34:58;715;1023;715;;14264
08:34:59;715;1023;715;;14264
08:34:59;715;1023;715;;14288
08:35:00;715;1023;715;;14264
08:35:00;715;1023;715;;14312
08:35:01;715;1023;715;;14312
08:35:02;715;1023;715;;14340
08:35:02;715;1023;715;;14312
08:35:03;715;1023;715;;14264
08:35:03;715;1023;715;;12320
08:35:04;715;1023;715;;14264
08:35:04;715;1023;715;;12124
08:35:05;715;1023;715;;12128
08:35:05;715;1023;715;;14264
08:35:06;715;1023;715;;12420
08:35:06;715;1023;715;;12444
08:35:07;715;1023;715;;12320
08:35:07;715;1023;715;;12172
08:35:08;715;1023;715;;12196
08:35:08;715;1023;715;;12316
08:35:09;715;1023;715;;12368
08:35:09;715;1023;715;;14340
08:35:10;715;1023;715;;14316
08:35:10;715;1023;715;;12388
08:35:11;715;1023;715;;14288
08:35:11;715;1023;715;;14316
08:35:12;715;1023;715;;14312
08:35:12;715;1023;715;;14284
08:35:13;715;1023;715;;14288
08:35:13;715;1023;715;;14292
08:35:14;715;1023;715;;14292
08:35:14;715;1023;715;;14292
08:35:15;715;1023;715;;12404
08:35:15;715;1023;715;;12148
08:35:16;715;1023;715;;12416
08:35:16;715;1023;715;;12440
08:35:17;715;1023;715;;14264
08:35:17;715;1023;715;;11960
08:35:18;715;1023;715;;11992
08:35:18;715;1023;715;;12032
08:35:19;715;1023;715;;14320
08:35:19;715;1023;715;;14316
08:35:20;715;1023;715;;14316
08:35:20;715;1023;715;;14320
08:35:21;715;1023;715;;14316
08:35:21;715;1023;715;;14344
08:35:22;715;1023;715;;14316
08:35:22;715;1023;715;;14292
08:35:23;715;1023;715;;14316
08:35:23;715;1023;715;;11964
08:35:24;715;1023;715;;12080
08:35:24;715;1023;715;;14288
08:35:25;715;1023;715;;14128
08:35:26;715;1023;715;;14288
08:35:26;715;1023;715;;14288
08:35:27;715;1023;715;;14288
08:35:27;715;1023;715;;12232
08:35:28;715;1023;715;;12152
08:35:28;715;1023;715;;14316
08:35:29;715;1023;715;;14288
08:35:29;715;1023;715;;14264
08:35:30;715;1023;715;;14264
08:35:30;715;1023;715;;14296
08:35:31;715;1023;715;;12000
08:35:31;715;1023;715;;14312
08:35:32;715;1023;715;;14316
08:35:32;715;1023;715;;14296
08:35:33;715;1023;715;;12076
08:35:33;715;1023;715;;12032
08:35:34;715;1023;715;;14288
08:35:34;715;1023;715;;14264
08:35:35;715;1023;715;;14316
08:35:35;715;1023;715;;14264
08:35:36;715;1023;715;;14288
08:35:36;715;1023;715;;14292
08:35:37;715;1023;715;;14288
08:35:37;715;1023;715;;14288
08:35:38;715;1023;715;;14264
08:35:38;715;1023;715;;14320
08:35:39;715;1023;715;;14296
08:35:39;715;1023;715;;14288
08:35:40;715;1023;715;;14316
08:35:40;715;1023;715;;12176
08:35:41;715;1023;715;;14284
08:35:41;715;1023;715;;14288
08:35:42;715;1023;715;;12468
08:35:42;715;1023;715;;14292
08:35:43;715;1023;715;;14292
08:35:43;715;1023;715;;14264
08:35:44;715;1023;715;;14320
08:35:44;715;1023;715;;14340
08:35:45;715;1023;715;;14364
08:35:45;715;1023;715;;14316
08:35:46;715;1023;715;;12144
08:35:46;715;1023;715;;12048
08:35:47;715;1023;715;;12120
08:35:47;715;1023;715;;12124
08:35:48;715;1023;715;;12440
08:35:48;715;1023;715;;12344
08:35:49;715;1023;715;;14288
08:35:49;715;1023;715;;14316
08:35:50;715;1023;715;;14308
08:35:51;715;1023;715;;12148
08:35:51;715;1023;715;;12176
08:35:52;715;1023;715;;14312
08:35:52;715;1023;715;;14312
08:35:53;715;1023;715;;14308
08:35:53;715;1023;715;;12156
08:35:54;715;1023;715;;12052
08:35:54;715;1023;715;;14288
08:35:55;715;1023;715;;11932
08:35:55;715;1023;715;;12156
08:35:56;715;1023;715;;12200
08:35:56;715;1023;715;;14336
08:35:57;715;1023;715;;12232
08:35:57;715;1023;715;;12076
08:35:58;715;1023;715;;12028
08:35:58;715;1023;715;;12132
08:35:59;715;1023;715;;12032
08:35:59;715;1023;715;;11952
08:36:00;715;1023;715;;14316
08:36:00;715;1023;715;;14320
08:36:01;715;1023;715;;11960
08:36:01;715;1023;715;;11936
08:36:02;715;1023;715;;12056
08:36:02;715;1023;715;;12032
08:36:03;715;1023;715;;12180
08:36:03;715;1023;715;;11980
08:36:04;714;1023;715;;12152
08:36:04;714;1023;715;;11984
08:36:05;715;1023;715;;14340
08:36:05;715;1023;715;;14288
08:36:06;715;1023;715;;12008
08:36:06;715;1023;715;;12180
08:36:07;715;1023;715;;14288
08:36:07;715;1023;715;;14292
08:36:08;715;1023;715;;14292
08:36:08;715;1023;715;;14292
08:36:09;715;1023;715;;14288
08:36:09;715;1023;715;;12132
08:36:10;715;1023;715;;12152
08:36:10;715;1023;715;;12152
08:36:11;715;1023;715;;12148
08:36:11;715;1023;715;;12176
08:36:12;715;1023;715;;14264
08:36:12;715;1023;715;;14260
08:36:13;715;1023;715;;12132
08:36:13;715;1023;715;;12104
08:36:14;715;1023;715;;14296
08:36:14;715;1023;715;;12108
08:36:15;715;1023;715;;11936
08:36:16;715;1023;715;;11964
08:36:16;715;1023;715;;12012
08:36:17;715;1023;715;;11908
08:36:17;715;1023;715;;14340
08:36:18;715;1023;715;;14292
08:36:18;715;1023;715;;14292
08:36:19;715;1023;715;;12004
08:36:19;715;1023;715;;12052
08:36:20;715;1023;715;;12020
08:36:20;715;1023;715;;12008
08:36:21;714;1023;715;;11980
08:36:21;714;1023;715;;12004
08:36:22;715;1023;715;;14264
08:36:22;715;1023;715;;12040
08:36:23;715;1023;715;;14288
08:36:23;715;1023;715;;14368
08:36:24;715;1023;715;;14292
08:36:24;715;1023;715;;14292
08:36:25;715;1023;715;;12008
08:36:25;715;1023;715;;12180
08:36:26;715;1023;715;;12100
08:36:26;715;1023;715;;12204
08:36:27;715;1023;715;;12156
08:36:27;715;1023;715;;12152
08:36:28;714;1023;715;;14268
08:36:28;714;1023;715;;14240
08:36:29;714;1023;715;;12176
08:36:29;714;1023;715;;12080
08:36:30;714;1023;715;;12080
08:36:30;714;1023;715;;14316
08:36:31;714;1023;715;;12000
08:36:31;714;1023;715;;12036
08:36:32;714;1023;715;;12152
08:36:32;714;1023;715;;14292
08:36:33;714;1023;715;;14316
08:36:33;714;1023;715;;11956
08:36:34;714;1023;715;;11908
08:36:34;714;1023;715;;11932
08:36:35;714;1023;715;;12004
08:36:35;714;1023;715;;12056
08:36:36;714;1023;715;;12004
08:36:36;714;1023;715;;12008
08:36:37;714;1023;715;;11936
08:36:37;714;1023;715;;11984
08:36:38;714;1023;715;;12080
08:36:38;714;1023;715;;11956
08:36:39;714;1023;714;;11984
08:36:39;714;1023;714;;12080
08:36:40;714;1023;715;;12056
08:36:40;714;1023;715;;12000
08:36:41;714;1023;714;;12016
08:36:42;714;1023;714;;11980
08:36:42;714;1023;714;;11952
08:36:43;714;1023;715;;11984
08:36:43;714;1023;715;;12444
08:36:44;714;1023;715;;12028
08:36:44;714;1023;715;;12080
08:36:45;714;1023;715;;12060
08:36:45;714;1023;715;;12104
08:36:46;714;1023;715;;14268
08:36:46;714;1023;715;;12004
08:36:47;714;1023;714;;12000
08:36:47;714;1023;714;;14316
08:36:48;714;1023;715;;14288
08:36:48;714;1023;715;;12204
08:36:49;714;1023;714;;12200
08:36:49;714;1023;714;;11988
08:36:50;714;1023;714;;14264
08:36:50;714;1023;714;;11996
08:36:51;714;1023;715;;12004
08:36:51;714;1023;715;;12080
08:36:52;714;1023;714;;12052
08:36:52;714;1023;714;;12488
08:36:53;714;1023;714;;12152
08:36:53;714;1023;714;;12000
08:36:54;714;1023;714;;12196
08:36:54;714;1023;714;;12196
08:36:55;714;1023;714;;12152
08:36:55;714;1023;714;;14320
08:36:56;714;1023;714;;12148
08:36:56;714;1023;714;;11980
08:36:57;714;1023;714;;11964
08:36:57;714;1023;714;;11984
08:36:58;714;1023;714;;12032
08:36:58;714;1023;714;;14316
08:36:59;714;1023;714;;14340
08:36:59;714;1023;714;;14340
08:37:00;714;1023;714;;14316
08:37:00;714;1023;714;;14312
08:37:01;714;1023;714;;14284
08:37:01;714;1023;714;;12392
08:37:02;714;1023;714;;12416
08:37:02;714;1023;714;;12052
08:37:03;714;1023;714;;12128
08:37:03;714;1023;714;;12104
08:37:04;714;1023;714;;12084
08:37:04;714;1023;714;;12032
08:37:05;714;1023;714;;12084
08:37:05;714;1023;714;;12148
08:37:06;714;1023;714;;14316
08:37:06;714;1023;714;;14292
08:37:07;714;1023;714;;14292
08:37:08;714;1023;714;;12204
08:37:08;714;1023;714;;14288
08:37:09;714;1023;714;;12128
08:37:09;714;1023;714;;14292
08:37:10;714;1023;714;;14284
08:37:10;714;1023;714;;14268
08:37:11;714;1023;714;;12076
08:37:11;714;1023;714;;12124
08:37:12;714;1023;714;;14292
08:37:12;714;1023;714;;14288
08:37:13;714;1023;714;;12076
08:37:13;714;1023;714;;12004
08:37:14;714;1023;714;;14316
08:37:14;714;1023;714;;14288
08:37:15;714;1023;714;;14316
08:37:15;714;1023;714;;14292
08:37:16;714;1023;714;;14320
08:37:16;714;1023;714;;14316
08:37:17;714;1023;714;;14316
08:37:17;714;1023;714;;14288
08:37:18;714;1023;714;;14284
08:37:18;714;1023;714;;14320
08:37:19;714;1023;714;;14308
08:37:19;714;1023;714;;12076
08:37:20;714;1023;714;;12128
08:37:20;714;1023;714;;14316
08:37:21;714;1023;714;;12416
08:37:21;714;1023;714;;12392
08:37:22;714;1023;714;;14264
08:37:22;714;1023;714;;12172
08:37:23;714;1023;714;;12152
08:37:23;714;1023;714;;12004
08:37:24;714;1023;714;;12004
08:37:24;714;1023;714;;14364
08:37:25;714;1023;714;;14268
08:37:25;714;1023;714;;14292
08:37:26;714;1023;714;;14292
08:37:26;714;1023;714;;14288
08:37:27;714;1023;714;;14312
08:37:27;714;1023;714;;14284
08:37:28;714;1023;714;;14288
08:37:28;714;1023;714;;14292
08:37:29;714;1023;714;;14264
08:37:29;714;1023;714;;14272
08:37:30;714;1023;714;;14316
08:37:30;714;1023;714;;14292
08:37:31;714;1023;714;;14316
08:37:32;714;1023;714;;14316
08:37:32;714;1023;714;;14316
08:37:33;714;1023;714;;14320
08:37:33;714;1023;714;;14268
08:37:34;714;1023;714;;14316
08:37:34;714;1023;714;;14288
08:37:35;714;1023;714;;14240
08:37:35;714;1023;714;;14260
08:37:36;714;1023;714;;14288
08:37:36;714;1023;714;;14288
08:37:37;714;1023;714;;14296
08:37:37;714;1023;714;;12316
08:37:38;714;1023;714;;12316
08:37:38;714;1023;714;;12344
08:37:39;714;1023;714;;12416
08:37:39;714;1023;714;;12388
08:37:40;714;1023;714;;12192
08:37:40;714;1023;714;;12320
08:37:41;714;1023;714;;12324
08:37:41;714;1023;714;;12464
08:37:42;714;1023;714;;12340
08:37:42;714;1023;714;;12292
08:37:43;714;1023;714;;12264
08:37:43;714;1023;714;;12096
08:37:44;714;1023;714;;14260
08:37:44;714;1023;714;;12416
08:37:45;714;1023;714;;12264
08:37:45;714;1023;714;;12124
08:37:46;714;1023;714;;12192
08:37:46;714;1023;714;;12268
08:37:47;714;1023;714;;12288
08:37:47;714;1023;714;;12144
08:37:48;714;1023;714;;12296
08:37:48;714;1023;714;;12364
08:37:49;714;1023;714;;12264
08:37:49;714;1023;714;;14312
08:37:50;714;1023;714;;14284
08:37:50;714;1023;714;;14312
08:37:51;714;1023;714;;14308
08:37:51;714;1023;714;;14340
08:37:52;714;1023;714;;12340
08:37:52;714;1023;714;;12468
08:37:53;714;1023;714;;14288
08:37:53;714;1023;714;;14292
08:37:54;714;1023;714;;14292
08:37:54;714;1023;714;;12124
08:37:55;714;1023;714;;12444
08:37:55;714;1023;714;;14264
08:37:56;714;1023;714;;14288
08:37:57;714;1023;714;;12100
08:37:57;714;1023;714;;12152
08:37:58;714;1023;714;;14288
08:37:58;714;1023;714;;14288
08:37:59;714;1023;714;;14264
08:37:59;714;1023;714;;12036
08:38:00;714;1023;714;;11932
08:38:00;714;1023;714;;12156
08:38:01;714;1023;714;;14284
08:38:01;714;1023;714;;14292
08:38:02;714;1023;714;;12032
08:38:02;714;1023;714;;12156
08:38:03;714;1023;714;;14340
08:38:03;714;1023;714;;12104
08:38:04;714;1023;714;;14340
08:38:04;714;1023;714;;14288
08:38:05;714;1023;714;;14288
08:38:05;714;1023;714;;14288
08:38:06;714;1023;714;;14312
08:38:06;714;1023;714;;14312
08:38:07;714;1023;714;;12128
08:38:07;714;1023;714;;11980
08:38:08;714;1023;714;;12100
08:38:08;714;1023;714;;11984
08:38:09;714;1023;714;;12032
08:38:09;714;1023;714;;11956
08:38:10;714;1023;714;;12080
08:38:10;714;1023;714;;11956
08:38:11;714;1023;714;;11980
08:38:11;714;1023;714;;14268
08:38:12;714;1023;714;;14268
08:38:12;714;1023;714;;14288
08:38:13;714;1023;714;;12004
08:38:13;714;1023;714;;12132
08:38:14;714;1023;714;;12180
08:38:14;714;1023;714;;14340
08:38:15;714;1023;714;;14264
08:38:15;714;1023;714;;12108
08:38:16;714;1023;714;;12148
08:38:16;714;1023;714;;14292
08:38:17;714;1023;714;;14288
08:38:17;714;1023;714;;14264
08:38:18;714;1023;714;;14288
08:38:18;714;1023;714;;14288
08:38:19;714;1023;714;;14292
08:38:19;714;1023;714;;14288
08:38:20;714;1023;714;;14264
08:38:20;714;1023;714;;12100
08:38:21;714;1023;714;;14296
08:38:22;714;1023;714;;14268
08:38:22;714;1023;714;;14288
08:38:23;714;1023;714;;12152
08:38:23;714;1023;714;;12124
08:38:24;714;1023;714;;14288
08:38:24;714;1023;714;;14268
08:38:25;714;1023;714;;14292
08:38:25;714;1023;714;;14288
08:38:26;714;1023;714;;14260
08:38:26;714;1023;714;;14316
08:38:27;714;1023;714;;14312
08:38:27;714;1023;714;;12152
08:38:28;714;1023;714;;12104
08:38:28;714;1023;714;;12104
08:38:29;714;1023;714;;12124
08:38:29;714;1023;714;;14260
08:38:30;714;1023;714;;14340
08:38:30;714;1023;714;;14260
08:38:31;714;1023;714;;14288
08:38:31;714;1023;714;;14288
08:38:32;714;1023;714;;14284
08:38:32;714;1023;714;;14316
08:38:33;714;1023;714;;14336
08:38:33;714;1023;714;;14312
08:38:34;714;1023;714;;14348
08:38:34;714;1023;714;;14260
08:38:35;714;1023;714;;14288
08:38:35;714;1023;714;;12252
08:38:36;714;1023;714;;12008
08:38:36;714;1023;714;;12008
08:38:37;714;1023;714;;11992
08:38:37;714;1023;714;;11980
08:38:38;714;1023;714;;11956
08:38:38;714;1023;714;;12156
08:38:39;714;1023;714;;12128
08:38:39;714;1023;714;;14316
08:38:40;714;1023;714;;11908
08:38:40;714;1023;714;;12008
08:38:41;714;1023;714;;12000
08:38:41;714;1023;714;;12036
08:38:42;714;1023;714;;11984
08:38:42;714;1023;714;;12032
08:38:43;714;1023;714;;11956
08:38:43;714;1023;714;;12100
08:38:44;714;1023;714;;12056
08:38:44;714;1023;714;;12036
08:38:45;714;1023;714;;12008
08:38:45;714;1023;714;;11932
08:38:46;714;1023;714;;11908
08:38:47;714;1023;714;;12056
08:38:47;714;1023;714;;12028
08:38:48;714;1023;714;;12124
08:38:48;714;1023;714;;12056
08:38:49;714;1023;714;;12004
08:38:49;714;1023;714;;14316
08:38:50;714;1023;714;;12028
08:38:50;714;1023;714;;12004
08:38:51;714;1023;714;;12004
08:38:51;714;1023;714;;14284
08:38:52;714;1023;714;;14288
08:38:52;714;1023;714;;12464
08:38:53;714;1023;714;;12344
08:38:53;714;1023;714;;14288
08:38:54;714;1023;714;;12444
08:38:54;714;1023;714;;12220
08:38:55;714;1023;714;;12388
08:38:55;714;1023;714;;12172
08:38:56;714;1023;714;;12100
08:38:56;714;1023;714;;12176
08:38:57;714;1023;714;;12148
08:38:57;714;1023;714;;11956
08:38:58;714;1023;714;;12100
08:38:58;714;1023;714;;12080
08:38:59;714;1023;714;;14292
08:38:59;714;1023;714;;14288
08:39:00;714;1023;714;;14312
08:39:00;714;1023;714;;14284
08:39:01;714;1023;714;;14308
08:39:01;714;1023;714;;12104
08:39:02;714;1023;714;;14316
08:39:02;714;1023;714;;14292
08:39:03;714;1023;714;;14312
08:39:03;714;1023;714;;14308
08:39:04;714;1023;714;;14324
08:39:04;714;1023;714;;14260
08:39:05;714;1023;714;;14292
08:39:05;714;1023;714;;14288
08:39:06;714;1023;714;;14308
08:39:06;714;1023;714;;12492
08:39:07;714;1023;714;;14292
08:39:07;714;1023;714;;14336
08:39:08;714;1023;714;;14288
08:39:08;714;1023;714;;14292
08:39:09;714;1023;714;;12180
08:39:09;714;1023;714;;14288
08:39:10;714;1023;714;;12128
08:39:10;714;1023;714;;14312
08:39:11;714;1023;714;;14324
08:39:12;714;1023;714;;12108
08:39:12;714;1023;714;;11980
08:39:13;714;1023;714;;12016
08:39:13;714;1023;714;;11964
08:39:14;714;1023;714;;11956
08:39:14;714;1023;714;;12036
08:39:15;714;1023;714;;11980
08:39:15;714;1023;714;;11988
08:39:16;714;1023;714;;11956
08:39:16;714;1023;714;;14288
08:39:17;714;1023;714;;12076
08:39:17;714;1023;714;;12180
08:39:18;714;1023;714;;12052
08:39:18;714;1023;714;;11980
08:39:19;714;1023;714;;12004
08:39:19;714;1023;714;;12076
08:39:20;714;1023;714;;11984
08:39:20;714;1023;714;;12180
08:39:21;714;1023;714;;14312
08:39:21;714;1023;714;;12176
08:39:22;714;1023;714;;14312
08:39:22;714;1023;714;;14388
08:39:23;714;1023;714;;14264
08:39:23;714;1023;714;;12100
08:39:24;714;1023;714;;12176
08:39:24;714;1023;714;;12124
08:39:25;714;1023;714;;12440
08:39:25;714;1023;714;;12340
08:39:26;714;1023;714;;12368
08:39:26;714;1023;714;;12364
08:39:27;714;1023;714;;12076
08:39:27;714;1023;714;;12100
08:39:28;714;1023;714;;12004
08:39:28;714;1023;714;;14284
08:39:29;714;1023;714;;14312
08:39:29;714;1023;714;;14288
08:39:30;714;1023;714;;14388
08:39:30;714;1023;714;;14288
08:39:31;714;1023;714;;14312
08:39:31;714;1023;714;;14312
08:39:32;714;1023;714;;14312
08:39:32;714;1023;714;;12080
08:39:33;714;1023;714;;14288
08:39:33;714;1023;714;;12200
08:39:34;714;1023;714;;12052
08:39:34;714;1023;714;;14320
08:39:35;714;1023;714;;12032
08:39:35;714;1023;714;;12008
08:39:36;714;1023;714;;12088
08:39:36;714;1023;714;;12128
08:39:37;714;1023;714;;12156
08:39:38;714;1023;714;;12076
08:39:38;714;1023;714;;14312
08:39:39;714;1023;714;;12028
08:39:39;714;1023;714;;12224
08:39:40;714;1023;714;;14316
08:39:40;714;1023;714;;14312
08:39:41;714;1023;714;;14364
08:39:41;714;1023;714;;14264
08:39:42;714;1023;714;;12124
08:39:42;714;1023;714;;12024
08:39:43;714;1023;714;;12052
08:39:43;714;1023;714;;12100
08:39:44;714;1023;714;;12036
08:39:44;714;1023;714;;12080
08:39:45;714;1023;714;;14288
08:39:45;714;1023;714;;12052
08:39:46;714;1023;714;;12152
08:39:46;714;1023;714;;12296
08:39:47;714;1023;714;;12076
08:39:47;714;1023;714;;12100
08:39:48;714;1023;714;;12100
08:39:48;714;1023;714;;12128
08:39:49;714;1023;714;;12128
08:39:49;714;1023;714;;12000
08:39:50;714;1023;714;;12032
08:39:50;714;1023;714;;12112
08:39:51;714;1023;714;;12156
08:39:51;714;1023;714;;12028
08:39:52;714;1023;714;;12028
08:39:52;714;1023;714;;12036
08:39:53;714;1023;714;;12004
08:39:53;714;1023;714;;12100
08:39:54;714;1023;714;;12148
08:39:54;714;1023;714;;14292
08:39:55;714;1023;714;;14288
08:39:55;714;1023;714;;14288
08:39:56;714;1023;714;;14264
08:39:56;714;1023;714;;12132
08:39:57;714;1023;714;;14288
08:39:57;714;1023;714;;14260
08:39:58;714;1023;714;;14284
08:39:58;714;1023;714;;12128
08:39:59;714;1023;714;;12340
08:39:59;714;1023;714;;12120
08:40:00;714;1023;714;;12072
08:40:00;714;1023;714;;12120
08:40:01;714;1023;714;;14288
08:40:01;714;1023;714;;14264
08:40:02;714;1023;714;;12468
08:40:03;714;1023;714;;12204
08:40:03;714;1023;714;;14288
08:40:04;714;1023;714;;12196
08:40:04;714;1023;714;;12444
08:40:05;714;1023;714;;12444
08:40:05;714;1023;714;;12364
08:40:06;714;1023;714;;12196
08:40:06;714;1023;714;;12468
08:40:07;714;1023;714;;12492
08:40:07;714;1023;714;;14288
08:40:08;714;1023;714;;12392
08:40:08;714;1023;714;;12464
08:40:09;714;1023;714;;12200
08:40:09;714;1023;714;;14312
08:40:10;714;1023;714;;14312
08:40:10;714;1023;714;;14288
08:40:11;714;1023;714;;12152
08:40:11;714;1023;714;;12052
08:40:12;714;1023;714;;14316
08:40:12;714;1023;714;;12420
08:40:13;714;1023;714;;14284
08:40:13;714;1023;714;;12196
08:40:14;714;1023;714;;12012
08:40:14;714;1023;714;;12084
08:40:15;714;1023;714;;12028
08:40:15;714;1023;714;;12076
08:40:16;714;1023;714;;12016
08:40:16;714;1023;714;;12008
08:40:17;714;1023;714;;12028
08:40:17;714;1023;714;;12028
08:40:18;714;1023;714;;12056
08:40:18;714;1023;714;;12148
08:40:19;714;1023;714;;12268
08:40:19;714;1023;714;;12052
08:40:20;714;1023;714;;12052
08:40:20;714;1023;714;;12032
08:40:21;714;1023;714;;12028
08:40:21;714;1023;714;;12076
08:40:22;714;1023;714;;12296
08:40:22;714;1023;714;;12072
08:40:23;714;1023;714;;11976
08:40:23;714;1023;714;;12104
08:40:24;714;1023;714;;12296
08:40:24;714;1023;714;;12344
08:40:25;714;1023;714;;12120
08:40:25;714;1023;714;;14312
08:40:26;714;1023;714;;14284
08:40:26;714;1023;714;;12148
08:40:27;714;1023;714;;12420
08:40:27;714;1023;714;;12464
08:40:28;714;1023;714;;14316
08:40:29;714;1023;714;;14284
08:40:29;714;1023;714;;12004
08:40:30;714;1023;714;;12028
08:40:30;714;1023;714;;12080
08:40:31;714;1023;714;;11956
08:40:31;714;1023;714;;11952
08:40:32;714;1023;714;;12032
08:40:32;714;1023;714;;12076
08:40:33;714;1023;714;;12032
08:40:33;714;1023;714;;12048
08:40:34;714;1023;714;;12124
08:40:34;714;1023;714;;12000
08:40:35;714;1023;714;;11980
08:40:35;714;1023;714;;12176
08:40:36;714;1023;714;;12148
08:40:36;714;1023;714;;12096
08:40:37;714;1023;714;;12104
08:40:37;714;1023;714;;12124
08:40:38;714;1023;714;;12024
08:40:38;714;1023;714;;11980
08:40:39;714;1023;714;;12120
08:40:39;714;1023;714;;12220
08:40:40;714;1023;714;;12092
08:40:40;714;1023;714;;12096
08:40:41;714;1023;714;;12016
08:40:41;714;1023;714;;12024
08:40:42;714;1023;714;;11932
08:40:42;714;1023;714;;12032
08:40:43;714;1023;714;;12176
08:40:43;714;1023;714;;12156
08:40:44;714;1023;714;;12104
08:40:44;714;1023;714;;12084
08:40:45;714;1023;714;;12028
08:40:45;714;1023;714;;12344
08:40:46;714;1023;714;;12072
08:40:46;714;1023;714;;12288
08:40:47;714;1023;714;;12096
08:40:47;714;1023;714;;11952
08:40:48;714;1023;714;;12344
08:40:48;714;1023;714;;12048
08:40:49;714;1023;714;;12172
08:40:49;714;1023;714;;12052
08:40:50;714;1023;714;;12076
08:40:50;714;1023;714;;11948
08:40:51;714;1023;714;;11980
08:40:51;714;1023;714;;11976
08:40:52;714;1023;714;;12092
08:40:52;714;1023;714;;12144
08:40:53;714;1023;714;;12100
08:40:53;714;1023;714;;12052
08:40:54;714;1023;714;;12100
08:40:54;714;1023;714;;12172
08:40:55;714;1023;714;;12316
08:40:56;714;1023;714;;12364
08:40:56;714;1023;714;;12100
08:40:57;714;1023;714;;11980
08:40:57;714;1023;714;;12012
08:40:58;714;1023;714;;11956
08:40:58;714;1023;714;;11952
08:40:59;714;1023;714;;12076
08:40:59;714;1023;714;;12032
08:41:00;714;1023;714;;12028
08:41:00;714;1023;714;;12148
08:41:01;714;1023;714;;12072
08:41:01;714;1023;714;;12052
08:41:02;714;1023;714;;12172
08:41:02;714;1023;714;;12248
08:41:03;714;1023;714;;12076
08:41:03;714;1023;714;;12028
08:41:04;714;1023;714;;12056
08:41:04;714;1023;714;;12056
08:41:05;714;1023;714;;12052
08:41:05;714;1023;714;;12008
08:41:06;714;1023;714;;12020
08:41:06;714;1023;714;;12128
08:41:07;714;1023;714;;11212
08:41:07;714;1023;714;;12076
08:41:08;714;1023;714;;12292
08:41:08;714;1023;714;;12316
08:41:09;714;1023;714;;12244
08:41:09;714;1023;714;;12220
08:41:10;714;1023;714;;12048
08:41:10;714;1023;714;;12028
08:41:11;714;1023;714;;12036
08:41:11;714;1023;714;;12028
08:41:12;714;1023;714;;11980
08:41:12;714;1023;714;;12024
08:41:13;714;1023;714;;11956
08:41:13;714;1023;714;;12008
08:41:14;714;1023;714;;11960
08:41:14;714;1023;714;;12004
08:41:15;714;1023;714;;12028
08:41:15;714;1023;714;;12128
08:41:16;714;1023;714;;12008
08:41:16;714;1023;714;;12296
08:41:17;714;1023;714;;12416
08:41:17;714;1023;714;;12148
08:41:18;714;1023;714;;14316
08:41:18;714;1023;714;;12024
08:41:19;714;1023;714;;14288
08:41:19;714;1023;714;;12076
08:41:20;714;1023;714;;14284
08:41:20;714;1023;714;;14316
08:41:21;714;1023;714;;12032
08:41:21;714;1023;714;;12112
08:41:22;714;1023;714;;12224
08:41:23;714;1023;714;;14284
08:41:23;714;1023;714;;12148
08:41:24;714;1023;714;;12076
08:41:24;714;1023;714;;12076
08:41:25;714;1023;714;;12004
08:41:25;714;1023;714;;12200
08:41:26;714;1023;714;;12076
08:41:26;714;1023;714;;12076
08:41:27;714;1023;714;;12344
08:41:27;714;1023;714;;12440
08:41:28;714;1023;714;;12420
08:41:28;714;1023;714;;14336
08:41:29;714;1023;714;;12176
08:41:29;714;1023;714;;12028
08:41:30;714;1023;714;;14284
08:41:30;714;1023;714;;14316
08:41:31;714;1023;714;;11976
08:41:31;714;1023;714;;12008
08:41:32;714;1023;714;;12052
08:41:32;714;1023;714;;12004
08:41:33;714;1023;714;;12072
08:41:33;714;1023;714;;12172
08:41:34;714;1023;714;;12148
08:41:34;714;1023;714;;12204
08:41:35;714;1023;714;;12008
08:41:35;714;1023;714;;11992
08:41:36;714;1023;714;;12028
08:41:36;714;1023;714;;12104
08:41:37;714;1023;714;;12104
08:41:37;714;1023;714;;14312
08:41:38;714;1023;714;;12096
08:41:38;714;1023;714;;12048
08:41:39;714;1023;714;;12028
08:41:39;714;1023;714;;12148
08:41:40;714;1023;714;;12100
08:41:40;714;1023;714;;12124
08:41:41;714;1023;714;;12028
08:41:41;714;1023;714;;12052
08:41:42;714;1023;714;;12052
08:41:42;714;1023;714;;12128
08:41:43;714;1023;714;;12076
08:41:43;714;1023;714;;14284
08:41:44;714;1023;714;;14316
08:41:44;714;1023;714;;12440
08:41:45;714;1023;714;;12172
08:41:45;714;1023;714;;12052
08:41:46;714;1023;714;;12052
08:41:46;714;1023;714;;14260
08:41:47;714;1023;714;;14292
08:41:47;714;1023;714;;14256
08:41:48;714;1023;714;;12124
08:41:49;714;1023;714;;14260
08:41:49;714;1023;714;;14292
08:41:50;714;1023;714;;14264
08:41:50;714;1023;714;;12176
08:41:51;714;1023;714;;14292
08:41:51;714;1023;714;;14288
08:41:52;714;1023;714;;14288
08:41:52;714;1023;714;;14292
08:41:53;714;1023;714;;14336
08:41:53;714;1023;714;;11980
08:41:54;714;1023;714;;12148
08:41:54;714;1023;714;;14284
08:41:55;714;1023;714;;14288
08:41:55;714;1023;714;;14288
08:41:56;714;1023;714;;12172
08:41:56;714;1023;714;;12440
08:41:57;714;1023;714;;12248
08:41:57;714;1023;714;;12052
08:41:58;714;1023;714;;12200
08:41:58;714;1023;714;;12028
08:41:59;714;1023;714;;12000
08:41:59;714;1023;714;;12104
08:42:00;714;1023;714;;12128
08:42:00;714;1023;714;;12004
08:42:01;714;1023;714;;11980
08:42:01;714;1023;714;;12152
08:42:02;714;1023;714;;14312
08:42:02;714;1023;714;;14312
08:42:03;714;1023;714;;14264
08:42:03;714;1023;714;;12076
08:42:04;714;1023;714;;12076
08:42:04;714;1023;714;;12016
08:42:05;714;1023;714;;14316
08:42:05;714;1023;714;;12056
08:42:06;714;1023;714;;11992
08:42:06;714;1023;714;;12004
08:42:07;714;1023;714;;11936
08:42:07;714;1023;714;;14292
08:42:08;714;1023;714;;12008
08:42:08;714;1023;714;;11992
08:42:09;714;1023;714;;12108
08:42:09;714;1023;714;;12204
08:42:10;714;1023;713;;12004
08:42:10;714;1023;713;;11980
08:42:11;714;1023;713;;12132
08:42:11;714;1023;713;;14264
08:42:12;714;1023;714;;14348
08:42:12;714;1023;714;;12028
08:42:13;714;1023;714;;14288
08:42:14;714;1023;713;;12028
08:42:14;714;1023;713;;11960
08:42:15;714;1023;714;;12028
08:42:15;714;1023;714;;12124
08:42:16;714;1023;713;;12100
08:42:16;714;1023;713;;12052
08:42:17;714;1023;713;;12076
08:42:17;714;1023;713;;14288
08:42:18;714;1023;713;;12180
08:42:18;714;1023;713;;12060
08:42:19;713;1023;713;;12076
08:42:19;713;1023;713;;14292
08:42:20;714;1023;713;;14312
08:42:20;714;1023;713;;12172
08:42:21;714;1023;713;;12032
08:42:21;714;1023;713;;11932
08:42:22;714;1023;714;;11932
08:42:22;714;1023;714;;12000
08:42:23;714;1023;713;;12108
08:42:23;714;1023;713;;12008
08:42:24;714;1023;713;;11956
08:42:24;714;1023;713;;12060
08:42:25;714;1023;713;;12080
08:42:25;714;1023;713;;12056
08:42:26;714;1023;713;;11980
08:42:26;714;1023;713;;11928
08:42:27;714;1023;713;;12004
08:42:27;714;1023;713;;12056
08:42:28;713;1023;713;;12004
08:42:28;713;1023;713;;14288
08:42:29;714;1023;713;;12516
08:42:29;714;1023;713;;12108
08:42:30;714;1023;713;;11980
08:42:30;714;1023;713;;12032
08:42:31;714;1023;713;;12372
08:42:31;714;1023;713;;12396
08:42:32;714;1023;713;;12004
08:42:32;714;1023;713;;12004
08:42:33;714;1023;713;;12028
08:42:33;714;1023;713;;11956
08:42:34;714;1023;713;;12028
08:42:34;714;1023;713;;12128
08:42:35;714;1023;713;;11956
08:42:35;714;1023;713;;12032
08:42:36;714;1023;714;;12012
08:42:36;714;1023;714;;12000
08:42:37;714;1023;713;;11976
08:42:37;714;1023;713;;11980
08:42:38;714;1023;713;;11984
08:42:38;714;1023;713;;12032
08:42:39;714;1023;714;;11956
08:42:39;714;1023;714;;12032
08:42:40;714;1023;713;;11984
08:42:41;714;1023;713;;11956
08:42:41;714;1023;713;;12028
08:42:42;714;1023;713;;12100
08:42:42;714;1023;713;;14312
08:42:43;714;1023;713;;14320
08:42:43;714;1023;713;;14340
08:42:44;713;1023;713;;14312
08:42:44;713;1023;713;;14288
08:42:45;713;1023;713;;14288
08:42:45;713;1023;713;;14288
08:42:46;713;1023;713;;14264
08:42:46;713;1023;713;;14288
08:42:47;713;1023;713;;14292
08:42:47;713;1023;713;;12080
08:42:48;714;1023;713;;14308
08:42:48;714;1023;713;;14368
08:42:49;713;1023;713;;14288
08:42:49;713;1023;713;;14296
08:42:50;714;1023;713;;14264
08:42:50;714;1023;713;;14316
08:42:51;713;1023;713;;12176
08:42:51;713;1023;713;;14316
08:42:52;714;1023;713;;14288
08:42:52;714;1023;713;;14264
08:42:53;714;1023;713;;14316
08:42:53;714;1023;713;;14312
08:42:54;713;1023;713;;14288
08:42:54;713;1023;713;;14316
08:42:55;713;1023;713;;14312
08:42:55;713;1023;713;;14312
08:42:56;713;1023;713;;14316
08:42:56;713;1023;713;;14288
08:42:57;714;1023;713;;12128
08:42:57;714;1023;713;;14312
08:42:58;713;1023;713;;14316
08:42:58;713;1023;713;;12128
08:42:59;713;1023;713;;12104
08:42:59;713;1023;713;;12012
08:43:00;713;1023;713;;12004
08:43:00;713;1023;713;;12008
08:43:01;713;1023;713;;12132
08:43:01;713;1023;713;;14288
08:43:02;713;1023;713;;12080
08:43:02;713;1023;713;;14312
08:43:03;713;1023;713;;12024
08:43:03;713;1023;713;;12080
08:43:04;713;1023;713;;12104
08:43:05;714;1023;713;;12032
08:43:05;714;1023;713;;12184
08:43:06;713;1023;713;;12224
08:43:06;713;1023;713;;14264
08:43:07;713;1023;713;;12096
08:43:07;713;1023;713;;12104
08:43:08;714;1023;713;;14236
08:43:08;714;1023;713;;12076
08:43:09;713;1023;713;;12344
08:43:09;713;1023;713;;12292
08:43:10;713;1023;713;;12120
08:43:10;713;1023;713;;12168
08:43:11;713;1023;713;;12120
08:43:11;713;1023;713;;12020
08:43:12;713;1023;713;;12076
08:43:12;713;1023;713;;12244
08:43:13;713;1023;713;;12092
08:43:13;713;1023;713;;12144
08:43:14;713;1023;713;;12196
08:43:14;713;1023;713;;12244
08:43:15;713;1023;713;;12192
08:43:15;713;1023;713;;12192
08:43:16;713;1023;713;;12316
08:43:16;713;1023;713;;12316
08:43:17;713;1023;713;;14284
08:43:17;713;1023;713;;12124
08:43:18;713;1023;713;;12080
08:43:18;713;1023;713;;14312
08:43:19;713;1023;713;;12076
08:43:19;713;1023;713;;14312
08:43:20;713;1023;713;;14312
08:43:20;713;1023;713;;12128
08:43:21;713;1023;713;;12148
08:43:21;713;1023;713;;12340
08:43:22;713;1023;713;;12420
08:43:22;713;1023;713;;14312
08:43:23;713;1023;713;;12096
08:43:23;713;1023;713;;12176
08:43:24;714;1023;713;;12076
08:43:24;714;1023;713;;12172
08:43:25;713;1023;713;;14260
08:43:25;713;1023;713;;14264
08:43:26;713;1023;713;;14264
08:43:26;713;1023;713;;14292
08:43:27;714;1023;713;;14284
08:43:27;714;1023;713;;14288
08:43:28;713;1023;713;;14288
08:43:28;713;1023;713;;14312
08:43:29;713;1023;713;;14292
08:43:29;713;1023;713;;14312
08:43:30;713;1023;713;;12420
08:43:31;713;1023;713;;14288
08:43:31;713;1023;713;;14364
08:43:32;713;1023;713;;14292
08:43:32;713;1023;713;;12084
08:43:33;713;1023;713;;12080
08:43:33;713;1023;713;;14288
08:43:34;713;1023;713;;14312
08:43:34;713;1023;713;;12196
08:43:35;713;1023;713;;11992
08:43:35;713;1023;713;;11980
08:43:36;713;1023;713;;14312
08:43:36;713;1023;713;;14312
08:43:37;713;1023;713;;14284
08:43:37;713;1023;713;;12100
08:43:38;713;1023;713;;14288
08:43:38;713;1023;713;;11992
08:43:39;713;1023;713;;12032
08:43:39;713;1023;713;;11980
08:43:40;713;1023;713;;12152
08:43:40;713;1023;713;;14288
08:43:41;713;1023;713;;12132
08:43:41;713;1023;713;;14320
08:43:42;713;1023;713;;12108
08:43:42;713;1023;713;;12128
08:43:43;713;1023;713;;14288
08:43:43;713;1023;713;;14268
08:43:44;713;1023;713;;14340
08:43:44;713;1023;713;;12000
08:43:45;713;1023;713;;12124
08:43:45;713;1023;713;;12252
08:43:46;713;1023;713;;12056
08:43:46;713;1023;713;;12148
08:43:47;713;1023;713;;14288
08:43:47;713;1023;713;;12008
08:43:48;713;1023;713;;12012
08:43:48;713;1023;713;;11960
08:43:49;713;1023;713;;12028
08:43:49;713;1023;713;;12028
08:43:50;713;1023;713;;12000
08:43:50;713;1023;713;;11960
08:43:51;713;1023;713;;12032
08:43:51;713;1023;713;;12080
08:43:52;713;1023;713;;12100
08:43:52;713;1023;713;;11980
08:43:53;713;1023;713;;10400
08:43:53;713;1023;713;;12128
08:43:54;713;1023;713;;10064
08:43:54;713;1023;713;;14392
08:43:55;713;1023;713;;6232
08:43:55;713;1023;713;;5920
08:43:56;713;1023;713;;5976
08:43:57;703;1006;701;;6264
08:43:57;703;1006;701;;6396
08:43:58;643;817;642;;6072
08:43:58;643;817;642;;14608
08:43:59;642;817;642;;11468
08:43:59;642;817;642;;12980
08:44:00;634;789;633;;12760
08:44:00;634;789;633;;13864
08:44:01;631;783;631;;12832
08:44:01;631;783;631;;12804
08:44:02;632;785;632;;14036
08:44:02;632;785;632;;11444
08:44:03;635;795;635;;14532
08:44:03;635;795;635;;14376
08:44:04;636;799;636;;14300
08:44:04;636;799;636;;14220
08:44:05;636;798;636;;10188
08:44:05;636;798;636;;8836
08:44:06;636;798;636;;10024
08:44:06;636;798;636;;6136
08:44:07;637;800;637;;11408
08:44:07;637;800;637;;14244
08:44:08;638;803;638;;14188
08:44:08;638;803;638;;5732
08:44:09;638;806;639;;5776
08:44:09;638;806;639;;11668
08:44:10;639;808;639;;13624
08:44:10;639;808;639;;12080
08:44:11;640;810;640;;14276
08:44:11;640;810;640;;14252
08:44:12;640;811;640;;14220
08:44:12;640;811;640;;14244
08:44:13;641;814;641;;11036
08:44:13;641;814;641;;14268
08:44:14;642;816;642;;10960
08:44:14;642;816;642;;14284
08:44:15;642;821;643;;12048
08:44:15;642;821;643;;11976
08:44:16;705;1018;710;;12024
08:44:16;705;1018;710;;11048
08:44:17;716;1023;716;;11000
08:44:17;716;1023;716;;12008
08:44:18;716;1023;716;;12096
08:44:18;716;1023;716;;13412
08:44:19;716;1023;716;;12028
08:44:19;716;1023;716;;11100
08:44:20;716;1023;716;;12000
08:44:20;716;1023;716;;11076
08:44:21;716;1023;716;;12084
08:44:21;716;1023;716;;12008
08:44:22;716;1023;716;;12008
08:44:22;716;1023;716;;5860
08:44:23;716;1023;716;;5820
08:44:23;716;1023;716;;11960
08:44:24;715;1023;715;;12596
08:44:25;715;1023;715;;11960
08:44:25;715;1023;715;;12108
08:44:26;714;1023;714;;12012
08:44:26;714;1023;714;;12028
08:44:27;714;1023;714;;12052
08:44:27;714;1023;714;;12324
08:44:28;714;1023;714;;12104
08:44:28;714;1023;714;;12008
08:44:29;714;1023;714;;11088
08:44:29;714;1023;714;;12100
08:44:30;714;1023;714;;12032
08:44:30;714;1023;714;;11976
08:44:31;714;1023;714;;11980
08:44:31;714;1023;714;;12028
08:44:32;714;1023;714;;11900
08:44:32;714;1023;714;;14244
08:44:33;714;1023;714;;12028
08:44:33;714;1023;714;;12056
08:44:34;714;1023;714;;11956
08:44:34;714;1023;714;;12052
08:44:35;714;1023;714;;12544
08:44:35;714;1023;714;;11976
08:44:36;714;1023;714;;12056
08:44:36;714;1023;714;;12048
08:44:37;714;1023;714;;12004
08:44:37;714;1023;714;;12032
08:44:38;714;1023;714;;11976
08:44:38;714;1023;714;;11976
08:44:39;714;1023;714;;12024
08:44:39;714;1023;714;;12320
08:44:40;714;1023;714;;12148
08:44:40;714;1023;714;;12048
08:44:41;714;1023;714;;11992
08:44:41;714;1023;714;;11980
08:44:42;714;1023;714;;12016
08:44:42;714;1023;714;;11952
08:44:43;714;1023;714;;11956
08:44:43;714;1023;714;;11976
08:44:44;714;1023;714;;11976
08:44:44;714;1023;714;;12052
08:44:45;714;1023;714;;11952
08:44:45;714;1023;714;;11980
08:44:46;714;1023;714;;12004
08:44:46;714;1023;714;;11972
08:44:47;714;1023;714;;11952
08:44:47;714;1023;714;;12052
08:44:48;714;1023;714;;11952
08:44:48;714;1023;714;;12000
08:44:49;714;1023;714;;11984
08:44:49;714;1023;714;;11928
08:44:50;714;1023;714;;11984
08:44:51;714;1023;714;;11956
08:44:51;714;1023;714;;12052
08:44:52;714;1023;714;;12028
08:44:52;714;1023;714;;12028
08:44:53;714;1023;714;;12148
08:44:53;714;1023;714;;12000
08:44:54;714;1023;714;;11980
08:44:54;714;1023;714;;11976
08:44:55;714;1023;714;;7932
08:44:55;714;1023;714;;11980
08:44:56;714;1023;714;;12008
08:44:56;714;1023;714;;11984
08:44:57;714;1023;714;;11952
08:44:57;714;1023;714;;12016
08:44:58;714;1023;714;;11952
08:44:58;714;1023;714;;10996
08:44:59;714;1023;714;;12000
08:44:59;714;1023;714;;13996
08:45:00;714;1023;714;;12000
08:45:00;714;1023;714;;11972
08:45:01;714;1023;714;;14632
08:45:01;714;1023;714;;12100
08:45:02;714;1023;714;;14388
08:45:02;714;1023;714;;14440
08:45:03;714;1023;714;;12156
08:45:03;714;1023;714;;12012
08:45:04;714;1023;714;;5892
08:45:04;714;1023;714;;5840
08:45:05;714;1023;714;;11992
08:45:05;714;1023;714;;5628
08:45:06;714;1023;714;;12032
08:45:06;714;1023;714;;14308
08:45:07;714;1023;714;;8552
08:45:07;714;1023;714;;14172
08:45:08;714;1023;714;;14000
08:45:08;714;1023;714;;13920
08:45:09;714;1023;714;;12128
08:45:09;714;1023;714;;11952
08:45:10;714;1023;714;;12016
08:45:10;714;1023;714;;12052
08:45:11;714;1023;714;;12008
08:45:11;714;1023;714;;14340
08:45:12;714;1023;714;;14288
08:45:12;714;1023;714;;12048
08:45:13;714;1023;714;;14316
08:45:13;714;1023;714;;12052
08:45:14;714;1023;714;;12076
08:45:14;714;1023;714;;12128
08:45:15;714;1023;714;;14340
08:45:15;714;1023;714;;12056
08:45:16;714;1023;714;;14316
08:45:16;714;1023;714;;11964
08:45:17;714;1023;714;;11976
08:45:18;714;1023;714;;12012
08:45:18;714;1023;714;;11940
08:45:19;714;1023;714;;12036
08:45:19;714;1023;714;;11944
08:45:20;714;1023;714;;11972
08:45:20;714;1023;714;;14268
08:45:21;714;1023;714;;14248
08:45:21;714;1023;714;;14296
08:45:22;714;1023;714;;11964
08:45:22;714;1023;714;;12000
08:45:23;714;1023;714;;12032
08:45:23;714;1023;714;;11936
08:45:24;714;1023;714;;11984
08:45:24;714;1023;714;;12084
08:45:25;714;1023;714;;12184
08:45:25;714;1023;714;;13976
08:45:26;714;1023;714;;14000
08:45:26;714;1023;714;;14052
08:45:27;714;1023;714;;12040
08:45:27;714;1023;714;;12060
08:45:28;714;1023;714;;12016
08:45:28;714;1023;714;;12064
08:45:29;714;1023;714;;13952
08:45:29;714;1023;714;;11960
08:45:30;714;1023;714;;12112
08:45:30;714;1023;714;;12108
08:45:31;714;1023;714;;11984
08:45:31;714;1023;714;;11960
08:45:32;714;1023;714;;12012
08:45:32;714;1023;714;;11956
08:45:33;714;1023;714;;14028
08:45:33;714;1023;714;;14052
08:45:34;714;1023;714;;14272
08:45:34;714;1023;714;;13952
08:45:35;714;1023;714;;14028
08:45:35;714;1023;714;;12108
08:45:36;714;1023;714;;11988
08:45:36;714;1023;714;;12012
08:45:37;714;1023;714;;12060
08:45:37;714;1023;714;;14100
08:45:38;714;1023;714;;14056
08:45:38;714;1023;714;;12008
08:45:39;714;1023;714;;11984
08:45:39;714;1023;714;;12012
08:45:40;714;1023;714;;11988
08:45:40;714;1023;714;;11964
08:45:41;714;1023;714;;11960
08:45:41;714;1023;714;;11908
08:45:42;714;1023;714;;12004
08:45:42;714;1023;714;;12040
08:45:43;714;1023;714;;11960
08:45:44;714;1023;714;;12060
08:45:44;714;1023;714;;12020
08:45:45;714;1023;714;;11988
08:45:45;714;1023;714;;12088
08:45:46;714;1023;714;;12108
08:45:46;714;1023;714;;12012
08:45:47;714;1023;714;;11936
08:45:47;714;1023;714;;12036
08:45:48;714;1023;714;;14232
08:45:48;714;1023;714;;12020
08:45:49;714;1023;714;;12000
08:45:49;714;1023;714;;11984
08:45:50;714;1023;714;;11940
08:45:50;714;1023;714;;11940
08:45:51;714;1023;714;;11960
08:45:51;714;1023;714;;11960
08:45:52;714;1023;714;;14152
08:45:52;714;1023;714;;11984
08:45:53;714;1023;714;;11960
08:45:53;714;1023;714;;14200
08:45:54;714;1023;714;;11984
08:45:54;714;1023;714;;12060
08:45:55;714;1023;714;;12020
08:45:55;714;1023;714;;12040
08:45:56;714;1023;714;;11964
08:45:56;714;1023;714;;11940
08:45:57;714;1023;714;;11916
08:45:57;714;1023;714;;11964
08:45:58;714;1023;714;;14104
08:45:58;714;1023;714;;14008
08:45:59;714;1023;714;;14008
08:45:59;714;1023;714;;14004
08:46:00;714;1023;714;;14008
08:46:00;714;1023;714;;13936
08:46:01;714;1023;714;;11968
08:46:01;714;1023;714;;11940
08:46:02;714;1023;714;;12064
08:46:02;714;1023;714;;11988
08:46:03;714;1023;714;;12020
08:46:03;714;1023;714;;12064
08:46:04;714;1023;714;;12036
08:46:04;714;1023;714;;14032
08:46:05;714;1023;714;;12088
08:46:05;714;1023;714;;12084
08:46:06;714;1023;714;;14232
08:46:06;714;1023;714;;12116
08:46:07;714;1023;714;;11996
08:46:07;714;1023;714;;11992
08:46:08;714;1023;714;;12116
08:46:08;714;1023;714;;12024
08:46:09;714;1023;714;;12116
08:46:10;714;1023;714;;12036
08:46:10;714;1023;714;;14104
08:46:11;714;1023;714;;14156
08:46:11;714;1023;714;;14204
08:46:12;714;1023;714;;14204
08:46:12;714;1023;714;;11972
08:46:13;714;1023;714;;11940
08:46:13;714;1023;714;;12004
08:46:14;714;1023;714;;11968
08:46:14;714;1023;714;;14228
08:46:15;714;1023;714;;14104
08:46:15;714;1023;714;;14084
08:46:16;714;1023;714;;14032
08:46:16;714;1023;714;;13988
08:46:17;714;1023;714;;14032
08:46:17;714;1023;714;;12016
08:46:18;714;1023;714;;14012
08:46:18;714;1023;714;;11916
08:46:19;714;1023;714;;11944
08:46:19;714;1023;714;;12004
08:46:20;714;1023;714;;13988
08:46:20;714;1023;714;;12016
08:46:21;714;1023;714;;14036
08:46:21;714;1023;714;;14084
08:46:22;714;1023;714;;13984
08:46:22;714;1023;714;;12552
08:46:23;714;1023;714;;14008
08:46:23;714;1023;714;;11960
08:46:24;714;1023;714;;12012
08:46:24;714;1023;714;;12016
08:46:25;714;1023;714;;12020
08:46:25;714;1023;714;;12140
08:46:26;714;1023;714;;14140
08:46:26;714;1023;714;;14156
08:46:27;714;1023;714;;14180
08:46:27;714;1023;714;;12000
08:46:28;714;1023;714;;11968
08:46:28;714;1023;714;;14064
08:46:29;714;1023;714;;14056
08:46:29;714;1023;714;;12528
08:46:30;714;1023;714;;12020
08:46:30;714;1023;714;;12092
08:46:31;714;1023;714;;11988
08:46:31;714;1023;714;;14060
08:46:32;714;1023;714;;12140
08:46:32;714;1023;714;;12020
08:46:33;714;1023;714;;11972
08:46:33;714;1023;714;;12024
08:46:34;714;1023;714;;12096
08:46:35;714;1023;714;;12008
08:46:35;714;1023;714;;12024
08:46:36;714;1023;714;;12020
08:46:36;714;1023;714;;12000
08:46:37;714;1023;714;;12072
08:46:37;714;1023;714;;12016
08:46:38;714;1023;714;;11972
08:46:38;714;1023;714;;12044
08:46:39;714;1023;714;;11968
08:46:39;714;1023;714;;14064
08:46:40;714;1023;714;;13984
08:46:40;714;1023;714;;14016
08:46:41;714;1023;714;;14060
08:46:41;714;1023;714;;11996
08:46:42;714;1023;714;;12012
08:46:42;714;1023;714;;12044
08:46:43;714;1023;714;;11968
08:46:43;714;1023;714;;12020
08:46:44;714;1023;714;;12068
08:46:44;714;1023;714;;11968
08:46:45;714;1023;714;;12096
08:46:45;714;1023;714;;12192
08:46:46;714;1023;714;;12144
08:46:46;714;1023;714;;12064
08:46:47;714;1023;714;;14008
08:46:47;714;1023;714;;12044
08:46:48;714;1023;714;;12028
08:46:48;714;1023;714;;12068
08:46:49;714;1023;714;;14036
08:46:49;714;1023;714;;14032
08:46:50;714;1023;714;;12028
08:46:50;714;1023;714;;11944
08:46:51;714;1023;714;;11944
08:46:51;714;1023;714;;11920
08:46:52;714;1023;714;;11948
08:46:52;714;1023;714;;12068
08:46:53;714;1023;714;;12096
08:46:53;714;1023;714;;11996
08:46:54;714;1023;714;;11968
08:46:54;714;1023;714;;11944
08:46:55;714;1023;714;;11920
08:46:55;714;1023;714;;12068
08:46:56;714;1023;714;;11968
08:46:56;714;1023;714;;12016
08:46:57;714;1023;714;;12116
08:46:57;714;1023;714;;11972
08:46:58;714;1023;714;;12024
08:46:58;714;1023;714;;11972
08:46:59;714;1023;714;;12000
08:46:59;714;1023;714;;12016
08:47:00;714;1023;714;;12044
08:47:01;714;1023;714;;14136
08:47:01;714;1023;714;;14140
08:47:02;714;1023;714;;13984
08:47:02;714;1023;714;;12040
08:47:03;714;1023;714;;11988
08:47:03;714;1023;714;;12044
08:47:04;714;1023;714;;14012
08:47:04;714;1023;714;;14012
08:47:05;714;1023;714;;12064
08:47:05;714;1023;714;;12064
08:47:06;714;1023;714;;12064
08:47:06;714;1023;714;;12092
08:47:07;714;1023;714;;12040
08:47:07;714;1023;714;;12064
08:47:08;714;1023;714;;14040
08:47:08;714;1023;714;;12040
08:47:09;714;1023;714;;11968
08:47:09;714;1023;714;;11968
08:47:10;714;1023;714;;12020
08:47:10;714;1023;714;;13984
08:47:11;714;1023;714;;12092
08:47:11;714;1023;714;;12068
08:47:12;714;1023;714;;11972
08:47:12;714;1023;714;;11972
08:47:13;714;1023;714;;11968
08:47:13;714;1023;714;;11968
08:47:14;714;1023;714;;11972
08:47:14;714;1023;714;;13944
08:47:15;714;1023;714;;14044
08:47:15;714;1023;714;;12004
08:47:16;714;1023;714;;11948
08:47:16;714;1023;714;;11948
08:47:17;714;1023;714;;12072
08:47:17;714;1023;714;;11944
08:47:18;714;1023;714;;12008
08:47:18;714;1023;714;;12016
08:47:19;714;1023;714;;12088
08:47:19;714;1023;714;;12048
08:47:20;714;1023;714;;11964
08:47:20;714;1023;714;;14140
08:47:21;714;1023;714;;12476
08:47:21;714;1023;714;;14208
08:47:22;714;1023;714;;14064
08:47:22;714;1023;714;;12072
08:47:23;714;1023;714;;14184
08:47:23;714;1023;714;;12040
08:47:24;714;1023;714;;12124
08:47:24;714;1023;714;;12024
08:47:25;714;1023;714;;12056
08:47:25;714;1023;714;;12004
08:47:26;714;1023;714;;12100
08:47:27;714;1023;714;;11952
08:47:27;714;1023;714;;12052
08:47:28;714;1023;714;;12024
08:47:28;714;1023;714;;11976
08:47:29;714;1023;714;;12068
08:47:29;714;1023;714;;12008
08:47:30;714;1023;714;;11924
08:47:30;714;1023;714;;11944
08:47:31;714;1023;714;;12028
08:47:31;714;1023;714;;12000
08:47:32;714;1023;714;;14232
08:47:32;714;1023;714;;12072
08:47:33;714;1023;714;;11968
08:47:33;714;1023;714;;11968
08:47:34;714;1023;714;;11944
08:47:34;714;1023;714;;11968
08:47:35;714;1023;714;;12008
08:47:35;714;1023;714;;12024
08:47:36;714;1023;714;;12068
08:47:36;714;1023;714;;11944
08:47:37;714;1023;714;;11968
08:47:37;714;1023;714;;12000
08:47:38;714;1023;714;;12048
08:47:38;714;1023;714;;12068
08:47:39;714;1023;714;;14040
08:47:39;714;1023;714;;12072
08:47:40;714;1023;714;;12020
08:47:40;714;1023;714;;12040
08:47:41;714;1023;714;;12012
08:47:41;714;1023;714;;12024
08:47:42;714;1023;714;;12020
08:47:42;714;1023;714;;12044
08:47:43;714;1023;714;;14012
08:47:43;714;1023;714;;14036
08:47:44;714;1023;714;;14016
08:47:44;714;1023;714;;14040
08:47:45;714;1023;714;;12072
08:47:45;714;1023;714;;12020
08:47:46;714;1023;714;;12096
08:47:46;714;1023;714;;12032
08:47:47;714;1023;714;;12168
08:47:47;714;1023;714;;12028
08:47:48;714;1023;714;;12024
08:47:48;714;1023;714;;11972
08:47:49;714;1023;714;;11948
08:47:49;714;1023;714;;12044
08:47:50;714;1023;714;;12004
08:47:50;714;1023;714;;11968
08:47:51;714;1023;714;;12432
08:47:51;714;1023;714;;12024
08:47:52;714;1023;714;;12020
08:47:53;714;1023;714;;12040
08:47:53;714;1023;714;;11996
08:47:54;714;1023;714;;12064
08:47:54;714;1023;714;;12016
08:47:55;714;1023;714;;12064
08:47:55;714;1023;714;;12432
08:47:56;714;1023;714;;13968
08:47:56;714;1023;714;;11968
08:47:57;714;1023;714;;12144
08:47:57;714;1023;714;;11972
08:47:58;714;1023;714;;11972
08:47:58;714;1023;714;;12092
08:47:59;714;1023;714;;12092
08:47:59;714;1023;714;;12068
08:48:00;714;1023;714;;11916
08:48:00;714;1023;714;;12020
08:48:01;714;1023;714;;14192
08:48:01;714;1023;714;;12076
08:48:02;714;1023;714;;11932
08:48:02;714;1023;714;;11972
08:48:03;714;1023;714;;12020
08:48:03;714;1023;714;;12144
08:48:04;714;1023;714;;12068
08:48:04;714;1023;714;;12068
08:48:05;714;1023;714;;14236
08:48:05;714;1023;714;;12028
08:48:06;714;1023;714;;14208
08:48:06;714;1023;714;;12092
08:48:07;714;1023;714;;12068
08:48:07;714;1023;714;;11968
08:48:08;714;1023;714;;14240
08:48:08;714;1023;714;;12040
08:48:09;714;1023;714;;14248
08:48:09;714;1023;714;;12068
08:48:10;714;1023;714;;12092
08:48:10;714;1023;714;;12096
08:48:11;714;1023;714;;12040
08:48:11;714;1023;714;;12004
08:48:12;714;1023;714;;12092
08:48:12;714;1023;714;;12068
08:48:13;714;1023;714;;12020
08:48:13;714;1023;714;;12068
08:48:14;714;1023;714;;11968
08:48:14;714;1023;714;;12040
08:48:15;714;1023;714;;12004
08:48:15;714;1023;714;;12044
08:48:16;714;1023;714;;11996
08:48:16;714;1023;714;;12020
08:48:17;714;1023;714;;12048
08:48:17;714;1023;714;;14232
08:48:18;714;1023;714;;12020
08:48:19;714;1023;714;;14236
08:48:19;714;1023;714;;14236
08:48:20;714;1023;714;;12024
08:48:20;714;1023;714;;11948
08:48:21;714;1023;714;;11972
08:48:21;714;1023;714;;11948
08:48:22;714;1023;714;;11976
08:48:22;714;1023;714;;11948
08:48:23;714;1023;714;;11996
08:48:23;714;1023;714;;12044
08:48:24;714;1023;714;;11972
08:48:24;714;1023;714;;11972
08:48:25;714;1023;714;;12044
08:48:25;714;1023;714;;11992
08:48:26;714;1023;714;;12020
08:48:26;714;1023;714;;11972
08:48:27;714;1023;714;;11952
08:48:27;714;1023;714;;12000
08:48:28;714;1023;714;;12024
08:48:28;714;1023;714;;12072
08:48:29;714;1023;714;;12096
08:48:29;714;1023;714;;12024
08:48:30;714;1023;714;;11996
08:48:30;714;1023;714;;12072
08:48:31;714;1023;714;;12044
08:48:31;714;1023;714;;11972
08:48:32;714;1023;714;;12096
08:48:32;714;1023;714;;12072
08:48:33;714;1023;714;;11972
08:48:33;714;1023;714;;12020
08:48:34;714;1023;714;;11972
08:48:34;714;1023;714;;12024
08:48:35;714;1023;714;;12068
08:48:35;714;1023;714;;12048
08:48:36;714;1023;714;;11944
08:48:36;714;1023;714;;12020
08:48:37;714;1023;714;;12044
08:48:37;714;1023;714;;11968
08:48:38;714;1023;714;;12092
08:48:38;714;1023;714;;12140
08:48:39;714;1023;714;;12432
08:48:39;714;1023;714;;12116
08:48:40;714;1023;714;;12044
08:48:40;714;1023;714;;12364
08:48:41;714;1023;714;;12432
08:48:41;714;1023;714;;12480
08:48:42;714;1023;714;;14016
08:48:42;714;1023;714;;12072
08:48:43;714;1023;714;;11972
08:48:43;714;1023;714;;11952
08:48:44;714;1023;714;;11988
08:48:44;714;1023;714;;14044
08:48:45;714;1023;714;;12004
08:48:46;714;1023;714;;12096
08:48:46;714;1023;714;;12048
08:48:47;714;1023;714;;12072
08:48:47;714;1023;714;;14216
08:48:48;714;1023;714;;12024
08:48:48;714;1023;714;;14164
08:48:49;714;1023;714;;11968
08:48:49;714;1023;714;;12000
08:48:50;714;1023;714;;12068
08:48:50;714;1023;714;;11972
08:48:51;714;1023;714;;12116
08:48:51;714;1023;714;;12044
08:48:52;714;1023;714;;12384
08:48:52;714;1023;714;;12408
08:48:53;714;1023;714;;12432
08:48:53;714;1023;714;;12044
08:48:54;714;1023;714;;11940
08:48:54;714;1023;714;;11996
08:48:55;714;1023;714;;12000
08:48:55;714;1023;714;;12068
08:48:56;714;1023;714;;12004
08:48:56;714;1023;714;;11948
08:48:57;714;1023;714;;11948
08:48:57;714;1023;714;;12000
08:48:58;714;1023;714;;12000
08:48:58;714;1023;714;;12048
08:48:59;714;1023;714;;12024
08:48:59;714;1023;714;;12048
08:49:00;714;1023;714;;12008
08:49:00;714;1023;714;;11976
08:49:01;714;1023;714;;12100
08:49:01;714;1023;714;;12040
08:49:02;714;1023;714;;12016
08:49:02;714;1023;714;;12020
08:49:03;714;1023;714;;12020
08:49:03;714;1023;714;;12016
08:49:04;714;1023;714;;12040
08:49:04;714;1023;714;;12044
08:49:05;714;1023;714;;12064
08:49:05;714;1023;714;;12044
08:49:06;714;1023;714;;12068
08:49:06;714;1023;714;;12512
08:49:07;714;1023;714;;12024
08:49:07;714;1023;714;;11996
08:49:08;714;1023;714;;11944
08:49:08;714;1023;714;;12092
08:49:09;714;1023;714;;12484
08:49:09;714;1023;714;;12044
08:49:10;714;1023;714;;12068
08:49:10;714;1023;714;;12016
08:49:11;714;1023;714;;12004
08:49:11;714;1023;714;;12040
08:49:12;714;1023;714;;12024
08:49:13;714;1023;714;;12144
08:49:13;714;1023;714;;14188
08:49:14;714;1023;714;;12048
08:49:14;714;1023;714;;12000
08:49:15;714;1023;714;;12052
08:49:15;714;1023;714;;11948
08:49:16;714;1023;714;;11948
08:49:16;714;1023;714;;11972
08:49:17;714;1023;714;;12000
08:49:17;714;1023;714;;14144
08:49:18;714;1023;714;;12028
08:49:18;714;1023;714;;12048
08:49:19;714;1023;714;;12048
08:49:19;714;1023;714;;11972
08:49:20;714;1023;714;;11920
08:49:20;714;1023;714;;11944
08:49:21;714;1023;714;;12072
08:49:21;714;1023;714;;12020
08:49:22;714;1023;714;;12044
08:49:22;714;1023;714;;12020
08:49:23;714;1023;714;;11968
08:49:23;714;1023;714;;12020
08:49:24;714;1023;714;;12048
08:49:24;714;1023;714;;11948
08:49:25;714;1023;714;;11972
08:49:25;714;1023;714;;12000
08:49:26;714;1023;714;;11948
08:49:26;714;1023;714;;11952
08:49:27;714;1023;714;;12012
08:49:27;714;1023;714;;12044
08:49:28;714;1023;714;;14216
08:49:28;714;1023;714;;14248
08:49:29;714;1023;714;;11980
08:49:29;714;1023;714;;11952
08:49:30;714;1023;714;;11976
08:49:30;714;1023;714;;12072
08:49:31;714;1023;714;;12024
08:49:31;714;1023;714;;14168
08:49:32;714;1023;714;;11948
08:49:32;714;1023;714;;14068
08:49:33;714;1023;714;;12076
08:49:33;714;1023;714;;14048
08:49:34;714;1023;714;;14052
08:49:34;714;1023;714;;12048
08:49:35;714;1023;714;;12104
08:49:35;714;1023;714;;11976
08:49:36;714;1023;714;;14168
08:49:36;714;1023;714;;14192
08:49:37;714;1023;714;;12020
08:49:37;714;1023;714;;11972
08:49:38;714;1023;714;;12052
08:49:39;714;1023;714;;12024
08:49:39;714;1023;714;;11972
08:49:40;714;1023;714;;14068
08:49:40;714;1023;714;;12124
08:49:41;714;1023;714;;12120
08:49:41;714;1023;714;;12048
08:49:42;714;1023;714;;12072
08:49:42;714;1023;714;;12484
08:49:43;714;1023;714;;12412
08:49:43;714;1023;714;;12532
08:49:44;714;1023;714;;12456
08:49:44;714;1023;714;;12408
08:49:45;714;1023;714;;14116
08:49:45;714;1023;714;;13992
08:49:46;714;1023;714;;14068
08:49:46;714;1023;714;;14020
08:49:47;714;1023;714;;14096
08:49:47;714;1023;714;;12048
08:49:48;714;1023;714;;12000
08:49:48;714;1023;714;;12124
08:49:49;714;1023;714;;12048
08:49:49;714;1023;714;;12048
08:49:50;714;1023;714;;12436
08:49:50;714;1023;714;;14020
08:49:51;714;1023;714;;14068
08:49:51;714;1023;714;;12096
08:49:52;714;1023;714;;14072
08:49:52;714;1023;714;;12024
08:49:53;714;1023;714;;11976
08:49:53;714;1023;714;;12072
08:49:54;714;1023;714;;14148
08:49:54;714;1023;714;;12120
08:49:55;714;1023;714;;12004
08:49:55;714;1023;714;;11928
08:49:56;714;1023;714;;12008
08:49:56;714;1023;714;;12004
08:49:57;714;1023;714;;12144
08:49:57;714;1023;714;;12000
08:49:58;714;1023;714;;12044
08:49:58;714;1023;714;;12020
08:49:59;714;1023;714;;12020
08:49:59;714;1023;714;;11972
08:50:00;714;1023;714;;11996
08:50:00;714;1023;714;;12020
08:50:01;714;1023;714;;11968
08:50:01;714;1023;714;;11972
08:50:02;714;1023;714;;12020
08:50:02;714;1023;714;;12116
08:50:03;714;1023;714;;12120
08:50:03;714;1023;714;;12092
08:50:04;714;1023;714;;12020
08:50:05;714;1023;714;;12068
08:50:05;714;1023;714;;12024
08:50:06;714;1023;714;;11972
08:50:06;714;1023;714;;11972
08:50:07;714;1023;714;;12048
08:50:07;714;1023;714;;11988
08:50:08;714;1023;714;;12024
08:50:08;714;1023;714;;11976
08:50:09;714;1023;714;;11948
08:50:09;714;1023;714;;13996
08:50:10;714;1023;714;;14052
08:50:10;714;1023;714;;14044
08:50:11;714;1023;714;;12024
08:50:11;714;1023;714;;14048
08:50:12;714;1023;714;;12048
08:50:12;714;1023;714;;12076
08:50:13;714;1023;714;;11996
08:50:13;714;1023;714;;14096
08:50:14;714;1023;714;;14068
08:50:14;714;1023;714;;13992
08:50:15;714;1023;714;;14044
08:50:15;714;1023;714;;12020
08:50:16;714;1023;714;;14120
08:50:16;714;1023;714;;13996
08:50:17;714;1023;714;;12004
08:50:17;714;1023;714;;12028
08:50:18;714;1023;714;;11956
08:50:18;714;1023;714;;12032
08:50:19;714;1023;714;;11980
08:50:19;714;1023;714;;11952
08:50:20;714;1023;714;;11952
08:50:20;714;1023;714;;11980
08:50:21;714;1023;714;;12044
08:50:21;714;1023;714;;14028
08:50:22;714;1023;714;;12432
08:50:22;714;1023;714;;13992
08:50:23;714;1023;714;;11992
08:50:23;714;1023;714;;12460
08:50:24;714;1023;714;;12024
08:50:24;714;1023;714;;14048
08:50:25;714;1023;714;;14020
08:50:25;714;1023;714;;13992
08:50:26;714;1023;714;;14024
08:50:26;714;1023;714;;14020
08:50:27;714;1023;714;;12072
08:50:27;714;1023;714;;12100
08:50:28;714;1023;714;;12000
08:50:28;714;1023;714;;12008
08:50:29;714;1023;714;;12024
08:50:30;714;1023;714;;12044
08:50:30;714;1023;714;;14092
08:50:31;714;1023;714;;14120
08:50:31;714;1023;714;;12044
08:50:32;714;1023;714;;12092
08:50:32;714;1023;714;;12068
08:50:33;714;1023;714;;12044
08:50:33;714;1023;714;;12460
08:50:34;714;1023;714;;12064
08:50:34;714;1023;714;;12488
08:50:35;714;1023;714;;12044
08:50:35;714;1023;714;;12016
08:50:36;714;1023;714;;12020
08:50:36;714;1023;714;;11948
08:50:37;714;1023;714;;12096
08:50:37;714;1023;714;;12148
08:50:38;714;1023;714;;12000
08:50:38;714;1023;714;;12168
08:50:39;714;1023;714;;12116
08:50:39;714;1023;714;;12068
08:50:40;714;1023;714;;12116
08:50:40;714;1023;714;;12020
08:50:41;714;1023;714;;12044
08:50:41;714;1023;714;;12092
08:50:42;714;1023;714;;12072
08:50:42;714;1023;714;;12020
