09:46:18;715;1023;717;;11292
09:46:18;715;1023;717;;11364
09:46:19;717;1023;717;;11264
09:46:19;717;1023;717;;11216
09:46:20;717;1023;717;;11460
09:46:20;717;1023;717;;11392
09:46:21;717;1023;717;;12512
09:46:21;717;1023;717;;11264
09:46:22;717;1023;717;;11268
09:46:22;717;1023;717;;13636
09:46:23;717;1023;717;;11220
09:46:23;717;1023;717;;11264
09:46:24;717;1023;717;;11412
09:46:24;717;1023;717;;12440
09:46:25;717;1023;717;;11292
09:46:25;717;1023;717;;12016
09:46:26;717;1023;717;;11240
09:46:26;717;1023;717;;11388
09:46:27;717;1023;717;;11956
09:46:27;717;1023;717;;11264
09:46:28;717;1023;717;;11268
09:46:28;717;1023;717;;11952
09:46:29;717;1023;717;;12368
09:46:29;717;1023;717;;11216
09:46:30;717;1023;717;;11192
09:46:30;717;1023;717;;11288
09:46:31;717;1023;717;;11248
09:46:32;717;1023;717;;11292
09:46:32;717;1023;717;;12004
09:46:33;717;1023;717;;12032
09:46:33;717;1023;717;;11416
09:46:34;717;1023;717;;11264
09:46:34;717;1023;717;;11264
09:46:35;717;1023;717;;11192
09:46:35;717;1023;717;;11192
09:46:36;717;1023;717;;11264
09:46:36;717;1023;717;;11240
09:46:37;717;1023;717;;11388
09:46:37;717;1023;717;;11316
09:46:38;717;1023;717;;11268
09:46:38;717;1023;717;;11288
09:46:39;717;1023;717;;11952
09:46:39;717;1023;717;;11980
09:46:40;717;1023;717;;11956
09:46:40;717;1023;717;;11288
09:46:41;717;1023;717;;12032
09:46:41;717;1023;717;;11220
09:46:42;717;1023;717;;11220
09:46:42;717;1023;717;;11288
09:46:43;717;1023;717;;11268
09:46:43;717;1023;717;;11368
09:46:44;717;1023;717;;11216
09:46:44;717;1023;717;;11904
09:46:45;717;1023;717;;11364
09:46:45;717;1023;717;;11364
09:46:46;717;1023;717;;11316
09:46:46;717;1023;717;;11164
09:46:47;717;1023;717;;11336
09:46:47;717;1023;717;;11240
09:46:48;717;1023;717;;11268
09:46:48;717;1023;717;;11316
09:46:49;717;1023;717;;11980
09:46:49;717;1023;717;;11316
09:46:50;717;1023;717;;11340
09:46:50;717;1023;717;;11216
09:46:51;717;1023;717;;11316
09:46:51;717;1023;717;;11240
09:46:52;717;1023;717;;11980
09:46:52;717;1023;717;;11292
09:46:53;717;1023;717;;11240
09:46:53;717;1023;717;;12104
09:46:54;717;1023;717;;11240
09:46:54;717;1023;717;;11240
09:46:55;717;1023;717;;13584
09:46:55;717;1023;717;;11388
09:46:56;716;1023;717;;11216
09:46:56;716;1023;717;;13632
09:46:57;716;1023;717;;12000
09:46:57;716;1023;717;;11264
09:46:58;716;1023;716;;11952
09:46:59;716;1023;717;;11196
09:46:59;716;1023;717;;12056
09:47:00;716;1023;716;;11268
09:47:00;716;1023;716;;11364
09:47:01;716;1023;716;;11292
09:47:01;716;1023;716;;11264
09:47:02;716;1023;716;;11264
09:47:02;716;1023;716;;12052
09:47:03;716;1023;717;;11852
09:47:03;716;1023;717;;11240
09:47:04;716;1023;716;;11316
09:47:04;716;1023;716;;11952
09:47:05;716;1023;716;;11268
09:47:05;716;1023;716;;11292
09:47:06;716;1023;716;;11264
09:47:06;716;1023;716;;12296
09:47:07;716;1023;716;;11268
09:47:07;716;1023;716;;11464
09:47:08;716;1023;717;;11260
09:47:08;716;1023;717;;11928
09:47:09;716;1023;716;;11340
09:47:09;716;1023;716;;11928
09:47:10;716;1023;716;;11928
09:47:10;716;1023;716;;11928
09:47:11;716;1023;716;;12516
09:47:11;716;1023;716;;11364
09:47:12;716;1023;716;;11264
09:47:12;716;1023;716;;11388
09:47:13;716;1023;716;;11264
09:47:13;716;1023;716;;11244
09:47:14;716;1023;716;;11312
09:47:14;716;1023;716;;11344
09:47:15;716;1023;716;;11364
09:47:15;716;1023;716;;11344
09:47:16;716;1023;716;;11340
09:47:16;716;1023;716;;11288
09:47:17;716;1023;716;;11264
09:47:17;716;1023;716;;11312
09:47:18;716;1023;716;;11240
09:47:18;716;1023;716;;11292
09:47:19;716;1023;716;;11340
09:47:19;716;1023;716;;11224
09:47:20;716;1023;716;;11932
09:47:20;716;1023;716;;11336
09:47:21;716;1023;716;;11412
09:47:21;716;1023;716;;11220
09:47:22;716;1023;716;;11292
09:47:22;716;1023;716;;11980
09:47:23;716;1023;716;;11268
09:47:23;716;1023;716;;11216
09:47:24;716;1023;716;;11348
09:47:24;716;1023;716;;12080
09:47:25;716;1023;716;;11192
09:47:26;716;1023;716;;11240
09:47:26;716;1023;716;;11980
09:47:27;716;1023;716;;12008
09:47:27;716;1023;716;;11212
09:47:28;716;1023;716;;12012
09:47:28;716;1023;716;;12032
09:47:29;716;1023;716;;11316
09:47:29;716;1023;716;;11216
09:47:30;716;1023;716;;11344
09:47:30;716;1023;716;;11264
09:47:31;716;1023;716;;11952
09:47:31;716;1023;716;;11340
09:47:32;716;1023;716;;11268
09:47:32;716;1023;716;;11956
09:47:33;716;1023;716;;11192
09:47:33;716;1023;716;;11928
09:47:34;716;1023;716;;11292
09:47:34;716;1023;716;;11956
09:47:35;716;1023;716;;11952
09:47:35;716;1023;716;;11928
09:47:36;716;1023;716;;11952
09:47:36;716;1023;716;;11980
09:47:37;716;1023;716;;11392
09:47:37;716;1023;716;;11288
09:47:38;716;1023;716;;12372
09:47:38;716;1023;716;;11268
09:47:39;716;1023;716;;11292
09:47:39;716;1023;716;;11268
09:47:40;716;1023;716;;12008
09:47:40;716;1023;716;;11264
09:47:41;716;1023;716;;11216
09:47:41;716;1023;716;;11292
09:47:42;716;1023;716;;11904
09:47:42;716;1023;716;;11916
09:47:43;716;1023;716;;11316
09:47:43;716;1023;716;;11908
09:47:44;716;1023;716;;11192
09:47:44;716;1023;716;;11912
09:47:45;716;1023;716;;11268
09:47:45;716;1023;716;;11368
09:47:46;716;1023;716;;11340
09:47:46;716;1023;716;;11364
09:47:47;716;1023;716;;11976
09:47:47;716;1023;716;;11196
09:47:48;716;1023;716;;11980
09:47:48;716;1023;716;;12000
09:47:49;716;1023;716;;11292
09:47:49;716;1023;716;;11904
09:47:50;716;1023;716;;11320
09:47:50;716;1023;716;;11364
09:47:51;716;1023;716;;11880
09:47:51;716;1023;716;;11928
09:47:52;716;1023;716;;12368
09:47:53;716;1023;716;;11336
09:47:53;716;1023;716;;12032
09:47:54;716;1023;716;;11292
09:47:54;716;1023;716;;11192
09:47:55;716;1023;716;;11264
09:47:55;716;1023;716;;12004
09:47:56;716;1023;716;;12004
09:47:56;716;1023;716;;11320
09:47:57;716;1023;716;;12016
09:47:57;716;1023;716;;11292
09:47:58;716;1023;716;;11268
09:47:58;716;1023;716;;11216
09:47:59;716;1023;716;;11240
09:47:59;716;1023;716;;11340
09:48:00;716;1023;716;;12004
09:48:00;716;1023;716;;12392
09:48:01;716;1023;716;;11268
09:48:01;716;1023;716;;11340
09:48:02;716;1023;716;;11192
09:48:02;716;1023;716;;11192
09:48:03;716;1023;716;;11268
09:48:03;716;1023;716;;11192
09:48:04;716;1023;716;;11264
09:48:04;716;1023;716;;11200
09:48:05;716;1023;716;;11192
09:48:05;716;1023;716;;11292
09:48:06;716;1023;716;;11340
09:48:06;716;1023;716;;11336
09:48:07;716;1023;716;;11932
09:48:07;716;1023;716;;11288
09:48:08;716;1023;716;;11268
09:48:08;716;1023;716;;11956
09:48:09;716;1023;716;;11320
09:48:09;716;1023;716;;12028
09:48:10;716;1023;716;;11292
09:48:10;716;1023;716;;11272
09:48:11;716;1023;716;;12080
09:48:11;716;1023;716;;11292
09:48:12;716;1023;716;;11932
09:48:12;716;1023;716;;11388
09:48:13;716;1023;716;;12028
09:48:13;716;1023;716;;11316
09:48:14;716;1023;716;;11272
09:48:14;716;1023;716;;11240
09:48:15;716;1023;716;;11320
09:48:15;716;1023;716;;11392
09:48:16;716;1023;716;;11364
09:48:16;716;1023;716;;11904
09:48:17;716;1023;716;;11960
09:48:17;716;1023;716;;11292
09:48:18;716;1023;716;;11292
09:48:19;716;1023;716;;11928
09:48:19;716;1023;716;;11932
09:48:20;716;1023;716;;11952
09:48:20;716;1023;716;;11244
09:48:21;716;1023;716;;11392
09:48:21;716;1023;716;;11292
09:48:22;716;1023;716;;11340
09:48:22;716;1023;716;;12032
09:48:23;716;1023;716;;12008
09:48:23;716;1023;716;;11288
09:48:24;716;1023;716;;11292
09:48:24;716;1023;716;;11244
09:48:25;716;1023;716;;11316
09:48:25;716;1023;716;;11956
09:48:26;716;1023;716;;11244
09:48:26;716;1023;716;;11316
09:48:27;716;1023;716;;11316
09:48:27;716;1023;716;;11512
09:48:28;716;1023;716;;11928
09:48:28;716;1023;716;;11928
09:48:29;716;1023;716;;11936
09:48:29;716;1023;716;;11264
09:48:30;716;1023;716;;11392
09:48:30;716;1023;716;;11216
09:48:31;716;1023;716;;11364
09:48:31;716;1023;716;;11244
09:48:32;716;1023;716;;11172
09:48:32;716;1023;716;;11240
09:48:33;716;1023;716;;11292
09:48:33;716;1023;716;;11952
09:48:34;716;1023;716;;11188
09:48:34;716;1023;716;;11980
09:48:35;716;1023;716;;11268
09:48:35;716;1023;716;;11952
09:48:36;716;1023;716;;11440
09:48:36;716;1023;716;;11240
09:48:37;716;1023;716;;11220
09:48:37;716;1023;716;;11240
09:48:38;716;1023;716;;11292
09:48:38;716;1023;716;;11956
09:48:39;716;1023;716;;11316
09:48:39;716;1023;716;;11464
09:48:40;716;1023;716;;11216
09:48:40;716;1023;716;;11244
09:48:41;716;1023;716;;11952
09:48:41;716;1023;716;;12028
09:48:42;716;1023;716;;11272
09:48:42;716;1023;716;;11292
09:48:43;716;1023;716;;11392
09:48:43;716;1023;716;;11928
09:48:44;716;1023;716;;11912
09:48:44;716;1023;716;;11368
09:48:45;716;1023;716;;11272
09:48:46;716;1023;716;;11268
09:48:46;716;1023;716;;11264
09:48:47;716;1023;716;;11412
09:48:47;716;1023;716;;11420
09:48:48;716;1023;716;;11952
09:48:48;716;1023;716;;11932
09:48:49;716;1023;716;;11316
09:48:49;716;1023;716;;11932
09:48:50;716;1023;716;;11268
09:48:50;716;1023;716;;11348
09:48:51;716;1023;716;;12020
09:48:51;716;1023;716;;11980
09:48:52;716;1023;716;;11436
09:48:52;716;1023;716;;11292
09:48:53;715;1023;716;;11440
09:48:53;715;1023;716;;11420
09:48:54;716;1023;716;;11264
09:48:54;716;1023;716;;11960
09:48:55;715;1023;716;;11984
09:48:55;715;1023;716;;11192
09:48:56;716;1023;716;;11292
09:48:56;716;1023;716;;11244
09:48:57;716;1023;716;;11244
09:48:57;716;1023;716;;11392
09:48:58;715;1023;716;;11292
09:48:58;715;1023;716;;11904
09:48:59;716;1023;716;;11240
09:48:59;716;1023;716;;12052
09:49:00;716;1023;716;;11272
09:49:00;716;1023;716;;11268
09:49:01;715;1023;716;;11932
09:49:01;715;1023;716;;11904
09:49:02;715;1023;716;;11316
09:49:02;715;1023;716;;11884
09:49:03;716;1023;716;;12016
09:49:03;716;1023;716;;12080
09:49:04;715;1023;716;;12392
09:49:04;715;1023;716;;11340
09:49:05;716;1023;716;;11264
09:49:05;716;1023;716;;11244
09:49:06;715;1023;716;;11264
09:49:06;715;1023;716;;11268
09:49:07;715;1023;716;;11340
09:49:07;715;1023;716;;11244
09:49:08;715;1023;716;;11936
09:49:08;715;1023;716;;11188
09:49:09;715;1023;715;;11312
09:49:09;715;1023;715;;11264
09:49:10;715;1023;716;;12084
09:49:10;715;1023;716;;11248
09:49:11;715;1023;715;;11248
09:49:11;715;1023;715;;11980
09:49:12;715;1023;715;;11436
09:49:13;715;1023;715;;11344
09:49:13;715;1023;715;;11264
09:49:14;715;1023;715;;11976
09:49:14;715;1023;715;;11240
09:49:15;715;1023;716;;11904
09:49:15;715;1023;716;;11904
09:49:16;715;1023;715;;11904
09:49:16;715;1023;715;;11316
09:49:17;715;1023;715;;11264
09:49:17;715;1023;715;;11272
09:49:18;715;1023;715;;11980
09:49:18;715;1023;715;;11904
09:49:19;715;1023;715;;11288
09:49:19;715;1023;715;;11244
09:49:20;715;1023;715;;11904
09:49:20;715;1023;715;;11292
09:49:21;715;1023;715;;11952
09:49:21;715;1023;715;;11264
09:49:22;715;1023;715;;11264
09:49:22;715;1023;715;;11956
09:49:23;715;1023;715;;11292
09:49:23;715;1023;715;;11288
09:49:24;715;1023;715;;12568
09:49:24;715;1023;715;;11268
09:49:25;715;1023;715;;11316
09:49:25;715;1023;715;;11884
09:49:26;715;1023;715;;11268
09:49:26;715;1023;715;;11908
09:49:27;715;1023;715;;11344
09:49:27;715;1023;715;;11316
09:49:28;715;1023;715;;11364
09:49:28;715;1023;715;;12032
09:49:29;715;1023;715;;11268
09:49:29;715;1023;715;;11316
09:49:30;715;1023;715;;11144
09:49:30;715;1023;715;;11340
09:49:31;715;1023;715;;11192
09:49:31;715;1023;715;;11272
09:49:32;715;1023;715;;11144
09:49:32;715;1023;715;;11936
09:49:33;715;1023;715;;11956
09:49:33;715;1023;715;;11296
09:49:34;715;1023;715;;11196
09:49:34;715;1023;715;;11956
09:49:35;715;1023;715;;12000
09:49:35;715;1023;715;;11368
09:49:36;715;1023;715;;11220
09:49:36;715;1023;715;;11220
09:49:37;715;1023;715;;11264
09:49:37;715;1023;715;;12052
09:49:38;715;1023;715;;11348
09:49:39;715;1023;715;;11960
09:49:39;715;1023;715;;11240
09:49:40;715;1023;715;;11292
09:49:40;715;1023;715;;11240
09:49:41;715;1023;715;;11268
09:49:41;715;1023;715;;11264
09:49:42;715;1023;715;;11288
09:49:42;715;1023;715;;11264
09:49:43;715;1023;715;;11368
09:49:43;715;1023;715;;11880
09:49:44;715;1023;715;;11980
09:49:44;715;1023;715;;11268
09:49:45;715;1023;715;;11388
09:49:45;715;1023;715;;11316
09:49:46;715;1023;715;;11220
09:49:46;715;1023;715;;11292
09:49:47;715;1023;715;;11316
09:49:47;715;1023;715;;11980
09:49:48;715;1023;715;;11392
09:49:48;715;1023;715;;11268
09:49:49;715;1023;715;;11340
09:49:49;715;1023;715;;11240
09:49:50;715;1023;715;;11240
09:49:50;715;1023;715;;12052
09:49:51;715;1023;715;;11316
09:49:51;715;1023;715;;12028
09:49:52;715;1023;715;;12028
09:49:52;715;1023;715;;11952
09:49:53;715;1023;715;;11316
09:49:53;715;1023;715;;11368
09:49:54;715;1023;715;;13584
09:49:54;715;1023;715;;11368
09:49:55;715;1023;715;;11992
09:49:55;715;1023;715;;11192
09:49:56;715;1023;715;;11344
09:49:56;715;1023;715;;11264
09:49:57;715;1023;715;;11340
09:49:57;715;1023;715;;11264
09:49:58;715;1023;715;;11952
09:49:58;715;1023;715;;11320
09:49:59;715;1023;715;;11292
09:49:59;715;1023;715;;11288
09:50:00;715;1023;715;;11900
09:50:00;715;1023;715;;11908
09:50:01;715;1023;715;;11980
09:50:01;715;1023;715;;11268
09:50:02;715;1023;715;;11220
09:50:02;715;1023;715;;11164
09:50:03;715;1023;715;;11268
09:50:03;715;1023;715;;11368
09:50:04;715;1023;715;;11268
09:50:04;715;1023;715;;11244
09:50:05;715;1023;715;;11216
09:50:06;715;1023;715;;11220
09:50:06;715;1023;715;;11928
09:50:07;715;1023;715;;11292
09:50:07;715;1023;715;;11268
09:50:08;715;1023;715;;11980
09:50:08;715;1023;715;;12008
09:50:09;715;1023;715;;11960
09:50:09;715;1023;715;;11956
09:50:10;715;1023;715;;11344
09:50:10;715;1023;715;;11912
09:50:11;715;1023;715;;11960
09:50:11;715;1023;715;;11932
09:50:12;715;1023;715;;11168
09:50:12;715;1023;715;;11316
09:50:13;715;1023;715;;12004
09:50:13;715;1023;715;;11168
09:50:14;715;1023;715;;11980
09:50:14;715;1023;715;;11196
09:50:15;715;1023;715;;12052
09:50:15;715;1023;715;;11960
09:50:16;715;1023;715;;11268
09:50:16;715;1023;715;;11292
09:50:17;715;1023;715;;12180
09:50:17;715;1023;715;;11244
09:50:18;715;1023;715;;11240
09:50:18;715;1023;715;;11368
09:50:19;715;1023;715;;12368
09:50:19;715;1023;715;;11932
09:50:20;715;1023;715;;11912
09:50:20;715;1023;715;;11240
09:50:21;715;1023;715;;11192
09:50:21;715;1023;715;;11980
09:50:22;715;1023;715;;11244
09:50:22;715;1023;715;;11292
09:50:23;715;1023;715;;11240
09:50:23;715;1023;715;;12392
09:50:24;715;1023;715;;11988
09:50:24;715;1023;715;;11244
09:50:25;715;1023;715;;12032
09:50:25;715;1023;715;;12056
09:50:26;715;1023;715;;11928
09:50:26;715;1023;715;;11244
09:50:27;715;1023;715;;11216
09:50:27;715;1023;715;;11928
09:50:28;715;1023;715;;11364
09:50:28;715;1023;715;;11392
09:50:29;715;1023;715;;11244
09:50:29;715;1023;715;;11316
09:50:30;715;1023;715;;11908
09:50:30;715;1023;715;;11932
09:50:31;715;1023;715;;11248
09:50:31;715;1023;715;;11220
09:50:32;715;1023;715;;11224
09:50:33;715;1023;715;;11908
09:50:33;715;1023;715;;11288
09:50:34;715;1023;715;;11368
09:50:34;715;1023;715;;11312
09:50:35;715;1023;715;;11220
09:50:35;715;1023;715;;11216
09:50:36;715;1023;715;;11192
09:50:36;715;1023;715;;11240
09:50:37;715;1023;715;;11192
09:50:37;715;1023;715;;11192
09:50:38;715;1023;715;;11412
09:50:38;715;1023;715;;11192
09:50:39;715;1023;715;;11952
09:50:39;715;1023;715;;11220
09:50:40;715;1023;715;;11420
09:50:40;715;1023;715;;11392
09:50:41;715;1023;715;;11292
09:50:41;715;1023;715;;11244
09:50:42;715;1023;715;;11904
09:50:42;715;1023;715;;11392
09:50:43;715;1023;715;;11268
09:50:43;715;1023;715;;11288
09:50:44;715;1023;715;;11216
09:50:44;715;1023;715;;11220
09:50:45;715;1023;715;;11268
09:50:45;715;1023;715;;11268
09:50:46;715;1023;715;;12104
09:50:46;715;1023;715;;11244
09:50:47;715;1023;715;;11272
09:50:47;715;1023;715;;11268
09:50:48;715;1023;715;;11344
09:50:48;715;1023;715;;11320
09:50:49;715;1023;715;;11392
09:50:49;715;1023;715;;11164
09:50:50;715;1023;715;;11268
09:50:50;715;1023;715;;11244
09:50:51;715;1023;715;;11368
09:50:51;715;1023;715;;11200
09:50:52;715;1023;715;;11984
09:50:52;715;1023;715;;11248
09:50:53;715;1023;715;;11932
09:50:53;715;1023;715;;11292
09:50:54;715;1023;715;;11392
09:50:54;715;1023;715;;11244
09:50:55;715;1023;715;;11364
09:50:55;715;1023;715;;11268
09:50:56;715;1023;715;;11264
09:50:56;715;1023;715;;11952
09:50:57;715;1023;715;;11440
09:50:57;715;1023;715;;11240
09:50:58;715;1023;715;;11268
09:50:58;715;1023;715;;11264
09:50:59;715;1023;715;;11296
09:51:00;715;1023;715;;11292
09:51:00;715;1023;715;;11244
09:51:01;715;1023;715;;11412
09:51:01;715;1023;715;;11240
09:51:02;715;1023;715;;12008
09:51:02;715;1023;715;;11244
09:51:03;715;1023;715;;11364
09:51:03;715;1023;715;;11224
09:51:04;715;1023;715;;11884
09:51:04;715;1023;715;;11292
09:51:05;715;1023;715;;11268
09:51:05;715;1023;715;;11292
09:51:06;715;1023;715;;11220
09:51:06;715;1023;715;;11364
09:51:07;715;1023;715;;11240
09:51:07;715;1023;715;;11312
09:51:08;715;1023;715;;11272
09:51:08;715;1023;715;;11216
09:51:09;715;1023;715;;11268
09:51:09;715;1023;715;;11312
09:51:10;715;1023;715;;11240
09:51:10;715;1023;715;;11316
09:51:11;715;1023;715;;11172
09:51:11;715;1023;715;;11264
09:51:12;715;1023;715;;11316
09:51:12;715;1023;715;;11244
09:51:13;715;1023;715;;11268
09:51:13;715;1023;715;;11904
09:51:14;715;1023;715;;11880
09:51:14;715;1023;715;;11980
09:51:15;715;1023;715;;11220
09:51:15;715;1023;715;;12028
09:51:16;715;1023;715;;11956
09:51:16;715;1023;715;;12028
09:51:17;715;1023;715;;11344
09:51:17;715;1023;715;;11216
09:51:18;715;1023;715;;12004
09:51:18;715;1023;715;;11956
09:51:19;715;1023;715;;11220
09:51:19;715;1023;715;;11268
09:51:20;715;1023;715;;11928
09:51:20;715;1023;715;;11980
09:51:21;715;1023;715;;11392
09:51:21;715;1023;715;;11268
09:51:22;715;1023;715;;11220
09:51:22;715;1023;715;;11264
09:51:23;715;1023;715;;11268
09:51:23;715;1023;715;;11956
09:51:24;715;1023;715;;11316
09:51:24;715;1023;715;;11220
09:51:25;715;1023;715;;11932
09:51:26;715;1023;715;;11956
09:51:26;715;1023;715;;11268
09:51:27;715;1023;715;;11904
09:51:27;715;1023;715;;11912
09:51:28;715;1023;715;;11244
09:51:28;715;1023;715;;11216
09:51:29;715;1023;715;;11344
09:51:29;715;1023;715;;11244
09:51:30;715;1023;715;;11168
09:51:30;715;1023;715;;11340
09:51:31;715;1023;715;;11216
09:51:31;715;1023;715;;11316
09:51:32;715;1023;715;;11264
09:51:32;715;1023;715;;11244
09:51:33;715;1023;715;;11268
09:51:33;715;1023;715;;11272
09:51:34;715;1023;715;;11216
09:51:34;715;1023;715;;11220
09:51:35;715;1023;715;;11912
09:51:35;715;1023;715;;11928
09:51:36;715;1023;715;;11244
09:51:36;715;1023;715;;11240
09:51:37;715;1023;715;;11320
09:51:37;715;1023;715;;11884
09:51:38;715;1023;715;;11192
09:51:38;715;1023;715;;11908
09:51:39;715;1023;715;;11368
09:51:39;715;1023;715;;11340
09:51:40;715;1023;715;;11244
09:51:40;715;1023;715;;11320
09:51:41;715;1023;715;;11388
09:51:41;715;1023;715;;11220
09:51:42;715;1023;715;;11320
09:51:42;715;1023;715;;11388
09:51:43;715;1023;715;;11928
09:51:43;715;1023;715;;11216
09:51:44;715;1023;715;;11216
09:51:44;715;1023;715;;11144
09:51:45;715;1023;715;;11388
09:51:45;715;1023;715;;11956
09:51:46;715;1023;715;;11168
09:51:46;715;1023;715;;11216
09:51:47;715;1023;715;;11344
09:51:47;715;1023;715;;11344
09:51:48;715;1023;715;;11928
09:51:48;715;1023;715;;11292
09:51:49;715;1023;715;;11288
09:51:49;715;1023;715;;11292
09:51:50;715;1023;715;;11192
09:51:50;715;1023;715;;11316
09:51:51;715;1023;715;;11272
09:51:51;715;1023;715;;11884
09:51:52;715;1023;715;;11172
09:51:53;715;1023;715;;11244
09:51:53;715;1023;715;;11168
09:51:54;715;1023;715;;11340
09:51:54;715;1023;715;;11344
09:51:55;715;1023;715;;11340
09:51:55;715;1023;715;;11416
09:51:56;715;1023;715;;11196
09:51:56;715;1023;715;;11368
09:51:57;715;1023;715;;11416
09:51:57;715;1023;715;;11960
09:51:58;715;1023;715;;11224
09:51:58;715;1023;715;;11368
09:51:59;715;1023;715;;11932
09:51:59;715;1023;715;;11320
09:52:00;715;1023;715;;11368
09:52:00;715;1023;715;;11956
09:52:01;715;1023;715;;11956
09:52:01;715;1023;715;;11244
09:52:02;715;1023;715;;11296
09:52:02;715;1023;715;;11316
09:52:03;715;1023;715;;11296
09:52:03;715;1023;715;;11220
09:52:04;715;1023;715;;12104
09:52:04;715;1023;715;;11244
09:52:05;715;1023;715;;12016
09:52:05;715;1023;715;;11956
09:52:06;715;1023;715;;11956
09:52:06;715;1023;715;;11264
09:52:07;715;1023;715;;12008
09:52:07;715;1023;715;;11908
09:52:08;715;1023;715;;11216
09:52:08;715;1023;715;;11932
09:52:09;715;1023;715;;11240
09:52:09;715;1023;715;;11316
09:52:10;715;1023;715;;11220
09:52:10;715;1023;715;;11392
09:52:11;715;1023;715;;11240
09:52:11;715;1023;715;;11316
09:52:12;715;1023;715;;11192
09:52:12;715;1023;715;;11292
09:52:13;715;1023;715;;11140
09:52:13;715;1023;715;;11272
09:52:14;715;1023;715;;11244
09:52:14;715;1023;715;;11244
09:52:15;715;1023;715;;11268
09:52:15;715;1023;715;;11244
09:52:16;715;1023;715;;11340
09:52:16;715;1023;715;;11244
09:52:17;715;1023;715;;11268
09:52:17;715;1023;715;;11368
09:52:18;715;1023;715;;11300
09:52:18;715;1023;715;;11288
09:52:19;715;1023;715;;11196
09:52:20;715;1023;715;;11904
09:52:20;715;1023;715;;12032
09:52:21;715;1023;715;;11368
09:52:21;715;1023;715;;11416
09:52:22;715;1023;715;;11192
09:52:22;715;1023;715;;11932
09:52:23;715;1023;715;;11340
09:52:23;715;1023;715;;11340
09:52:24;715;1023;715;;11268
09:52:24;715;1023;715;;11220
09:52:25;715;1023;715;;11316
09:52:25;715;1023;715;;11364
09:52:26;715;1023;715;;11340
09:52:26;715;1023;715;;11220
09:52:27;715;1023;715;;11316
09:52:27;715;1023;715;;11240
09:52:28;715;1023;715;;11220
09:52:28;715;1023;715;;11240
09:52:29;715;1023;715;;11244
09:52:29;715;1023;715;;11220
09:52:30;715;1023;715;;11316
09:52:30;715;1023;715;;11316
09:52:31;715;1023;715;;11316
09:52:31;715;1023;715;;11928
09:52:32;715;1023;715;;11436
09:52:32;715;1023;715;;12348
09:52:33;715;1023;715;;11368
09:52:33;715;1023;715;;11368
09:52:34;715;1023;715;;11996
09:52:34;715;1023;715;;11296
09:52:35;715;1023;715;;11340
09:52:35;715;1023;715;;11340
09:52:36;715;1023;715;;11932
09:52:36;715;1023;715;;11928
09:52:37;715;1023;715;;11292
09:52:37;715;1023;715;;11268
09:52:38;715;1023;715;;11192
09:52:38;715;1023;715;;11296
09:52:39;715;1023;715;;11292
09:52:39;715;1023;715;;11216
09:52:40;715;1023;715;;11192
09:52:40;715;1023;715;;11316
09:52:41;715;1023;715;;11988
09:52:41;715;1023;715;;11192
09:52:42;715;1023;715;;11984
09:52:42;715;1023;715;;11932
09:52:43;715;1023;715;;11320
09:52:43;715;1023;715;;11316
09:52:44;715;1023;715;;12296
09:52:44;715;1023;715;;11340
09:52:45;715;1023;715;;11292
09:52:45;715;1023;715;;11932
09:52:46;715;1023;715;;11292
09:52:47;715;1023;715;;11244
09:52:47;715;1023;715;;11340
09:52:48;715;1023;715;;11932
09:52:48;715;1023;715;;11244
09:52:49;715;1023;715;;11932
09:52:49;715;1023;715;;11320
09:52:50;715;1023;715;;11960
09:52:50;715;1023;715;;11980
09:52:51;715;1023;715;;11316
09:52:51;715;1023;715;;12036
09:52:52;715;1023;715;;11320
09:52:52;715;1023;715;;11316
09:52:53;715;1023;715;;11272
09:52:53;715;1023;715;;11956
09:52:54;715;1023;715;;11316
09:52:54;715;1023;715;;11956
09:52:55;715;1023;715;;11956
09:52:55;715;1023;715;;11904
09:52:56;715;1023;715;;11932
09:52:56;715;1023;715;;11932
09:52:57;715;1023;715;;11192
09:52:57;715;1023;715;;11364
09:52:58;715;1023;715;;11240
09:52:58;715;1023;715;;11220
09:52:59;715;1023;715;;11952
09:52:59;715;1023;715;;11936
09:53:00;715;1023;715;;11932
09:53:00;715;1023;715;;11340
09:53:01;715;1023;715;;11320
09:53:01;715;1023;715;;11292
09:53:02;715;1023;715;;11192
09:53:02;715;1023;715;;11340
09:53:03;715;1023;715;;11292
09:53:03;715;1023;715;;11344
09:53:04;715;1023;715;;11292
09:53:04;715;1023;715;;11340
09:53:05;715;1023;715;;11292
09:53:05;715;1023;715;;11340
09:53:06;715;1023;715;;11904
09:53:06;715;1023;715;;11292
09:53:07;715;1023;715;;11316
09:53:07;715;1023;715;;11952
09:53:08;715;1023;715;;11956
09:53:08;715;1023;715;;11268
09:53:09;715;1023;715;;11196
09:53:09;715;1023;715;;11932
09:53:10;715;1023;715;;11320
09:53:10;715;1023;715;;11240
09:53:11;715;1023;715;;11292
09:53:11;715;1023;715;;11988
09:53:12;715;1023;715;;11320
09:53:13;715;1023;715;;11192
09:53:13;715;1023;715;;11240
09:53:14;715;1023;715;;11192
09:53:14;715;1023;715;;11880
09:53:15;715;1023;715;;11192
09:53:15;715;1023;715;;11904
09:53:16;715;1023;715;;11240
09:53:16;715;1023;715;;11316
09:53:17;715;1023;715;;11216
09:53:17;715;1023;715;;11196
09:53:18;715;1023;715;;11980
09:53:18;715;1023;715;;11268
09:53:19;715;1023;715;;11196
09:53:19;715;1023;715;;11392
09:53:20;715;1023;715;;11268
09:53:20;715;1023;715;;11316
09:53:21;715;1023;715;;11164
09:53:21;715;1023;715;;11340
09:53:22;715;1023;715;;11980
09:53:22;715;1023;715;;11192
09:53:23;715;1023;715;;11908
09:53:23;715;1023;715;;11984
09:53:24;715;1023;715;;11320
09:53:24;715;1023;715;;11956
09:53:25;715;1023;715;;11192
09:53:25;715;1023;715;;11216
09:53:26;715;1023;715;;11928
09:53:26;715;1023;715;;11168
09:53:27;715;1023;715;;11364
09:53:27;715;1023;715;;11244
09:53:28;715;1023;715;;11240
09:53:28;715;1023;715;;11216
09:53:29;715;1023;715;;11288
09:53:29;715;1023;715;;11316
09:53:30;715;1023;715;;11268
09:53:30;715;1023;715;;11168
09:53:31;715;1023;715;;11392
09:53:31;715;1023;715;;11240
09:53:32;715;1023;715;;11272
09:53:32;715;1023;715;;11240
09:53:33;715;1023;715;;11220
09:53:33;715;1023;715;;11340
09:53:34;715;1023;715;;11340
09:53:34;715;1023;715;;11244
09:53:35;715;1023;715;;11292
09:53:35;715;1023;715;;11192
09:53:36;715;1023;715;;11216
09:53:36;715;1023;715;;11316
09:53:37;715;1023;715;;11244
09:53:37;715;1023;715;;11368
09:53:38;715;1023;715;;11244
09:53:38;715;1023;715;;11392
09:53:39;715;1023;715;;11348
09:53:40;715;1023;715;;11192
09:53:40;715;1023;715;;11344
09:53:41;715;1023;715;;11344
09:53:41;715;1023;715;;11292
09:53:42;715;1023;715;;11216
09:53:42;715;1023;715;;11316
09:53:43;715;1023;715;;11392
09:53:43;715;1023;715;;11292
09:53:44;715;1023;715;;11216
09:53:44;715;1023;715;;11264
09:53:45;715;1023;715;;11392
09:53:45;715;1023;715;;12032
09:53:46;715;1023;715;;11392
09:53:46;715;1023;715;;11268
09:53:47;715;1023;715;;11192
09:53:47;715;1023;715;;11292
09:53:48;715;1023;715;;11292
09:53:48;715;1023;715;;11192
09:53:49;715;1023;715;;11364
09:53:49;715;1023;715;;11268
09:53:50;715;1023;715;;11368
09:53:50;715;1023;715;;11340
09:53:51;715;1023;715;;11192
09:53:51;715;1023;715;;11344
09:53:52;715;1023;715;;11344
09:53:52;715;1023;715;;11340
09:53:53;715;1023;715;;11292
09:53:53;715;1023;715;;11292
09:53:54;715;1023;715;;11172
09:53:54;715;1023;715;;11244
09:53:55;715;1023;715;;11168
09:53:55;715;1023;715;;11220
09:53:56;715;1023;715;;11320
09:53:56;715;1023;715;;11244
09:53:57;715;1023;715;;11316
09:53:57;715;1023;715;;11272
09:53:58;715;1023;715;;11316
09:53:58;715;1023;715;;11192
09:53:59;715;1023;715;;11216
09:53:59;715;1023;715;;11368
09:54:00;715;1023;715;;11320
09:54:00;715;1023;715;;11268
09:54:01;715;1023;715;;11344
09:54:01;715;1023;715;;11324
09:54:02;715;1023;715;;11960
09:54:02;715;1023;715;;11196
09:54:03;715;1023;715;;11368
09:54:03;715;1023;715;;11192
09:54:04;715;1023;715;;11244
09:54:04;715;1023;715;;11320
09:54:05;715;1023;715;;11192
09:54:05;715;1023;715;;11320
09:54:06;715;1023;715;;11316
09:54:07;715;1023;715;;11216
09:54:07;715;1023;715;;11416
09:54:08;715;1023;715;;11956
09:54:08;715;1023;715;;11292
09:54:09;715;1023;715;;11264
09:54:09;715;1023;715;;11216
09:54:10;715;1023;715;;11936
09:54:10;715;1023;715;;11316
09:54:11;715;1023;715;;11168
09:54:11;715;1023;715;;11216
09:54:12;715;1023;715;;11220
09:54:12;715;1023;715;;11368
09:54:13;715;1023;715;;11144
09:54:13;715;1023;715;;11220
09:54:14;715;1023;715;;11192
09:54:14;715;1023;715;;11416
09:54:15;715;1023;715;;11192
09:54:15;715;1023;715;;11444
09:54:16;715;1023;715;;11244
09:54:16;715;1023;715;;11364
09:54:17;715;1023;715;;11344
09:54:17;715;1023;715;;11268
09:54:18;715;1023;715;;11292
09:54:18;715;1023;715;;11216
09:54:19;715;1023;715;;11216
09:54:19;715;1023;715;;11220
09:54:20;715;1023;715;;11224
09:54:20;715;1023;715;;11340
09:54:21;715;1023;715;;11248
09:54:21;715;1023;715;;11956
09:54:22;715;1023;715;;11244
09:54:22;715;1023;715;;12004
09:54:23;715;1023;715;;11244
09:54:23;715;1023;715;;11220
09:54:24;715;1023;715;;11320
09:54:24;715;1023;715;;11904
09:54:25;715;1023;715;;11192
09:54:25;715;1023;715;;11292
09:54:26;715;1023;715;;11192
09:54:26;715;1023;715;;11340
09:54:27;715;1023;715;;11268
09:54:27;715;1023;715;;12012
09:54:28;715;1023;715;;11316
09:54:28;715;1023;715;;11344
09:54:29;715;1023;715;;11956
09:54:29;715;1023;715;;11908
09:54:30;715;1023;715;;11172
09:54:30;715;1023;715;;11340
09:54:31;715;1023;715;;11928
09:54:31;715;1023;715;;11988
09:54:32;715;1023;715;;11980
09:54:32;715;1023;715;;11996
09:54:33;715;1023;715;;12012
09:54:34;715;1023;715;;11192
09:54:34;715;1023;715;;11392
09:54:35;714;1023;715;;11268
09:54:35;714;1023;715;;11268
09:54:36;715;1023;715;;11268
09:54:36;715;1023;715;;11956
09:54:37;715;1023;715;;11296
09:54:37;715;1023;715;;11240
09:54:38;715;1023;715;;11292
09:54:38;715;1023;715;;11368
09:54:39;715;1023;715;;11268
09:54:39;715;1023;715;;11268
09:54:40;715;1023;715;;11272
09:54:40;715;1023;715;;11244
09:54:41;715;1023;715;;11340
09:54:41;715;1023;715;;11292
09:54:42;715;1023;715;;11268
09:54:42;715;1023;715;;11292
09:54:43;715;1023;715;;11340
09:54:43;715;1023;715;;11344
09:54:44;715;1023;715;;11368
09:54:44;715;1023;715;;11368
09:54:45;715;1023;715;;11240
09:54:45;715;1023;715;;11416
09:54:46;715;1023;715;;11344
09:54:46;715;1023;715;;11176
09:54:47;715;1023;715;;11296
09:54:47;715;1023;715;;11340
09:54:48;715;1023;715;;11248
09:54:48;715;1023;715;;11292
09:54:49;715;1023;715;;12028
09:54:49;715;1023;715;;11244
09:54:50;715;1023;715;;11952
09:54:50;715;1023;715;;11244
09:54:51;715;1023;715;;11316
09:54:51;715;1023;715;;11216
09:54:52;715;1023;715;;12008
09:54:52;715;1023;715;;11960
09:54:53;715;1023;715;;11220
09:54:53;715;1023;715;;11196
09:54:54;715;1023;715;;11292
09:54:54;715;1023;715;;11216
09:54:55;715;1023;715;;11932
09:54:55;715;1023;715;;11340
09:54:56;715;1023;715;;11344
09:54:56;715;1023;715;;11344
09:54:57;715;1023;715;;11880
09:54:57;715;1023;715;;11244
09:54:58;715;1023;715;;11216
09:54:58;715;1023;715;;11240
09:54:59;715;1023;715;;11340
09:55:00;715;1023;715;;11244
09:55:00;715;1023;715;;11216
09:55:01;715;1023;715;;11344
09:55:01;715;1023;715;;11216
09:55:02;715;1023;715;;11344
09:55:02;715;1023;715;;11316
09:55:03;715;1023;715;;11340
09:55:03;715;1023;715;;11392
09:55:04;715;1023;715;;11292
09:55:04;715;1023;715;;11364
09:55:05;715;1023;715;;11908
09:55:05;715;1023;715;;11984
09:55:06;715;1023;715;;6208
09:55:06;715;1023;715;;6788
09:55:07;715;1023;715;;6640
09:55:07;715;1023;715;;11548
09:55:08;715;1023;715;;11596
09:55:08;715;1023;715;;6724
09:55:09;715;1023;715;;7024
09:55:09;715;1023;715;;7076
09:55:10;715;1023;715;;8588
09:55:10;715;1023;715;;7424
09:55:11;715;1023;715;;7000
09:55:11;715;1023;715;;9936
09:55:12;715;1023;715;;13380
09:55:12;715;1023;715;;13508
09:55:13;715;1023;715;;7132
09:55:13;715;1023;715;;7240
09:55:14;715;1023;715;;10684
09:55:14;715;1023;715;;13512
09:55:15;714;1023;714;;7184
09:55:15;714;1023;714;;13532
09:55:16;712;1023;712;;7256
09:55:16;712;1023;712;;13532
09:55:17;710;1023;710;;11592
09:55:17;710;1023;710;;7100
09:55:18;710;1023;710;;11640
09:55:18;710;1023;710;;12244
09:55:19;709;1023;709;;11720
09:55:19;709;1023;709;;12368
09:55:20;709;1023;709;;13504
09:55:20;709;1023;709;;12360
09:55:21;709;1023;709;;13552
09:55:21;709;1023;709;;7304
09:55:22;709;1023;709;;7380
09:55:22;709;1023;709;;6788
09:55:23;709;1023;709;;11568
09:55:23;709;1023;709;;6912
09:55:24;709;1023;710;;6812
09:55:24;709;1023;710;;11512
09:55:25;709;1023;709;;6220
09:55:25;709;1023;709;;6316
09:55:26;709;1023;709;;11500
09:55:26;709;1023;709;;11516
09:55:27;709;1023;709;;11548
09:55:27;709;1023;709;;11544
09:55:28;709;1023;709;;6900
09:55:28;709;1023;709;;6900
09:55:29;709;1023;709;;12384
09:55:29;709;1023;709;;11508
09:55:30;709;1023;709;;7124
09:55:30;709;1023;709;;11516
09:55:31;709;1023;709;;12264
09:55:32;710;1023;710;;7228
09:55:32;710;1023;710;;7188
09:55:33;710;1023;710;;7068
09:55:33;710;1023;710;;6148
09:55:34;710;1023;710;;7392
09:55:34;710;1023;710;;7440
09:55:35;710;1023;710;;7336
09:55:35;710;1023;710;;7064
09:55:36;710;1023;711;;6884
09:55:36;710;1023;711;;13576
09:55:37;711;1023;711;;6564
09:55:37;711;1023;711;;7224
09:55:38;711;1023;711;;11036
09:55:38;711;1023;711;;7060
09:55:39;711;1023;711;;7084
09:55:39;711;1023;711;;7200
09:55:40;711;1023;711;;11012
09:55:40;711;1023;711;;11136
09:55:41;711;1023;711;;11012
09:55:41;711;1023;711;;5792
09:55:42;711;1023;711;;10968
09:55:42;711;1023;711;;6380
09:55:43;711;1023;711;;6456
09:55:43;711;1023;711;;6924
09:55:44;711;1023;711;;7400
09:55:44;711;1023;711;;7052
09:55:45;711;1023;711;;7868
09:55:45;711;1023;711;;11064
09:55:46;711;1023;711;;7572
09:55:46;711;1023;711;;10964
09:55:47;710;1023;711;;11040
09:55:47;710;1023;711;;10940
09:55:48;710;1023;711;;11016
09:55:48;710;1023;711;;11068
09:55:49;710;1023;711;;13668
09:55:49;710;1023;711;;11044
09:55:50;710;1023;711;;11044
09:55:50;710;1023;711;;11044
09:55:51;710;1023;710;;10992
09:55:51;710;1023;710;;11012
09:55:52;710;1023;711;;11012
09:55:52;710;1023;711;;9224
09:55:53;710;1023;711;;10960
09:55:53;710;1023;711;;11136
09:55:54;710;1023;711;;12408
09:55:54;710;1023;711;;11040
09:55:55;710;1023;711;;12096
09:55:55;710;1023;711;;13768
09:55:56;711;1023;711;;11972
09:55:56;711;1023;711;;11944
09:55:57;711;1023;711;;13844
09:55:57;711;1023;711;;11996
09:55:58;711;1023;711;;12504
09:55:58;711;1023;711;;11036
09:55:59;711;1023;711;;11016
09:55:59;711;1023;711;;11036
09:56:00;711;1023;711;;11064
09:56:00;711;1023;711;;11088
09:56:01;711;1023;711;;11112
09:56:01;711;1023;711;;11016
09:56:02;711;1023;711;;11144
09:56:03;711;1023;711;;11020
09:56:03;711;1023;711;;10988
09:56:04;711;1023;711;;11064
09:56:04;711;1023;711;;11164
09:56:05;711;1023;711;;10968
09:56:05;711;1023;711;;11016
09:56:06;711;1023;711;;11064
09:56:06;711;1023;711;;11016
09:56:07;711;1023;711;;11064
09:56:07;711;1023;711;;11016
09:56:08;711;1023;711;;10992
09:56:08;711;1023;711;;11044
09:56:09;711;1023;711;;11004
09:56:09;711;1023;711;;11044
09:56:10;711;1023;711;;10992
09:56:10;711;1023;711;;10976
09:56:11;711;1023;711;;11044
09:56:11;711;1023;711;;11016
09:56:12;711;1023;711;;11096
09:56:12;711;1023;711;;11064
09:56:13;711;1023;711;;12360
09:56:13;711;1023;711;;11020
09:56:14;711;1023;711;;11016
09:56:14;711;1023;711;;11068
09:56:15;711;1023;711;;11092
09:56:15;711;1023;711;;11020
09:56:16;711;1023;711;;11068
09:56:16;711;1023;711;;11072
09:56:17;711;1023;711;;11004
09:56:17;711;1023;711;;11044
09:56:18;711;1023;711;;10992
09:56:18;711;1023;711;;11020
09:56:19;711;1023;711;;11020
09:56:19;711;1023;711;;11020
09:56:20;711;1023;711;;11040
09:56:20;711;1023;711;;11020
09:56:21;711;1023;711;;10996
09:56:21;711;1023;711;;10996
09:56:22;711;1023;711;;10992
09:56:22;711;1023;711;;10992
09:56:23;711;1023;711;;11040
09:56:23;711;1023;711;;11064
09:56:24;711;1023;711;;11020
09:56:24;711;1023;711;;10992
09:56:25;711;1023;711;;10972
09:56:25;711;1023;711;;11044
09:56:26;711;1023;711;;10992
09:56:26;711;1023;711;;11096
09:56:27;711;1023;711;;11044
09:56:27;711;1023;711;;10992
09:56:28;711;1023;711;;10992
09:56:28;711;1023;711;;11020
09:56:29;711;1023;711;;10996
09:56:29;711;1023;711;;11044
09:56:30;711;1023;711;;11000
09:56:30;711;1023;711;;10992
09:56:31;711;1023;711;;11052
09:56:32;711;1023;711;;11048
09:56:32;711;1023;711;;11068
09:56:33;711;1023;711;;10996
09:56:33;711;1023;711;;10968
09:56:34;711;1023;711;;10996
09:56:34;711;1023;711;;11016
09:56:35;711;1023;711;;10996
09:56:35;711;1023;711;;11044
09:56:36;711;1023;711;;11040
09:56:36;711;1023;711;;10988
09:56:37;711;1023;711;;11072
09:56:37;711;1023;711;;10988
09:56:38;711;1023;711;;11044
09:56:38;711;1023;711;;10992
09:56:39;711;1023;711;;10992
09:56:39;711;1023;711;;11092
09:56:40;711;1023;711;;10980
09:56:40;711;1023;711;;11040
09:56:41;711;1023;711;;10968
09:56:41;711;1023;711;;11040
09:56:42;711;1023;711;;10996
09:56:42;711;1023;711;;11040
09:56:43;711;1023;711;;10996
09:56:43;711;1023;711;;10996
09:56:44;711;1023;711;;11068
09:56:44;711;1023;711;;11068
09:56:45;711;1023;711;;11020
09:56:45;711;1023;711;;11024
09:56:46;711;1023;711;;10992
09:56:46;711;1023;711;;10996
09:56:47;711;1023;711;;10992
09:56:47;711;1023;711;;10992
09:56:48;711;1023;711;;10940
09:56:48;711;1023;711;;10988
09:56:49;711;1023;711;;11020
09:56:49;711;1023;711;;10996
09:56:50;711;1023;711;;11048
09:56:50;711;1023;711;;11016
09:56:51;711;1023;711;;10988
09:56:51;711;1023;711;;11044
09:56:52;711;1023;711;;11016
09:56:52;711;1023;711;;11040
09:56:53;711;1023;711;;11020
09:56:53;711;1023;711;;10992
09:56:54;711;1023;711;;11044
09:56:54;711;1023;711;;11044
09:56:55;711;1023;711;;10996
09:56:55;711;1023;711;;10976
09:56:56;711;1023;711;;10972
09:56:56;711;1023;711;;11000
09:56:57;711;1023;711;;11044
09:56:57;711;1023;711;;11020
09:56:58;711;1023;711;;10996
09:56:58;711;1023;711;;11000
09:56:59;711;1023;711;;10992
09:56:59;711;1023;711;;10968
09:57:00;711;1023;711;;10968
09:57:01;711;1023;711;;11044
09:57:01;711;1023;711;;10996
09:57:02;711;1023;711;;11044
09:57:02;711;1023;711;;10968
09:57:03;711;1023;711;;10972
09:57:03;711;1023;711;;10992
09:57:04;711;1023;711;;10968
09:57:04;711;1023;711;;10992
09:57:05;711;1023;711;;11044
09:57:05;711;1023;711;;11000
09:57:06;711;1023;711;;11016
09:57:06;711;1023;711;;10992
09:57:07;711;1023;711;;10996
09:57:07;711;1023;711;;10984
09:57:08;711;1023;711;;11024
09:57:08;711;1023;711;;11016
09:57:09;711;1023;711;;11044
09:57:09;711;1023;711;;11016
09:57:10;711;1023;711;;11016
09:57:10;711;1023;711;;11120
09:57:11;711;1023;711;;11044
09:57:11;711;1023;711;;11044
09:57:12;711;1023;711;;11020
09:57:12;711;1023;711;;10992
09:57:13;711;1023;711;;10996
09:57:13;711;1023;711;;10996
09:57:14;711;1023;711;;11044
09:57:14;711;1023;711;;10972
09:57:15;711;1023;711;;11068
09:57:15;711;1023;711;;10984
09:57:16;711;1023;711;;10980
09:57:16;711;1023;711;;11092
09:57:17;711;1023;711;;11052
09:57:17;711;1023;711;;10996
09:57:18;711;1023;711;;10996
09:57:18;711;1023;711;;11120
09:57:19;711;1023;711;;11024
09:57:19;711;1023;711;;11020
09:57:20;711;1023;711;;11020
09:57:20;711;1023;711;;10992
09:57:21;711;1023;711;;11044
09:57:21;711;1023;711;;10996
09:57:22;711;1023;711;;10992
09:57:22;711;1023;711;;11008
09:57:23;711;1023;711;;11072
09:57:23;711;1023;711;;10992
09:57:24;711;1023;711;;11000
09:57:24;711;1023;711;;10996
09:57:25;711;1023;711;;11020
09:57:25;711;1023;711;;11020
09:57:26;711;1023;712;;10996
09:57:26;711;1023;712;;11020
09:57:27;711;1023;712;;10976
09:57:27;711;1023;712;;11076
09:57:28;711;1023;712;;11052
09:57:28;711;1023;712;;10988
09:57:29;711;1023;712;;10996
09:57:30;711;1023;712;;11048
09:57:30;711;1023;712;;11000
09:57:31;711;1023;712;;10996
09:57:31;711;1023;712;;11020
09:57:32;711;1023;712;;10996
09:57:32;711;1023;712;;10996
09:57:33;711;1023;712;;11096
09:57:33;711;1023;712;;11096
09:57:34;711;1023;712;;11020
09:57:34;711;1023;712;;11000
09:57:35;711;1023;712;;10996
09:57:35;711;1023;712;;10972
09:57:36;711;1023;712;;11000
09:57:36;711;1023;712;;11096
09:57:37;711;1023;712;;11100
09:57:37;711;1023;712;;10972
09:57:38;711;1023;712;;11020
09:57:38;711;1023;712;;10996
09:57:39;712;1023;712;;11024
09:57:39;712;1023;712;;11024
09:57:40;712;1023;712;;10996
09:57:40;712;1023;712;;11076
09:57:41;711;1023;712;;11024
09:57:41;711;1023;712;;11000
09:57:42;712;1023;712;;10972
09:57:42;712;1023;712;;10992
09:57:43;712;1023;712;;10996
09:57:43;712;1023;712;;10996
09:57:44;712;1023;712;;10996
09:57:44;712;1023;712;;11000
09:57:45;712;1023;712;;10972
09:57:45;712;1023;712;;11048
09:57:46;712;1023;712;;11052
09:57:46;712;1023;712;;11004
09:57:47;712;1023;712;;11048
09:57:47;712;1023;712;;11000
09:57:48;712;1023;712;;10972
09:57:48;712;1023;712;;11020
09:57:49;712;1023;712;;10996
09:57:49;712;1023;712;;10972
09:57:50;712;1023;712;;10996
09:57:50;712;1023;712;;11052
09:57:51;712;1023;712;;10996
09:57:51;712;1023;712;;10972
09:57:52;712;1023;712;;10972
09:57:52;712;1023;712;;11048
09:57:53;712;1023;712;;10944
09:57:53;712;1023;712;;11000
09:57:54;712;1023;712;;10996
09:57:54;712;1023;712;;11008
09:57:55;712;1023;712;;11028
09:57:55;712;1023;712;;11024
09:57:56;712;1023;712;;10996
09:57:56;712;1023;712;;11000
09:57:57;712;1023;712;;10996
09:57:57;712;1023;712;;10996
09:57:58;712;1023;712;;10996
09:57:58;712;1023;712;;10972
09:57:59;712;1023;712;;11028
09:58:00;712;1023;712;;11024
09:58:00;712;1023;712;;10996
09:58:01;712;1023;712;;11072
09:58:01;712;1023;712;;11096
09:58:02;712;1023;712;;11000
09:58:02;712;1023;712;;11000
09:58:03;712;1023;712;;11020
09:58:03;712;1023;712;;10996
09:58:04;712;1023;712;;11020
09:58:04;712;1023;712;;10996
09:58:05;712;1023;712;;10996
09:58:05;712;1023;712;;11048
09:58:06;712;1023;712;;10996
09:58:06;712;1023;712;;10996
09:58:07;712;1023;712;;11000
09:58:07;712;1023;712;;11020
09:58:08;712;1023;712;;11024
09:58:08;712;1023;712;;11024
09:58:09;712;1023;712;;11044
09:58:09;712;1023;712;;11120
09:58:10;712;1023;712;;10996
09:58:10;712;1023;712;;10992
09:58:11;712;1023;712;;10976
09:58:11;712;1023;712;;10996
09:58:12;712;1023;712;;11000
09:58:12;712;1023;712;;10996
09:58:13;712;1023;712;;11044
09:58:13;712;1023;712;;10972
09:58:14;712;1023;712;;11024
09:58:14;712;1023;712;;10996
09:58:15;712;1023;712;;10948
09:58:15;712;1023;712;;10944
09:58:16;712;1023;712;;10996
09:58:16;712;1023;712;;10996
09:58:17;712;1023;712;;11044
09:58:17;712;1023;712;;11052
09:58:18;712;1023;712;;10996
09:58:18;712;1023;712;;10996
09:58:19;712;1023;712;;11020
09:58:19;712;1023;712;;11024
09:58:20;712;1023;712;;11072
09:58:20;712;1023;712;;11020
09:58:21;712;1023;712;;10996
09:58:21;712;1023;712;;11124
09:58:22;712;1023;712;;10996
09:58:22;712;1023;712;;11072
09:58:23;712;1023;712;;11048
09:58:23;712;1023;712;;10996
09:58:24;712;1023;712;;10996
09:58:24;712;1023;712;;11052
09:58:25;712;1023;712;;11020
09:58:25;712;1023;712;;10996
09:58:26;712;1023;712;;11048
09:58:26;712;1023;712;;11068
09:58:27;712;1023;712;;11052
09:58:27;712;1023;712;;10996
09:58:28;712;1023;712;;11048
09:58:29;712;1023;712;;11000
09:58:29;712;1023;712;;10996
09:58:30;712;1023;712;;11076
09:58:30;712;1023;712;;11092
09:58:31;712;1023;712;;11000
09:58:31;712;1023;712;;10972
09:58:32;712;1023;712;;10996
09:58:32;712;1023;712;;11000
09:58:33;712;1023;712;;11072
09:58:33;712;1023;712;;11052
09:58:34;712;1023;712;;10996
09:58:34;712;1023;712;;10980
09:58:35;712;1023;712;;11052
09:58:35;712;1023;712;;11048
09:58:36;712;1023;712;;11020
09:58:36;712;1023;712;;10996
09:58:37;712;1023;712;;10996
09:58:37;712;1023;712;;10976
09:58:38;712;1023;712;;10996
09:58:38;712;1023;712;;11024
09:58:39;712;1023;712;;10964
09:58:39;712;1023;712;;11020
09:58:40;712;1023;712;;10972
09:58:40;712;1023;712;;11024
09:58:41;712;1023;712;;10972
09:58:41;712;1023;712;;10996
09:58:42;712;1023;712;;11072
09:58:42;712;1023;712;;11048
09:58:43;712;1023;712;;11000
09:58:43;712;1023;712;;10980
09:58:44;712;1023;712;;11020
09:58:44;712;1023;712;;11024
09:58:45;712;1023;712;;11024
09:58:45;712;1023;712;;11020
09:58:46;712;1023;712;;10972
09:58:46;712;1023;712;;11048
09:58:47;712;1023;712;;11052
09:58:47;712;1023;712;;11024
09:58:48;712;1023;712;;10972
09:58:48;712;1023;712;;10972
09:58:49;712;1023;712;;11024
09:58:49;712;1023;712;;10996
09:58:50;712;1023;712;;10996
09:58:50;712;1023;712;;11024
09:58:51;712;1023;712;;10976
09:58:51;712;1023;712;;11020
09:58:52;712;1023;712;;11000
09:58:52;712;1023;712;;10972
09:58:53;712;1023;712;;11048
09:58:53;712;1023;712;;11024
09:58:54;712;1023;712;;11096
09:58:54;712;1023;712;;11024
09:58:55;712;1023;712;;11048
09:58:55;712;1023;712;;11048
09:58:56;712;1023;712;;11024
09:58:56;712;1023;712;;11048
09:58:57;712;1023;712;;11020
09:58:58;712;1023;712;;11124
09:58:58;712;1023;712;;10972
09:58:59;712;1023;712;;11024
09:58:59;712;1023;712;;11020
09:59:00;712;1023;712;;10968
09:59:00;712;1023;712;;11076
09:59:01;712;1023;712;;10976
09:59:01;712;1023;712;;11024
09:59:02;712;1023;712;;11024
09:59:02;712;1023;712;;11024
09:59:03;712;1023;712;;11076
09:59:03;712;1023;712;;10996
09:59:04;712;1023;712;;10976
09:59:04;712;1023;712;;11020
09:59:05;712;1023;712;;11000
09:59:05;712;1023;712;;11000
09:59:06;712;1023;712;;11024
09:59:06;712;1023;712;;10976
09:59:07;712;1023;712;;10972
09:59:07;712;1023;712;;10996
09:59:08;712;1023;712;;10972
09:59:08;712;1023;712;;11000
09:59:09;712;1023;712;;11052
09:59:09;712;1023;712;;11020
09:59:10;712;1023;712;;11024
09:59:10;712;1023;712;;11068
09:59:11;712;1023;712;;11000
09:59:11;712;1023;712;;11024
09:59:12;712;1023;712;;11024
09:59:12;712;1023;712;;11020
09:59:13;712;1023;712;;11004
09:59:13;712;1023;712;;11024
09:59:14;712;1023;712;;11000
09:59:14;712;1023;712;;10972
09:59:15;712;1023;712;;11024
09:59:15;712;1023;712;;10980
09:59:16;712;1023;712;;11152
09:59:16;712;1023;712;;11000
09:59:17;712;1023;712;;11024
09:59:17;712;1023;712;;10996
09:59:18;712;1023;712;;10996
09:59:18;712;1023;712;;11024
09:59:19;712;1023;712;;11000
09:59:19;712;1023;712;;11096
09:59:20;712;1023;712;;11048
09:59:20;712;1023;712;;11000
09:59:21;712;1023;712;;11028
09:59:21;712;1023;712;;11148
09:59:22;712;1023;712;;10972
09:59:22;712;1023;712;;10976
09:59:23;712;1023;712;;10996
09:59:23;712;1023;712;;10972
09:59:24;712;1023;712;;10996
09:59:24;712;1023;712;;11048
09:59:25;712;1023;712;;10948
09:59:25;712;1023;712;;11000
09:59:26;712;1023;712;;11004
09:59:27;712;1023;712;;11000
09:59:27;712;1023;712;;11024
09:59:28;712;1023;712;;11072
09:59:28;712;1023;712;;11028
09:59:29;712;1023;712;;10996
09:59:29;712;1023;712;;11048
09:59:30;712;1023;712;;11000
09:59:30;712;1023;712;;11024
09:59:31;712;1023;712;;10980
09:59:31;712;1023;712;;11016
09:59:32;712;1023;712;;10996
09:59:32;712;1023;712;;11020
09:59:33;712;1023;712;;11104
09:59:33;712;1023;712;;10996
09:59:34;712;1023;712;;11048
09:59:34;712;1023;712;;10996
09:59:35;712;1023;712;;10988
09:59:35;712;1023;712;;10976
09:59:36;712;1023;712;;11068
09:59:36;712;1023;712;;11100
09:59:37;712;1023;712;;11004
09:59:37;712;1023;712;;11024
09:59:38;712;1023;712;;11120
09:59:38;712;1023;712;;11020
09:59:39;712;1023;712;;11024
09:59:39;712;1023;712;;11024
09:59:40;712;1023;712;;11052
09:59:40;712;1023;712;;10996
09:59:41;712;1023;712;;11024
09:59:41;712;1023;712;;11024
09:59:42;712;1023;712;;11068
09:59:42;712;1023;712;;11076
09:59:43;712;1023;712;;11024
09:59:43;712;1023;712;;11008
09:59:44;712;1023;712;;11024
09:59:44;712;1023;712;;10992
09:59:45;712;1023;712;;10972
09:59:45;712;1023;712;;11048
09:59:46;712;1023;712;;11028
09:59:46;712;1023;712;;11000
09:59:47;712;1023;712;;11052
09:59:47;712;1023;712;;10976
09:59:48;712;1023;712;;11052
09:59:48;712;1023;712;;11020
09:59:49;712;1023;713;;11024
09:59:49;712;1023;713;;11024
09:59:50;712;1023;713;;11024
09:59:50;712;1023;713;;11044
09:59:51;712;1023;712;;11048
09:59:51;712;1023;712;;11020
09:59:52;712;1023;713;;11000
09:59:52;712;1023;713;;11024
09:59:53;712;1023;712;;11000
09:59:53;712;1023;712;;10976
09:59:54;712;1023;712;;11008
09:59:54;712;1023;712;;11028
09:59:55;712;1023;713;;11052
09:59:56;712;1023;713;;10976
09:59:56;712;1023;713;;10996
09:59:57;713;1023;713;;11000
09:59:57;713;1023;713;;11028
09:59:58;713;1023;713;;11048
09:59:58;713;1023;713;;11000
09:59:59;713;1023;713;;11024
09:59:59;713;1023;713;;11028
