11:57:34;714;1023;714;;8180
11:57:35;714;1023;714;;8700
11:57:35;714;1023;714;;8584
11:57:36;715;1023;714;;6680
11:57:36;715;1023;714;;6888
11:57:37;715;1023;715;;8136
11:57:37;715;1023;715;;6556
11:57:38;715;1023;715;;7532
11:57:38;715;1023;715;;6072
11:57:39;715;1023;715;;5848
11:57:39;715;1023;715;;6032
11:57:40;715;1023;714;;6000
11:57:40;715;1023;714;;6328
11:57:41;715;1023;714;;6004
11:57:41;715;1023;714;;7124
11:57:42;715;1023;714;;7084
11:57:42;715;1023;714;;6864
11:57:43;715;1023;714;;6808
11:57:43;715;1023;714;;8996
11:57:44;715;1023;714;;6912
11:57:44;715;1023;714;;7548
11:57:45;715;1023;714;;7632
11:57:45;715;1023;714;;7156
11:57:46;715;1023;714;;6220
11:57:46;715;1023;714;;6484
11:57:47;715;1023;714;;6076
11:57:47;715;1023;714;;7836
11:57:48;715;1023;714;;6496
11:57:48;715;1023;714;;6292
11:57:49;715;1023;714;;6140
11:57:49;715;1023;714;;6332
11:57:50;715;1023;714;;6472
11:57:50;715;1023;714;;7140
11:57:51;715;1023;714;;6556
11:57:51;715;1023;714;;6908
11:57:52;715;1023;714;;6888
11:57:52;715;1023;714;;10008
11:57:53;715;1023;714;;7372
11:57:53;715;1023;714;;9076
11:57:54;715;1023;714;;6660
11:57:54;715;1023;714;;9008
11:57:55;715;1023;714;;7088
11:57:55;715;1023;714;;6192
11:57:56;715;1023;714;;5024
11:57:56;715;1023;714;;9080
11:57:57;715;1023;714;;8912
11:57:57;715;1023;714;;10088
11:57:58;715;1023;714;;10016
11:57:58;715;1023;714;;10036
11:57:59;715;1023;715;;8936
11:57:59;715;1023;715;;9964
11:58:00;715;1023;714;;9964
11:58:00;715;1023;714;;10036
11:58:01;715;1023;714;;10040
11:58:01;715;1023;714;;8988
11:58:02;715;1023;714;;10040
11:58:02;715;1023;714;;8844
11:58:03;715;1023;714;;6668
11:58:03;715;1023;714;;4984
11:58:04;715;1023;714;;7700
11:58:04;715;1023;714;;7480
11:58:05;715;1023;714;;9036
11:58:06;715;1023;714;;9128
11:58:06;715;1023;714;;10132
11:58:07;715;1023;714;;7060
11:58:07;715;1023;714;;6156
11:58:08;715;1023;714;;7716
11:58:08;715;1023;714;;6164
11:58:11;715;1023;714;;6168
11:58:12;715;1023;714;;6236
11:58:12;715;1023;714;;7752
11:58:13;715;1023;714;;7068
11:58:13;715;1023;714;;6372
11:58:14;714;1023;714;;6244
11:58:14;714;1023;714;;6116
11:58:15;715;1023;714;;8496
11:58:15;715;1023;714;;8864
11:58:16;715;1023;714;;8360
11:58:16;715;1023;714;;8944
11:58:17;715;1023;714;;7620
11:58:17;715;1023;714;;9032
11:58:18;715;1023;714;;6892
11:58:18;715;1023;714;;6732
11:58:19;715;1023;714;;10320
11:58:19;715;1023;714;;6840
11:58:20;715;1023;714;;10416
11:58:20;715;1023;714;;10156
11:58:21;715;1023;714;;10004
11:58:21;715;1023;714;;7708
11:58:22;715;1023;714;;8112
11:58:22;715;1023;714;;8868
11:58:23;715;1023;714;;6352
11:58:23;715;1023;714;;6476
11:58:24;715;1023;714;;6344
11:58:24;715;1023;714;;6496
11:58:25;715;1023;714;;6440
11:58:25;715;1023;714;;6432
11:58:26;715;1023;714;;6532
11:58:26;715;1023;714;;6444
11:58:27;715;1023;714;;6472
11:58:27;715;1023;714;;6320
11:58:28;715;1023;714;;6392
11:58:28;715;1023;714;;6300
11:58:29;715;1023;714;;6444
11:58:29;715;1023;714;;7784
11:58:30;715;1023;714;;6396
11:58:30;715;1023;714;;10092
11:58:31;715;1023;714;;10112
11:58:31;715;1023;714;;7748
11:58:32;715;1023;714;;10068
11:58:32;715;1023;714;;10040
11:58:33;715;1023;714;;10116
11:58:33;715;1023;714;;7712
11:58:34;715;1023;714;;7788
11:58:34;715;1023;714;;7416
11:58:35;715;1023;714;;7532
11:58:35;715;1023;714;;6860
11:58:36;715;1023;714;;6856
11:58:36;715;1023;714;;7700
11:58:37;715;1023;714;;6644
11:58:37;715;1023;714;;7260
11:58:38;715;1023;714;;6768
11:58:38;715;1023;714;;6860
11:58:39;715;1023;714;;6724
11:58:39;715;1023;714;;8036
11:58:40;715;1023;714;;7768
11:58:40;715;1023;714;;7728
11:58:41;715;1023;714;;7788
11:58:41;715;1023;714;;7696
11:58:42;715;1023;714;;7732
11:58:42;715;1023;714;;10060
11:58:43;715;1023;714;;8148
11:58:43;715;1023;714;;10064
11:58:44;715;1023;714;;10112
11:58:44;715;1023;714;;10064
11:58:45;715;1023;714;;6392
11:58:45;715;1023;714;;10064
11:58:46;715;1023;714;;6420
11:58:47;715;1023;714;;6328
11:58:47;715;1023;714;;10072
11:58:48;715;1023;714;;10088
11:58:48;715;1023;714;;10064
11:58:49;715;1023;714;;10060
11:58:49;715;1023;714;;10068
11:58:50;715;1023;714;;10088
11:58:50;715;1023;714;;10040
11:58:51;715;1023;714;;10116
11:58:51;715;1023;714;;10092
11:58:52;715;1023;714;;10092
11:58:52;715;1023;714;;10040
11:58:53;715;1023;714;;10068
11:58:53;715;1023;714;;10072
11:58:54;715;1023;714;;10044
11:58:54;715;1023;714;;10040
11:58:55;715;1023;714;;10044
11:58:55;715;1023;714;;10040
11:58:56;715;1023;714;;10116
11:58:56;715;1023;714;;10044
11:58:57;715;1023;714;;10040
11:58:57;715;1023;714;;10064
11:58:58;715;1023;714;;10040
11:58:58;715;1023;714;;10064
11:58:59;715;1023;714;;10040
11:58:59;715;1023;714;;10040
11:59:00;715;1023;714;;10036
11:59:00;715;1023;714;;10036
11:59:01;715;1023;714;;10036
11:59:01;715;1023;714;;10068
11:59:02;714;1023;714;;10040
11:59:02;714;1023;714;;10112
11:59:03;714;1023;714;;10040
11:59:03;714;1023;714;;6584
11:59:04;714;1023;714;;10092
11:59:04;714;1023;714;;10040
11:59:05;714;1023;714;;10064
11:59:05;714;1023;714;;10064
11:59:06;714;1023;714;;10060
11:59:06;714;1023;714;;10036
11:59:07;714;1023;714;;10068
11:59:07;714;1023;714;;10088
11:59:08;714;1023;714;;10088
11:59:08;714;1023;714;;10068
11:59:09;714;1023;714;;10064
11:59:09;714;1023;714;;10064
11:59:10;714;1023;714;;10044
11:59:10;714;1023;714;;9152
11:59:11;714;1023;714;;10064
11:59:11;714;1023;714;;8060
11:59:12;714;1023;714;;7960
11:59:12;714;1023;714;;8172
11:59:13;714;1023;714;;8960
11:59:13;714;1023;714;;7832
11:59:14;714;1023;714;;8016
11:59:14;714;1023;714;;8200
11:59:15;714;1023;714;;7936
11:59:15;714;1023;714;;7808
11:59:16;714;1023;714;;8148
11:59:16;714;1023;714;;10008
11:59:17;714;1023;714;;8288
11:59:17;714;1023;714;;10008
11:59:18;714;1023;714;;8068
11:59:18;714;1023;714;;8076
11:59:19;714;1023;714;;7916
11:59:19;714;1023;714;;7616
11:59:20;714;1023;714;;7820
11:59:20;714;1023;714;;7248
11:59:21;714;1023;714;;7732
11:59:21;714;1023;714;;10040
11:59:22;714;1023;714;;8196
11:59:23;714;1023;714;;7968
11:59:23;714;1023;714;;10092
11:59:24;714;1023;714;;10096
11:59:24;714;1023;714;;5020
11:59:25;714;1023;714;;7432
11:59:25;714;1023;714;;6868
11:59:26;714;1023;714;;5992
11:59:26;714;1023;714;;6408
11:59:27;714;1023;714;;10052
11:59:27;714;1023;714;;6264
11:59:28;714;1023;714;;6364
11:59:28;714;1023;714;;6268
11:59:29;714;1023;714;;10052
11:59:29;714;1023;714;;6180
11:59:30;714;1023;714;;6264
11:59:30;714;1023;714;;10052
11:59:31;714;1023;714;;10028
11:59:31;714;1023;714;;6768
11:59:32;714;1023;714;;10052
11:59:32;714;1023;714;;10056
11:59:33;714;1023;714;;6656
11:59:33;714;1023;714;;10124
11:59:34;714;1023;714;;10032
11:59:34;714;1023;714;;10084
11:59:35;714;1023;714;;10052
11:59:35;714;1023;714;;10028
11:59:36;714;1023;714;;10052
11:59:36;714;1023;714;;6412
11:59:37;714;1023;714;;10088
11:59:37;714;1023;714;;6300
11:59:38;714;1023;714;;6616
11:59:38;714;1023;714;;6536
11:59:39;714;1023;714;;6416
11:59:39;714;1023;714;;6800
11:59:40;714;1023;714;;6632
11:59:40;714;1023;714;;6640
11:59:41;714;1023;714;;6740
11:59:41;714;1023;714;;6396
11:59:42;714;1023;714;;6348
11:59:42;714;1023;714;;6320
11:59:43;714;1023;714;;9028
11:59:43;714;1023;714;;6332
11:59:44;714;1023;714;;10056
11:59:44;714;1023;714;;10080
11:59:45;714;1023;714;;6224
11:59:45;714;1023;714;;6648
11:59:46;714;1023;714;;6476
11:59:46;714;1023;714;;6492
11:59:47;714;1023;714;;6412
11:59:47;714;1023;714;;6108
11:59:48;714;1023;714;;6548
11:59:48;714;1023;714;;6532
11:59:49;714;1023;714;;6628
11:59:49;714;1023;714;;6164
11:59:50;714;1023;714;;6072
11:59:50;714;1023;714;;6240
11:59:51;714;1023;714;;6612
11:59:51;714;1023;714;;6648
11:59:52;714;1023;714;;6240
11:59:52;714;1023;714;;6332
11:59:53;714;1023;714;;6028
11:59:53;714;1023;714;;6612
11:59:54;714;1023;714;;6108
11:59:54;714;1023;714;;10048
11:59:55;714;1023;714;;6332
11:59:55;714;1023;714;;6064
11:59:56;714;1023;714;;5732
11:59:56;714;1023;714;;5868
11:59:57;714;1023;714;;8996
11:59:57;714;1023;714;;9072
11:59:58;714;1023;714;;9048
11:59:58;714;1023;714;;5568
11:59:59;714;1023;714;;6676
11:59:59;714;1023;714;;8976
