17:00:00;682;1003;682;;10796
17:00:00;682;1003;682;;10800
17:00:01;682;1003;682;;10828
17:00:02;682;1004;682;;10820
17:00:02;682;1004;682;;10824
17:00:03;682;1003;682;;10852
17:00:03;682;1003;682;;10824
17:00:04;682;1003;682;;10896
17:00:04;682;1003;682;;10852
17:00:05;682;1003;682;;10824
17:00:05;682;1003;682;;10896
17:00:06;682;1003;682;;10824
17:00:06;682;1003;682;;10820
17:00:07;682;1002;682;;10820
17:00:07;682;1002;682;;10872
17:00:08;682;1003;682;;10944
17:00:08;682;1003;682;;10820
17:00:09;682;1003;682;;10872
17:00:09;682;1003;682;;10848
17:00:10;682;1002;682;;10868
17:00:10;682;1002;682;;10848
17:00:11;682;1003;682;;10820
17:00:11;682;1003;682;;10820
17:00:12;682;1002;682;;10824
17:00:12;682;1002;682;;10872
17:00:13;682;1002;682;;10824
17:00:13;682;1002;682;;10848
17:00:14;682;1003;682;;10820
17:00:14;682;1003;682;;10804
17:00:15;682;1003;682;;10796
17:00:15;682;1003;682;;10824
17:00:16;682;1003;682;;10852
17:00:16;682;1003;682;;10824
17:00:17;682;1003;682;;10824
17:00:17;682;1003;682;;10800
17:00:18;682;1003;682;;10848
17:00:18;682;1003;682;;10768
17:00:19;682;1003;682;;10772
17:00:19;682;1003;682;;10820
17:00:20;683;1004;682;;10776
17:00:20;683;1004;682;;10800
17:00:21;682;1004;683;;10800
17:00:21;682;1004;683;;10796
17:00:22;682;1003;682;;10824
17:00:22;682;1003;682;;10824
17:00:23;682;1003;682;;10820
17:00:23;682;1003;682;;10844
17:00:24;683;1004;682;;10872
17:00:24;683;1004;682;;10848
17:00:25;683;1004;683;;10844
17:00:25;683;1004;683;;10844
17:00:26;683;1004;683;;10796
17:00:26;683;1004;683;;10844
17:00:27;682;1004;682;;10820
17:00:27;682;1004;682;;10820
17:00:28;682;1003;682;;10792
17:00:28;682;1003;682;;10796
17:00:29;682;1004;682;;10792
17:00:29;682;1004;682;;10820
17:00:30;683;1004;682;;10816
17:00:31;682;1004;682;;10816
17:00:31;682;1004;682;;10868
17:00:32;682;1004;683;;10844
17:00:32;682;1004;683;;10824
17:00:33;682;1003;682;;10816
17:00:33;682;1003;682;;10820
17:00:34;682;1003;682;;10820
17:00:34;682;1003;682;;10876
17:00:35;682;1003;682;;10852
17:00:35;682;1003;682;;10840
17:00:36;682;1003;682;;10852
17:00:36;682;1003;682;;10896
17:00:37;682;1003;682;;10820
17:00:37;682;1003;682;;10800
17:00:38;682;1004;682;;10796
17:00:38;682;1004;682;;10796
17:00:39;683;1004;683;;10796
17:00:39;683;1004;683;;10824
17:00:40;683;1004;682;;10976
17:00:40;683;1004;682;;10900
17:00:41;682;1004;682;;10772
17:00:41;682;1004;682;;10796
17:00:42;682;1004;682;;10820
17:00:42;682;1004;682;;10820
17:00:43;682;1003;682;;10820
17:00:43;682;1003;682;;10820
17:00:44;682;1004;682;;10872
17:00:44;682;1004;682;;10844
17:00:45;683;1004;682;;10820
17:00:45;683;1004;682;;10816
17:00:46;683;1004;683;;10820
17:00:46;683;1004;683;;10868
17:00:47;683;1004;683;;10896
17:00:47;683;1004;683;;10896
17:00:48;682;1004;682;;10868
17:00:48;682;1004;682;;10872
17:00:49;682;1003;682;;10816
17:00:49;682;1003;682;;10848
17:00:50;682;1003;682;;10844
17:00:50;682;1003;682;;10792
17:00:51;682;1003;682;;10896
17:00:51;682;1003;682;;10796
17:00:52;682;1004;682;;10820
17:00:52;682;1004;682;;10844
17:00:53;683;1004;683;;10844
17:00:53;683;1004;683;;10844
17:00:54;683;1004;683;;10848
17:00:54;683;1004;683;;10872
17:00:55;683;1004;683;;10796
17:00:55;683;1004;683;;10900
17:00:56;682;1003;682;;10820
17:00:56;682;1003;682;;10796
17:00:57;682;1003;682;;10824
17:00:57;682;1003;682;;10820
17:00:58;682;1003;682;;10772
17:00:58;682;1003;682;;10820
17:00:59;682;1003;682;;10772
17:01:00;682;1003;682;;10800
17:01:00;682;1003;682;;10796
17:01:01;682;1003;682;;10800
17:01:01;682;1003;682;;10848
17:01:02;682;1003;682;;10824
17:01:02;682;1003;682;;10796
17:01:03;682;1003;682;;10796
17:01:03;682;1003;682;;10880
17:01:04;682;1003;682;;10820
17:01:04;682;1003;682;;10796
17:01:05;682;1004;683;;10796
17:01:05;682;1004;683;;10796
17:01:06;683;1004;682;;10804
17:01:06;683;1004;682;;10852
17:01:07;683;1004;683;;10824
17:01:07;683;1004;683;;10900
17:01:08;683;1004;683;;10872
17:01:08;683;1004;683;;10796
17:01:09;683;1004;683;;10872
17:01:09;683;1004;683;;10824
17:01:10;683;1004;683;;10796
17:01:10;683;1004;683;;10800
17:01:11;683;1004;683;;10796
17:01:11;683;1004;683;;10824
17:01:12;683;1004;683;;10820
17:01:12;683;1004;683;;10800
17:01:13;683;1004;683;;10848
17:01:13;683;1004;683;;10796
17:01:14;683;1005;683;;10796
17:01:14;683;1005;683;;10852
17:01:15;683;1005;683;;10900
17:01:15;683;1005;683;;10800
17:01:16;683;1005;683;;10932
17:01:16;683;1005;683;;10796
17:01:17;683;1005;683;;10872
17:01:17;683;1005;683;;10800
17:01:18;683;1005;683;;10796
17:01:18;683;1005;683;;10848
17:01:19;683;1005;683;;10824
17:01:19;683;1005;683;;10820
17:01:20;683;1005;683;;10900
17:01:20;683;1005;683;;10796
17:01:21;683;1005;683;;10792
17:01:21;683;1005;683;;10796
17:01:22;683;1004;683;;10824
17:01:22;683;1004;683;;10820
17:01:23;683;1005;683;;10820
17:01:23;683;1005;683;;10768
17:01:24;683;1005;683;;10772
17:01:24;683;1005;683;;10796
17:01:25;683;1005;683;;10800
17:01:25;683;1005;683;;10796
17:01:26;683;1005;683;;10748
17:01:26;683;1005;683;;10748
17:01:27;683;1005;683;;10824
17:01:27;683;1005;683;;10776
17:01:28;683;1005;683;;10772
17:01:29;683;1005;683;;10796
17:01:29;683;1005;683;;10852
17:01:30;683;1005;683;;10796
17:01:30;683;1005;683;;10844
17:01:31;683;1005;683;;10820
17:01:31;683;1005;683;;10824
17:01:32;683;1005;683;;10824
17:01:32;683;1005;683;;10856
17:01:33;683;1005;683;;10796
17:01:33;683;1005;683;;10796
17:01:34;683;1005;683;;10796
17:01:34;683;1005;683;;10876
17:01:35;683;1005;683;;10872
17:01:35;683;1005;683;;10852
17:01:36;683;1005;683;;10820
17:01:36;683;1005;683;;10824
17:01:37;683;1004;683;;10800
17:01:37;683;1004;683;;10824
17:01:38;683;1005;683;;10828
17:01:38;683;1005;683;;10800
17:01:39;683;1005;683;;10852
17:01:39;683;1005;683;;10848
17:01:40;683;1005;683;;10876
17:01:40;683;1005;683;;10796
17:01:41;683;1005;683;;10824
17:01:41;683;1005;683;;10872
17:01:42;683;1005;683;;10800
17:01:42;683;1005;683;;10876
17:01:43;683;1005;683;;10800
17:01:43;683;1005;683;;10772
17:01:44;683;1005;683;;10852
17:01:44;683;1005;683;;10876
17:01:45;683;1005;683;;10800
17:01:45;683;1005;683;;10820
17:01:46;683;1005;683;;10820
17:01:46;683;1005;683;;10820
17:01:47;683;1005;683;;10824
17:01:47;683;1005;683;;10872
17:01:48;683;1005;683;;10880
17:01:48;683;1005;683;;10876
17:01:49;683;1008;684;;10796
17:01:49;683;1008;684;;10872
17:01:50;685;1011;685;;10800
17:01:50;685;1011;685;;10824
17:01:51;685;1011;685;;10852
17:01:51;685;1011;685;;10796
17:01:52;685;1011;685;;10796
17:01:52;685;1011;685;;10820
17:01:53;685;1011;685;;10768
17:01:53;685;1011;685;;10792
17:01:54;685;1011;685;;10820
17:01:54;685;1011;685;;10848
17:01:55;685;1011;685;;10848
17:01:55;685;1011;685;;10796
17:01:56;685;1011;685;;10796
17:01:56;685;1011;685;;10852
17:01:57;685;1011;685;;10796
17:01:58;685;1011;685;;10924
17:01:58;685;1011;685;;10800
17:01:59;685;1011;685;;10876
17:01:59;685;1011;685;;10848
17:02:00;685;1011;685;;10876
17:02:00;685;1011;685;;10824
17:02:01;685;1011;685;;10800
17:02:01;685;1011;685;;10900
17:02:02;685;1011;685;;10824
17:02:02;685;1011;685;;10904
17:02:03;685;1011;685;;10828
17:02:03;685;1011;685;;10824
17:02:04;685;1011;685;;10904
17:02:04;685;1011;685;;10876
17:02:05;685;1012;685;;10876
17:02:05;685;1012;685;;10824
17:02:06;685;1012;685;;10824
17:02:06;685;1012;685;;10848
17:02:07;685;1012;685;;10876
17:02:07;685;1012;685;;10792
17:02:08;685;1012;685;;10872
17:02:08;685;1012;685;;10844
17:02:09;685;1012;685;;10792
17:02:09;685;1012;685;;10796
17:02:10;685;1010;684;;10848
17:02:10;685;1010;684;;10824
17:02:11;684;1010;684;;10844
17:02:11;684;1010;684;;10820
17:02:12;684;1010;684;;10820
17:02:12;684;1010;684;;10820
17:02:13;684;1010;684;;10816
17:02:13;684;1010;684;;10872
17:02:14;684;1010;684;;10944
17:02:14;684;1010;684;;10820
17:02:15;684;1010;684;;10844
17:02:15;684;1010;684;;10872
17:02:16;685;1010;684;;10796
17:02:16;685;1010;684;;10872
17:02:17;685;1010;684;;10796
17:02:17;685;1010;684;;10896
17:02:18;685;1011;685;;10824
17:02:18;685;1011;685;;10876
17:02:19;685;1011;685;;10848
17:02:19;685;1011;685;;10800
17:02:20;685;1011;685;;10848
17:02:20;685;1011;685;;10848
17:02:21;685;1011;685;;10852
17:02:21;685;1011;685;;10848
17:02:22;685;1010;685;;10904
17:02:22;685;1010;685;;10800
17:02:23;685;1011;685;;10872
17:02:23;685;1011;685;;10876
17:02:24;685;1011;685;;10876
17:02:24;685;1011;685;;10856
17:02:25;685;1011;685;;10824
17:02:26;685;1011;685;;10852
17:02:26;685;1011;685;;10824
17:02:27;685;1011;685;;10848
17:02:27;685;1011;685;;10848
17:02:28;685;1011;685;;10824
17:02:28;685;1011;685;;10876
17:02:29;685;1011;685;;10872
17:02:29;685;1011;685;;10796
17:02:30;685;1011;685;;10856
17:02:30;685;1011;685;;10848
17:02:31;685;1011;685;;10820
17:02:31;685;1011;685;;10872
17:02:32;685;1011;685;;10896
17:02:32;685;1011;685;;10848
17:02:33;685;1011;685;;10796
17:02:33;685;1011;685;;10820
17:02:34;685;1012;685;;10820
17:02:34;685;1012;685;;10820
17:02:35;685;1012;685;;10796
17:02:35;685;1012;685;;10820
17:02:36;685;1012;685;;10824
17:02:36;685;1012;685;;10848
17:02:37;685;1012;685;;10872
17:02:37;685;1012;685;;10900
17:02:38;685;1011;685;;10844
17:02:38;685;1011;685;;10848
17:02:39;685;1011;685;;10848
17:02:39;685;1011;685;;10900
17:02:40;685;1012;685;;11000
17:02:40;685;1012;685;;10824
17:02:41;685;1012;685;;10868
17:02:41;685;1012;685;;10772
17:02:42;685;1012;685;;10844
17:02:42;685;1012;685;;10820
17:02:43;685;1012;685;;10796
17:02:43;685;1012;685;;10844
17:02:44;685;1012;685;;10872
17:02:44;685;1012;685;;10796
17:02:45;685;1012;685;;10796
17:02:45;685;1012;685;;10820
17:02:46;685;1012;685;;10796
17:02:46;685;1012;685;;10848
17:02:47;685;1013;685;;10796
17:02:47;685;1013;685;;10824
17:02:48;685;1012;685;;10872
17:02:48;685;1012;685;;10848
17:02:49;685;1011;685;;10792
17:02:49;685;1011;685;;10892
17:02:50;685;1011;685;;10816
17:02:50;685;1011;685;;10896
17:02:51;685;1011;685;;10892
17:02:51;685;1011;685;;10872
17:02:52;685;1011;685;;10792
17:02:52;685;1011;685;;10848
17:02:53;685;1012;685;;10796
17:02:53;685;1012;685;;10820
17:02:54;685;1011;685;;10796
17:02:55;685;1011;685;;10796
17:02:55;685;1011;685;;10792
17:02:56;685;1012;685;;10768
17:02:56;685;1012;685;;10824
17:02:57;685;1012;685;;10796
17:02:57;685;1012;685;;10824
17:02:58;685;1012;685;;10824
17:02:58;685;1012;685;;10796
17:02:59;685;1012;685;;10844
17:02:59;685;1012;685;;10796
17:03:00;685;1012;685;;10824
17:03:00;685;1012;685;;10820
17:03:01;685;1012;685;;10924
17:03:01;685;1012;685;;10876
17:03:02;685;1012;685;;10824
17:03:02;685;1012;685;;10800
17:03:03;685;1012;685;;10824
17:03:03;685;1012;685;;10848
17:03:04;685;1012;685;;10824
17:03:04;685;1012;685;;10824
17:03:05;685;1012;685;;10824
17:03:05;685;1012;685;;10800
17:03:06;685;1012;685;;10848
17:03:06;685;1012;685;;10852
17:03:07;685;1012;685;;10772
17:03:07;685;1012;685;;10772
17:03:08;685;1012;685;;10824
17:03:08;685;1012;685;;10848
17:03:09;685;1012;685;;10820
17:03:09;685;1012;685;;10824
17:03:10;685;1013;685;;10824
17:03:10;685;1013;685;;10796
17:03:11;685;1013;685;;10792
17:03:11;685;1013;685;;10796
17:03:12;685;1013;685;;10876
17:03:12;685;1013;685;;10796
17:03:13;685;1013;685;;10796
17:03:13;685;1013;685;;10872
17:03:14;685;1013;685;;10852
17:03:14;685;1013;685;;10848
17:03:15;685;1013;685;;10820
17:03:15;685;1013;685;;10820
17:03:16;685;1013;685;;10820
17:03:16;685;1013;685;;10852
17:03:17;686;1013;686;;10872
17:03:17;686;1013;686;;10872
17:03:18;686;1013;685;;10924
17:03:18;686;1013;685;;10844
17:03:19;686;1014;686;;10820
17:03:19;686;1014;686;;10848
17:03:20;686;1014;686;;10844
17:03:20;686;1014;686;;10820
17:03:21;686;1014;686;;10848
17:03:21;686;1014;686;;10920
17:03:22;686;1013;686;;10844
17:03:22;686;1013;686;;10896
17:03:23;686;1014;686;;10848
17:03:24;686;1013;686;;10848
17:03:24;686;1013;686;;10820
17:03:25;686;1013;685;;10800
17:03:25;686;1013;685;;10820
17:03:26;686;1013;686;;10800
17:03:26;686;1013;686;;10848
17:03:27;686;1013;686;;10824
17:03:27;686;1013;686;;10876
17:03:28;686;1014;686;;10796
17:03:28;686;1014;686;;10820
17:03:29;686;1014;686;;10824
17:03:29;686;1014;686;;10848
17:03:30;686;1014;686;;10796
17:03:30;686;1014;686;;10820
17:03:31;686;1014;686;;10848
17:03:31;686;1014;686;;10776
17:03:32;686;1014;686;;10804
17:03:32;686;1014;686;;10820
17:03:33;686;1014;686;;10880
17:03:33;686;1014;686;;10796
17:03:34;686;1014;686;;10820
17:03:34;686;1014;686;;10848
17:03:35;686;1014;686;;10868
17:03:35;686;1014;686;;10796
17:03:36;686;1014;686;;10880
17:03:36;686;1014;686;;10848
17:03:37;686;1014;686;;10820
17:03:37;686;1014;686;;10820
17:03:38;686;1014;686;;10848
17:03:38;686;1014;686;;10900
17:03:39;686;1014;686;;10816
17:03:39;686;1014;686;;10844
17:03:40;686;1015;686;;10796
17:03:40;686;1015;686;;10828
17:03:41;686;1014;686;;10848
17:03:41;686;1014;686;;10852
17:03:42;686;1014;686;;10824
17:03:42;686;1014;686;;10824
17:03:43;686;1015;686;;10852
17:03:43;686;1015;686;;10832
17:03:44;686;1015;686;;10848
17:03:44;686;1015;686;;10832
17:03:45;686;1015;686;;10848
17:03:45;686;1015;686;;10820
17:03:46;686;1015;686;;10900
17:03:46;686;1015;686;;10900
17:03:47;686;1015;686;;10848
17:03:47;686;1015;686;;10820
17:03:48;686;1015;686;;10872
17:03:48;686;1015;686;;10824
17:03:49;686;1015;686;;10820
17:03:49;686;1015;686;;10848
17:03:50;686;1015;686;;10848
17:03:50;686;1015;686;;10820
17:03:51;686;1015;686;;10824
17:03:51;686;1015;686;;10820
17:03:52;686;1015;686;;10820
17:03:53;686;1015;686;;10796
17:03:53;686;1015;686;;10848
17:03:54;686;1015;686;;10844
17:03:54;686;1015;686;;10820
17:03:55;686;1015;686;;10848
17:03:55;686;1015;686;;10820
17:03:56;686;1015;686;;10820
17:03:56;686;1015;686;;10792
17:03:57;686;1015;686;;10848
17:03:57;686;1015;686;;10892
17:03:58;686;1015;686;;10872
17:03:58;686;1015;686;;10824
17:03:59;686;1015;686;;10872
17:03:59;686;1015;686;;10872
17:04:00;686;1015;686;;10820
17:04:00;686;1015;686;;10848
17:04:01;686;1015;686;;10872
17:04:01;686;1015;686;;10820
17:04:02;686;1015;686;;10872
17:04:02;686;1015;686;;10844
17:04:03;686;1015;686;;10800
17:04:03;686;1015;686;;10820
17:04:04;686;1015;686;;10896
17:04:04;686;1015;686;;10876
17:04:05;686;1015;686;;10820
17:04:05;686;1015;686;;10820
17:04:06;686;1015;686;;10804
17:04:06;686;1015;686;;10844
17:04:07;686;1015;686;;10872
17:04:07;686;1015;686;;10872
17:04:08;686;1015;686;;10796
17:04:08;686;1015;686;;10796
17:04:09;686;1015;686;;10872
17:04:09;686;1015;686;;10844
17:04:10;686;1015;686;;10924
17:04:10;686;1015;686;;10820
17:04:11;686;1015;686;;10896
17:04:11;686;1015;686;;10796
17:04:12;686;1015;686;;10852
17:04:12;686;1015;686;;10848
17:04:13;686;1015;686;;10868
17:04:13;686;1015;686;;10792
17:04:14;686;1014;686;;10872
17:04:14;686;1014;686;;10896
17:04:15;686;1014;686;;10840
17:04:15;686;1014;686;;10972
17:04:16;686;1014;686;;10892
17:04:16;686;1014;686;;10872
17:04:17;686;1014;686;;10820
17:04:17;686;1014;686;;10792
17:04:18;686;1014;686;;10896
17:04:18;686;1014;686;;10800
17:04:19;686;1014;686;;10868
17:04:19;686;1014;686;;10828
17:04:20;686;1014;686;;10824
17:04:20;686;1014;686;;10820
17:04:21;686;1014;686;;10844
17:04:22;686;1014;686;;10772
17:04:22;686;1014;686;;10796
17:04:23;686;1014;686;;10792
17:04:23;686;1014;686;;10844
17:04:24;686;1014;686;;10792
17:04:24;686;1014;686;;10872
17:04:25;686;1014;686;;10848
17:04:25;686;1014;686;;10796
17:04:26;686;1014;686;;10820
17:04:26;686;1014;686;;10820
17:04:27;686;1014;686;;10820
17:04:27;686;1014;686;;10844
17:04:28;686;1014;686;;10848
17:04:28;686;1014;686;;10820
17:04:29;686;1014;686;;10844
17:04:29;686;1014;686;;10824
17:04:30;686;1014;686;;10848
17:04:30;686;1014;686;;10824
17:04:31;686;1014;686;;10820
17:04:31;686;1014;686;;10844
17:04:32;686;1015;686;;10820
17:04:32;686;1015;686;;10844
17:04:33;686;1015;686;;10796
17:04:33;686;1015;686;;10792
17:04:34;686;1015;686;;10820
17:04:34;686;1015;686;;10872
17:04:35;686;1014;686;;10820
17:04:35;686;1014;686;;10876
17:04:36;686;1015;686;;10820
17:04:36;686;1015;686;;10896
17:04:37;686;1015;686;;10872
17:04:37;686;1015;686;;10824
17:04:38;686;1015;686;;10904
17:04:38;686;1015;686;;10820
17:04:39;686;1015;686;;10844
17:04:39;686;1015;686;;10896
17:04:40;686;1015;686;;10868
17:04:40;686;1015;686;;10876
17:04:41;686;1015;686;;10872
17:04:41;686;1015;686;;10820
17:04:42;674;961;673;;10852
17:04:42;674;961;673;;10796
17:04:43;671;951;671;;10820
17:04:43;671;951;671;;10796
17:04:44;671;950;671;;10900
17:04:44;671;950;671;;10996
17:04:45;671;951;671;;10792
17:04:45;671;951;671;;10796
17:04:46;671;950;671;;10852
17:04:46;671;950;671;;10800
17:04:47;670;949;670;;10852
17:04:47;670;949;670;;10952
17:04:48;670;949;670;;11100
17:04:48;670;949;670;;10876
17:04:49;670;949;670;;10844
17:04:50;670;948;670;;10844
17:04:50;670;948;670;;10848
17:04:51;670;948;670;;10896
17:04:51;670;948;670;;10852
17:04:52;670;948;670;;10852
17:04:52;670;948;670;;10924
17:04:53;670;949;670;;10852
17:04:53;670;949;670;;10848
17:04:54;670;948;670;;10924
17:04:54;670;948;670;;10820
17:04:55;670;948;670;;10852
17:04:55;670;948;670;;10924
17:04:56;670;948;670;;10820
17:04:56;670;948;670;;10848
17:04:57;670;949;670;;10848
17:04:57;670;949;670;;10848
17:04:58;670;949;670;;10852
17:04:58;670;949;670;;10848
17:04:59;671;950;671;;10796
17:04:59;671;950;671;;10900
17:05:00;671;950;671;;10820
17:05:00;671;950;671;;10872
17:05:01;671;950;671;;10828
17:05:01;671;950;671;;10848
17:05:02;671;950;671;;10848
17:05:02;671;950;671;;10796
17:05:03;671;950;671;;10796
17:05:03;671;950;671;;10820
17:05:04;671;950;671;;10796
17:05:04;671;950;671;;10856
17:05:05;671;950;671;;10776
17:05:05;671;950;671;;10872
17:05:06;671;950;671;;10780
17:05:06;671;950;671;;10848
17:05:07;671;950;671;;10828
17:05:07;671;950;671;;10796
17:05:08;671;950;671;;10772
17:05:08;671;950;671;;10820
17:05:09;671;950;671;;10816
17:05:09;671;950;671;;10852
17:05:10;671;950;671;;10844
17:05:10;671;950;671;;10820
17:05:11;671;951;671;;10820
17:05:11;671;951;671;;10820
17:05:12;671;951;671;;10792
17:05:12;671;951;671;;10824
17:05:13;671;951;671;;10844
17:05:13;671;951;671;;10868
17:05:14;671;951;671;;10848
17:05:14;671;951;671;;10896
17:05:15;671;951;671;;10816
17:05:15;671;951;671;;10848
17:05:16;671;952;671;;10852
17:05:16;671;952;671;;10844
17:05:17;671;952;671;;10844
17:05:17;671;952;671;;10824
17:05:18;671;952;671;;10796
17:05:19;671;952;671;;10824
17:05:19;671;952;671;;10852
17:05:20;671;952;671;;10824
17:05:20;671;952;671;;10872
17:05:21;671;953;671;;10872
17:05:21;671;953;671;;10824
17:05:22;671;953;671;;10796
17:05:22;671;953;671;;10796
17:05:23;671;954;671;;10820
17:05:23;671;954;671;;10852
17:05:24;671;953;671;;10848
17:05:24;671;953;671;;10872
17:05:25;671;954;671;;10848
17:05:25;671;954;671;;10892
17:05:26;671;954;671;;10900
17:05:26;671;954;671;;10820
17:05:27;671;954;671;;10824
17:05:27;671;954;671;;10848
17:05:28;671;954;671;;10896
17:05:28;671;954;671;;10944
17:05:29;671;954;672;;10792
17:05:29;671;954;672;;10844
17:05:30;672;954;672;;10796
17:05:30;672;954;672;;10856
17:05:31;672;955;672;;10896
17:05:31;672;955;672;;10792
17:05:32;672;955;672;;10820
17:05:32;672;955;672;;10820
17:05:33;672;955;672;;10896
17:05:33;672;955;672;;10820
17:05:34;672;956;672;;10820
17:05:34;672;956;672;;10820
17:05:35;672;956;672;;10796
17:05:35;672;956;672;;10800
17:05:36;672;957;672;;10848
17:05:36;672;957;672;;10768
17:05:37;672;957;672;;10844
17:05:37;672;957;672;;10848
17:05:38;672;957;672;;10828
17:05:38;672;957;672;;10796
17:05:39;672;958;672;;10796
17:05:39;672;958;672;;10796
17:05:40;672;958;672;;10820
17:05:40;672;958;672;;10820
17:05:41;672;958;672;;10876
17:05:41;672;958;672;;10820
17:05:42;672;958;672;;10844
17:05:42;672;958;672;;10872
17:05:43;672;958;672;;11120
17:05:43;672;958;672;;10824
17:05:44;672;958;672;;10844
17:05:44;672;958;672;;10896
17:05:45;672;958;672;;10816
17:05:45;672;958;672;;10816
17:05:46;672;958;672;;10896
17:05:46;672;958;672;;10816
17:05:47;672;959;672;;10820
17:05:48;672;959;673;;10872
17:05:48;672;959;673;;10796
17:05:49;673;959;673;;10872
17:05:49;673;959;673;;10824
17:05:50;673;960;673;;10796
17:05:50;673;960;673;;10820
17:05:51;673;960;673;;10868
17:05:51;673;960;673;;10852
17:05:52;673;961;673;;10820
17:05:52;673;961;673;;10796
17:05:53;673;961;673;;10820
17:05:53;673;961;673;;10820
17:05:54;673;961;673;;10892
17:05:54;673;961;673;;10896
17:05:55;673;962;673;;10820
17:05:55;673;962;673;;10872
17:05:56;673;961;673;;10848
17:05:56;673;961;673;;10792
17:05:57;673;961;673;;10852
17:05:57;673;961;673;;10848
17:05:58;673;961;673;;10824
17:05:58;673;961;673;;10800
17:05:59;673;961;673;;11048
17:05:59;673;961;673;;10792
17:06:00;673;961;673;;10900
17:06:00;673;961;673;;10820
17:06:01;673;962;673;;10920
17:06:01;673;962;673;;10848
17:06:02;673;962;673;;10844
17:06:02;673;962;673;;10844
17:06:03;673;961;673;;10872
17:06:03;673;961;673;;10848
17:06:04;673;961;673;;10948
17:06:04;673;961;673;;10796
17:06:05;673;961;673;;10844
17:06:05;673;961;673;;10792
17:06:06;673;961;673;;10820
17:06:06;673;961;673;;10768
17:06:07;673;961;673;;10820
17:06:07;673;961;673;;10868
17:06:08;673;961;673;;10816
17:06:08;673;961;673;;10788
17:06:09;673;962;673;;10796
17:06:09;673;962;673;;10844
17:06:10;673;962;673;;10848
17:06:10;673;962;673;;10820
17:06:11;673;962;673;;10820
17:06:11;673;962;673;;10844
17:06:12;673;961;673;;10820
17:06:12;673;961;673;;10824
17:06:13;673;962;673;;10820
17:06:13;673;962;673;;10796
17:06:14;673;962;673;;10824
17:06:14;673;962;673;;10848
17:06:15;673;962;673;;10824
17:06:15;673;962;673;;10824
17:06:16;673;963;673;;10820
17:06:17;673;963;673;;10848
17:06:17;673;963;673;;10796
17:06:18;673;963;673;;10820
17:06:18;673;963;673;;10848
17:06:19;673;963;673;;10876
17:06:19;673;963;673;;10796
17:06:20;674;964;674;;10876
17:06:20;674;964;674;;10820
17:06:21;674;964;674;;10816
17:06:21;674;964;674;;10820
17:06:22;674;964;674;;10844
17:06:22;674;964;674;;10848
17:06:23;674;965;674;;10820
17:06:23;674;965;674;;10848
17:06:24;674;964;674;;10872
17:06:24;674;964;674;;10872
17:06:25;674;965;674;;10816
17:06:25;674;965;674;;10816
17:06:26;674;965;674;;10896
17:06:26;674;965;674;;10868
17:06:27;674;965;674;;10816
17:06:27;674;965;674;;10820
17:06:28;674;965;674;;10844
17:06:28;674;965;674;;10868
17:06:29;674;965;674;;10768
17:06:29;674;965;674;;10872
17:06:30;674;965;674;;10848
17:06:30;674;965;674;;10772
17:06:31;674;966;674;;10820
17:06:31;674;966;674;;10876
17:06:32;674;967;674;;10824
17:06:32;674;967;674;;10820
17:06:33;674;967;674;;10844
17:06:33;674;967;674;;10848
17:06:34;674;967;674;;10824
17:06:34;674;967;674;;10876
17:06:35;674;967;674;;10844
17:06:35;674;967;674;;10792
17:06:36;674;967;674;;10848
17:06:36;674;967;674;;10796
17:06:37;674;968;674;;10796
17:06:37;674;968;674;;10824
17:06:38;674;968;674;;10900
17:06:38;674;968;674;;10824
17:06:39;674;968;674;;10872
17:06:39;674;968;674;;10824
17:06:40;674;968;674;;10824
17:06:40;674;968;674;;10872
17:06:41;674;969;675;;10820
17:06:41;674;969;675;;10872
17:06:42;675;969;675;;10848
17:06:42;675;969;675;;10872
17:06:43;675;970;675;;10848
17:06:43;675;970;675;;10876
17:06:44;675;970;675;;10816
17:06:44;675;970;675;;10852
17:06:45;675;970;675;;10820
17:06:46;675;969;675;;10816
17:06:46;675;969;675;;10816
17:06:47;674;968;675;;10872
17:06:47;674;968;675;;10820
17:06:48;674;969;674;;10792
17:06:48;674;969;674;;10844
17:06:49;674;968;674;;10816
17:06:49;674;968;674;;10856
17:06:50;674;968;674;;10872
17:06:50;674;968;674;;10844
17:06:51;674;969;675;;10872
17:06:51;674;969;675;;10796
17:06:52;675;969;675;;10820
17:06:52;675;969;675;;10820
17:06:53;675;969;675;;10824
17:06:53;675;969;675;;10956
17:06:54;675;970;675;;10848
17:06:54;675;970;675;;10848
17:06:55;675;970;675;;10816
17:06:55;675;970;675;;10844
17:06:56;675;970;675;;10868
17:06:56;675;970;675;;10844
17:06:57;675;970;675;;10816
17:06:57;675;970;675;;10896
17:06:58;675;970;675;;10816
17:06:58;675;970;675;;10844
17:06:59;675;970;675;;10820
17:06:59;675;970;675;;10848
17:07:00;675;970;675;;10844
17:07:00;675;970;675;;10792
17:07:01;675;970;675;;10816
17:07:01;675;970;675;;10820
17:07:02;675;971;675;;10848
17:07:02;675;971;675;;10796
17:07:03;675;970;675;;10824
17:07:03;675;970;675;;10976
17:07:04;675;970;675;;10820
17:07:04;675;970;675;;10896
17:07:05;675;970;675;;10848
17:07:05;675;970;675;;10820
17:07:06;675;970;675;;10876
17:07:06;675;970;675;;10896
17:07:07;675;971;675;;10820
17:07:07;675;971;675;;10824
17:07:08;675;971;675;;10792
17:07:08;675;971;675;;10820
17:07:09;675;971;675;;10848
17:07:09;675;971;675;;10852
17:07:10;675;972;675;;10872
17:07:10;675;972;675;;10820
17:07:11;675;972;675;;10872
17:07:11;675;972;675;;10820
17:07:12;675;973;675;;10900
17:07:12;675;973;675;;10820
17:07:13;675;973;675;;10852
17:07:13;675;973;675;;10844
17:07:14;675;973;675;;10820
17:07:15;675;973;675;;10820
17:07:15;675;973;675;;10796
17:07:16;675;973;675;;10816
17:07:16;675;973;675;;10872
17:07:17;675;973;675;;10796
17:07:17;675;973;675;;10820
17:07:18;675;972;675;;10796
17:07:18;675;972;675;;10820
17:07:19;675;972;675;;10796
17:07:19;675;972;675;;10852
17:07:20;675;973;675;;10820
17:07:20;675;973;675;;10820
17:07:21;675;973;675;;10820
17:07:21;675;973;675;;10816
17:07:22;676;973;676;;10868
17:07:22;676;973;676;;10872
17:07:23;676;974;676;;10820
17:07:23;676;974;676;;10896
17:07:24;676;974;676;;10792
17:07:24;676;974;676;;10820
17:07:25;676;974;676;;10820
17:07:25;676;974;676;;10820
17:07:26;676;974;676;;10844
17:07:26;676;974;676;;10824
17:07:27;676;975;676;;10872
17:07:27;676;975;676;;10796
17:07:28;676;975;676;;10796
17:07:28;676;975;676;;10868
17:07:29;676;975;676;;10764
17:07:29;676;975;676;;10820
17:07:30;676;976;676;;10796
17:07:30;676;976;676;;10796
17:07:31;676;976;676;;10844
17:07:31;676;976;676;;10900
17:07:32;676;977;676;;10872
17:07:32;676;977;676;;10872
17:07:33;676;976;676;;10820
17:07:33;676;976;676;;10820
17:07:34;676;976;676;;10848
17:07:34;676;976;676;;10820
17:07:35;676;976;676;;10920
17:07:35;676;976;676;;10816
17:07:36;676;976;676;;10844
17:07:36;676;976;676;;10820
17:07:37;676;976;676;;10848
17:07:37;676;976;676;;10896
17:07:38;676;975;676;;10820
17:07:38;676;975;676;;10848
17:07:39;676;976;676;;10892
17:07:39;676;976;676;;10876
17:07:40;676;977;676;;10820
17:07:40;676;977;676;;10844
17:07:41;676;978;676;;10816
17:07:41;676;978;676;;10820
17:07:42;676;978;676;;10848
17:07:42;676;978;676;;10820
17:07:43;676;978;676;;10848
17:07:44;676;978;677;;10816
17:07:44;676;978;677;;10792
17:07:45;677;979;677;;10820
17:07:45;677;979;677;;10820
17:07:46;676;978;676;;10844
17:07:46;676;978;676;;10820
17:07:47;676;979;677;;10848
17:07:47;676;979;677;;10844
17:07:48;676;978;676;;10844
17:07:48;676;978;676;;10844
17:07:49;676;978;676;;10816
17:07:49;676;978;676;;10868
17:07:50;676;978;676;;10844
17:07:50;676;978;676;;10896
17:07:51;676;979;677;;10892
17:07:51;676;979;677;;10816
17:07:52;677;978;677;;10848
17:07:52;677;978;677;;10868
17:07:53;677;979;677;;10864
17:07:53;677;979;677;;10792
17:07:54;677;979;677;;10788
17:07:54;677;979;677;;10872
17:07:55;677;979;677;;10820
17:07:55;677;979;677;;10816
17:07:56;677;979;677;;10792
17:07:56;677;979;677;;10840
17:07:57;677;979;677;;10872
17:07:57;677;979;677;;10816
17:07:58;677;979;677;;10892
17:07:58;677;979;677;;10840
17:07:59;677;979;677;;10892
17:07:59;677;979;677;;10844
17:08:00;677;980;677;;10892
17:08:00;677;980;677;;10896
17:08:01;677;980;677;;10844
17:08:01;677;980;677;;10816
17:08:02;677;980;677;;10816
17:08:02;677;980;677;;10792
17:08:03;677;980;677;;10816
17:08:03;677;980;677;;10816
17:08:04;677;980;677;;10820
17:08:04;677;980;677;;10768
17:08:05;677;979;677;;10792
17:08:05;677;979;677;;10844
17:08:06;677;978;677;;10844
17:08:06;677;978;677;;10796
17:08:07;677;979;677;;10788
17:08:07;677;979;677;;10868
17:08:08;677;979;677;;10816
17:08:08;677;979;677;;10868
17:08:09;677;979;677;;10820
17:08:09;677;979;677;;10792
17:08:10;677;979;677;;10816
17:08:10;677;979;677;;10840
17:08:11;677;979;677;;10892
17:08:12;677;979;677;;10816
17:08:12;677;979;677;;10816
17:08:13;677;980;677;;10792
17:08:13;677;980;677;;10864
17:08:14;677;980;677;;10796
17:08:14;677;980;677;;10844
17:08:15;677;980;677;;10948
17:08:15;677;980;677;;10792
17:08:16;677;980;677;;10820
17:08:16;677;980;677;;10868
17:08:17;677;979;677;;10792
17:08:17;677;979;677;;10892
17:08:18;677;979;677;;10816
17:08:18;677;979;677;;10840
17:08:19;677;980;677;;10868
17:08:19;677;980;677;;10792
17:08:20;677;980;677;;10820
17:08:20;677;980;677;;10820
17:08:21;677;980;677;;10840
17:08:21;677;980;677;;10768
17:08:22;677;980;677;;10772
17:08:22;677;980;677;;10744
17:08:23;677;980;677;;10816
17:08:23;677;980;677;;10792
17:08:24;677;980;677;;10844
17:08:24;677;980;677;;10844
17:08:25;677;980;677;;10792
17:08:25;677;980;677;;10820
17:08:26;677;980;677;;10796
17:08:26;677;980;677;;10868
17:08:27;677;980;677;;10844
17:08:27;677;980;677;;10920
17:08:28;677;981;677;;10820
17:08:28;677;981;677;;10892
17:08:29;677;981;677;;10840
17:08:29;677;981;677;;10868
17:08:30;677;981;677;;10872
17:08:30;677;981;677;;10872
17:08:31;677;982;677;;10868
17:08:31;677;982;677;;10864
17:08:32;677;982;677;;10868
17:08:32;677;982;677;;10840
17:08:33;677;983;677;;10840
17:08:33;677;983;677;;10968
17:08:34;677;983;677;;10868
17:08:34;677;983;677;;10892
17:08:35;677;983;677;;10892
17:08:35;677;983;677;;10944
17:08:36;677;982;677;;10920
17:08:36;677;982;677;;10968
17:08:37;677;981;677;;10996
17:08:37;677;981;677;;10872
17:08:38;677;981;677;;10840
17:08:38;677;981;677;;10844
17:08:39;677;982;677;;10848
17:08:39;677;982;677;;10816
17:08:40;677;982;677;;10788
17:08:41;677;982;677;;10864
17:08:41;677;982;677;;10844
17:08:42;677;982;677;;10848
17:08:42;677;982;677;;10816
17:08:43;677;982;677;;10788
17:08:43;677;982;677;;10892
17:08:44;677;983;677;;10848
17:08:44;677;983;677;;10848
17:08:45;677;983;677;;10868
17:08:45;677;983;677;;10788
17:08:46;678;983;678;;10816
17:08:46;678;983;678;;10868
17:08:47;677;983;677;;10868
17:08:47;677;983;677;;10820
17:08:48;677;982;677;;10792
17:08:48;677;982;677;;10816
17:08:49;677;983;677;;10816
17:08:49;677;983;677;;10844
17:08:50;677;983;677;;10816
17:08:50;677;983;677;;10816
17:08:51;677;983;677;;10844
17:08:51;677;983;677;;10844
17:08:52;678;983;678;;10816
17:08:52;678;983;678;;10820
17:08:53;678;983;678;;10792
17:08:53;678;983;678;;10892
17:08:54;678;984;678;;10852
17:08:54;678;984;678;;10816
17:08:55;678;984;678;;10844
17:08:55;678;984;678;;10844
17:08:56;678;985;678;;10820
17:08:56;678;985;678;;10816
17:08:57;678;985;678;;10816
17:08:57;678;985;678;;10868
17:08:58;678;986;678;;10872
17:08:58;678;986;678;;10924
17:08:59;678;986;678;;10892
17:08:59;678;986;678;;10872
17:09:00;678;986;678;;10972
17:09:00;678;986;678;;10956
17:09:01;678;986;678;;10892
17:09:01;678;986;678;;10892
17:09:02;678;986;678;;10848
17:09:02;678;986;678;;10868
17:09:03;678;987;678;;10820
17:09:03;678;987;678;;10848
17:09:04;678;987;678;;10800
17:09:04;678;987;678;;10816
17:09:05;678;988;678;;10844
17:09:05;678;988;678;;10856
17:09:06;678;987;678;;10848
17:09:06;678;987;678;;10796
17:09:07;678;987;678;;10872
17:09:07;678;987;678;;10828
17:09:08;678;987;678;;10832
17:09:08;678;987;678;;10900
17:09:09;678;987;678;;10876
17:09:10;678;987;678;;10848
17:09:10;678;987;678;;10800
17:09:11;678;987;678;;10772
17:09:11;678;987;678;;10800
17:09:12;679;988;679;;10848
17:09:12;679;988;679;;10848
17:09:13;679;988;679;;10796
17:09:13;679;988;679;;10872
17:09:14;679;988;679;;10820
17:09:14;679;988;679;;10848
17:09:15;679;988;679;;10872
17:09:15;679;988;679;;10852
17:09:16;679;989;679;;10872
17:09:16;679;989;679;;10924
17:09:17;679;989;679;;10924
17:09:17;679;989;679;;10872
17:09:18;679;989;679;;10848
17:09:18;679;989;679;;10976
17:09:19;679;989;679;;10872
17:09:19;679;989;679;;10900
17:09:20;679;989;679;;10896
17:09:20;679;989;679;;10972
17:09:21;679;989;679;;10872
17:09:21;679;989;679;;10876
17:09:22;679;989;679;;10848
17:09:22;679;989;679;;10844
17:09:23;679;989;679;;10824
17:09:23;679;989;679;;10900
17:09:24;679;989;679;;10796
17:09:24;679;989;679;;10824
17:09:25;679;990;679;;10800
17:09:25;679;990;679;;10820
17:09:26;679;990;679;;10796
17:09:26;679;990;679;;10820
17:09:27;679;991;679;;10800
17:09:27;679;991;679;;10776
17:09:28;679;991;679;;10772
17:09:28;679;991;679;;10852
17:09:29;679;990;679;;10824
17:09:29;679;990;679;;10824
17:09:30;679;990;679;;10900
17:09:30;679;990;679;;10828
17:09:31;679;990;679;;10796
17:09:31;679;990;679;;10820
17:09:32;679;990;679;;10816
17:09:32;679;990;679;;10844
17:09:33;679;990;679;;10800
17:09:33;679;990;679;;10828
17:09:34;679;990;679;;10848
17:09:34;679;990;679;;10896
17:09:35;679;990;679;;10824
17:09:35;679;990;679;;10872
17:09:36;679;990;679;;10892
17:09:36;679;990;679;;10820
17:09:37;679;990;679;;10820
17:09:37;679;990;679;;10896
17:09:38;679;990;679;;10848
17:09:39;679;991;679;;10872
17:09:39;679;991;679;;10820
17:09:40;679;991;679;;10896
17:09:40;679;991;679;;10824
17:09:41;679;991;679;;10896
17:09:41;679;991;679;;10844
17:09:42;679;991;679;;10872
17:09:42;679;991;679;;10852
17:09:43;679;991;679;;10872
17:09:43;679;991;679;;10820
17:09:44;679;992;679;;10848
17:09:44;679;992;679;;10844
17:09:45;679;992;679;;10876
17:09:45;679;992;679;;10820
17:09:46;679;992;680;;10900
17:09:46;679;992;680;;10848
17:09:47;679;991;679;;10824
17:09:47;679;991;679;;10824
17:09:48;679;990;679;;10876
17:09:48;679;990;679;;10896
17:09:49;679;991;679;;10900
17:09:49;679;991;679;;10924
17:09:50;679;991;679;;10824
17:09:50;679;991;679;;10848
17:09:51;679;991;679;;10852
17:09:51;679;991;679;;10848
17:09:52;679;991;679;;10824
17:09:52;679;991;679;;10852
17:09:53;679;990;679;;10844
17:09:53;679;990;679;;10824
17:09:54;679;991;679;;10872
17:09:54;679;991;679;;10848
17:09:55;679;991;679;;10876
17:09:55;679;991;679;;10852
17:09:56;679;991;679;;10920
17:09:56;679;991;679;;10872
17:09:57;679;991;679;;10848
17:09:57;679;991;679;;10904
17:09:58;679;992;679;;10848
17:09:58;679;992;679;;10872
17:09:59;679;992;680;;10872
17:09:59;679;992;680;;10872
17:10:00;680;992;680;;10900
17:10:00;680;992;680;;10824
17:10:01;680;993;680;;10824
17:10:01;680;993;680;;10900
17:10:02;680;993;680;;10844
17:10:02;680;993;680;;10924
17:10:03;680;993;680;;10896
17:10:03;680;993;680;;10800
17:10:04;680;992;680;;10848
17:10:04;680;992;680;;10848
17:10:05;680;993;680;;10800
17:10:05;680;993;680;;10800
17:10:06;680;993;680;;10828
17:10:06;680;993;680;;10852
17:10:07;680;993;680;;10820
17:10:08;680;992;680;;10772
17:10:08;680;992;680;;10800
17:10:09;680;993;680;;10852
17:10:09;680;993;680;;10772
17:10:10;680;993;680;;10824
17:10:10;680;993;680;;10856
17:10:11;680;993;680;;10828
17:10:11;680;993;680;;10828
17:10:12;680;993;680;;10776
17:10:12;680;993;680;;10800
17:10:13;680;993;680;;10820
17:10:13;680;993;680;;10820
17:10:14;680;993;680;;10796
17:10:14;680;993;680;;10828
17:10:15;680;993;680;;10872
17:10:15;680;993;680;;10872
17:10:16;680;994;680;;10852
17:10:16;680;994;680;;10852
17:10:17;680;994;680;;10900
17:10:17;680;994;680;;10900
17:10:18;680;994;680;;10820
17:10:18;680;994;680;;10792
17:10:19;680;994;680;;10848
17:10:19;680;994;680;;10868
17:10:20;680;994;680;;10900
17:10:20;680;994;680;;10848
17:10:21;680;994;680;;10796
17:10:21;680;994;680;;10824
17:10:22;680;994;680;;10848
17:10:22;680;994;680;;10824
17:10:23;680;994;680;;10896
17:10:23;680;994;680;;10852
17:10:24;680;994;680;;10820
17:10:24;680;994;680;;10824
17:10:25;680;995;680;;10828
17:10:25;680;995;680;;10876
17:10:26;680;995;680;;10824
17:10:26;680;995;680;;10796
17:10:27;680;995;680;;10848
17:10:27;680;995;680;;10852
17:10:28;680;995;680;;10796
17:10:28;680;995;680;;10848
17:10:29;680;995;680;;10824
17:10:29;680;995;680;;10876
17:10:30;680;995;680;;10872
17:10:30;680;995;680;;10800
17:10:31;680;995;680;;10948
17:10:31;680;995;680;;10868
17:10:32;680;995;680;;10872
17:10:32;680;995;680;;10796
17:10:33;680;995;680;;10848
17:10:33;680;995;680;;10848
17:10:34;680;995;680;;10824
17:10:34;680;995;680;;10848
17:10:35;680;995;680;;10872
17:10:35;680;995;680;;10820
17:10:36;680;994;680;;10820
17:10:37;680;995;680;;10820
17:10:37;680;995;680;;10868
17:10:38;680;995;680;;10820
17:10:38;680;995;680;;10844
17:10:39;680;995;680;;10800
17:10:39;680;995;680;;10796
17:10:40;680;994;680;;10896
17:10:40;680;994;680;;11068
17:10:41;680;995;680;;10820
17:10:41;680;995;680;;10876
17:10:42;680;995;680;;10824
17:10:42;680;995;680;;10824
17:10:43;680;995;680;;10796
17:10:43;680;995;680;;10796
17:10:44;680;995;680;;10800
17:10:44;680;995;680;;10800
17:10:45;680;995;680;;10820
17:10:45;680;995;680;;10824
17:10:46;680;995;680;;10852
17:10:46;680;995;680;;10824
17:10:47;680;995;680;;10824
17:10:47;680;995;680;;10880
17:10:48;680;995;680;;10848
17:10:48;680;995;680;;10824
17:10:49;680;995;680;;10928
17:10:49;680;995;680;;10848
17:10:50;680;995;680;;10848
17:10:50;680;995;680;;10824
17:10:51;680;996;680;;10848
17:10:51;680;996;680;;10876
17:10:52;680;995;680;;10824
17:10:52;680;995;680;;10876
17:10:53;680;995;680;;10924
17:10:53;680;995;680;;10848
17:10:54;680;996;680;;10848
17:10:54;680;996;680;;10848
17:10:55;680;996;680;;10820
17:10:55;680;996;680;;10876
17:10:56;681;996;681;;10800
17:10:56;681;996;681;;10856
17:10:57;680;995;680;;10872
17:10:57;680;995;680;;10820
17:10:58;680;996;680;;10868
17:10:58;680;996;680;;10876
17:10:59;680;995;680;;10872
17:10:59;680;995;680;;10820
17:11:00;680;995;680;;10796
17:11:00;680;995;680;;10800
17:11:01;680;996;680;;10872
17:11:01;680;996;680;;10796
17:11:02;680;996;680;;10820
17:11:02;680;996;680;;10792
17:11:03;680;996;680;;10796
17:11:03;680;996;680;;10796
17:11:04;681;996;681;;10844
17:11:05;681;997;681;;10820
17:11:05;681;997;681;;10792
17:11:06;680;996;680;;10820
17:11:06;680;996;680;;10844
17:11:07;680;996;681;;10896
17:11:07;680;996;681;;10848
17:11:08;680;996;680;;10824
17:11:08;680;996;680;;10824
17:11:09;680;995;680;;10872
17:11:09;680;995;680;;10824
17:11:10;680;996;680;;10824
17:11:10;680;996;680;;10872
17:11:11;680;996;680;;10872
17:11:11;680;996;680;;10868
17:11:12;680;996;680;;10824
17:11:12;680;996;680;;10820
17:11:13;680;996;680;;10848
17:11:13;680;996;680;;10848
17:11:14;681;997;681;;10924
17:11:14;681;997;681;;10820
17:11:15;681;997;681;;10792
17:11:15;681;997;681;;10824
17:11:16;681;997;681;;10848
17:11:16;681;997;681;;10852
17:11:17;681;997;681;;10824
17:11:17;681;997;681;;10876
17:11:18;681;997;681;;10856
17:11:18;681;997;681;;10848
17:11:19;681;997;681;;10820
17:11:19;681;997;681;;11000
17:11:20;681;997;681;;10824
17:11:20;681;997;681;;10876
17:11:21;681;997;681;;10876
17:11:21;681;997;681;;10848
17:11:22;681;997;681;;10824
17:11:22;681;997;681;;10900
17:11:23;681;996;681;;10796
17:11:23;681;996;681;;10848
17:11:24;680;996;680;;10848
17:11:24;680;996;680;;10852
17:11:25;680;996;680;;10828
17:11:25;680;996;680;;10848
17:11:26;680;996;680;;10820
17:11:26;680;996;680;;10796
17:11:27;680;996;680;;10876
17:11:27;680;996;680;;10820
17:11:28;680;996;680;;10876
17:11:28;680;996;680;;10896
17:11:29;680;996;680;;10900
17:11:29;680;996;680;;10824
17:11:30;680;996;680;;10872
17:11:30;680;996;680;;10820
17:11:31;680;996;680;;10924
17:11:31;680;996;680;;10844
17:11:32;681;996;680;;10820
17:11:32;681;996;680;;10844
17:11:33;681;997;681;;10852
17:11:34;681;997;681;;10872
17:11:34;681;997;681;;10824
17:11:35;681;997;681;;10824
17:11:35;681;997;681;;10872
17:11:36;681;997;681;;10872
17:11:36;681;997;681;;10796
17:11:37;681;998;681;;10772
17:11:37;681;998;681;;10824
17:11:38;681;998;681;;10820
17:11:38;681;998;681;;10868
17:11:39;681;998;681;;10896
17:11:39;681;998;681;;10824
17:11:40;681;998;681;;10900
17:11:40;681;998;681;;10924
17:11:41;681;998;681;;10848
17:11:41;681;998;681;;10876
17:11:42;681;998;681;;10848
17:11:42;681;998;681;;10848
17:11:43;681;998;681;;10900
17:11:43;681;998;681;;10876
17:11:44;681;998;681;;10824
17:11:44;681;998;681;;10876
17:11:45;681;998;681;;10852
17:11:45;681;998;681;;10824
17:11:46;681;998;681;;10848
17:11:46;681;998;681;;10824
17:11:47;681;999;681;;10852
17:11:47;681;999;681;;10796
17:11:48;681;999;681;;10796
17:11:48;681;999;681;;10824
17:11:49;681;999;681;;10772
17:11:49;681;999;681;;10772
17:11:50;681;999;681;;10796
17:11:50;681;999;681;;10820
17:11:51;681;999;681;;10924
17:11:51;681;999;681;;10848
17:11:52;681;999;681;;10796
17:11:52;681;999;681;;10820
17:11:53;681;1000;681;;10872
17:11:53;681;1000;681;;10824
17:11:54;681;1000;681;;10880
17:11:54;681;1000;681;;10796
17:11:55;681;999;681;;10796
17:11:55;681;999;681;;10824
17:11:56;681;999;681;;10848
17:11:56;681;999;681;;10824
17:11:57;681;999;681;;10824
17:11:57;681;999;681;;10808
17:11:58;681;999;681;;10872
17:11:58;681;999;681;;10896
17:11:59;681;999;681;;10796
17:11:59;681;999;681;;10820
17:12:00;681;999;681;;10792
17:12:00;681;999;681;;10876
17:12:01;681;999;681;;10848
17:12:01;681;999;681;;10820
17:12:02;681;999;681;;10800
17:12:03;681;999;681;;10792
17:12:03;681;999;681;;10848
17:12:04;681;999;681;;10952
17:12:04;681;999;681;;10820
17:12:05;681;999;681;;10824
17:12:05;681;999;681;;10800
17:12:06;681;999;681;;10844
17:12:06;681;999;681;;10852
17:12:07;681;999;681;;10820
17:12:07;681;999;681;;10880
17:12:08;681;1000;681;;10824
17:12:08;681;1000;681;;10876
17:12:09;681;1000;681;;10820
17:12:09;681;1000;681;;10848
17:12:10;682;1000;682;;10848
17:12:10;682;1000;682;;10872
17:12:11;682;1001;682;;10820
17:12:11;682;1001;682;;10824
17:12:12;681;1000;681;;10796
17:12:12;681;1000;681;;10796
17:12:13;681;1000;681;;10824
17:12:13;681;1000;681;;10796
17:12:14;681;1000;681;;10876
17:12:14;681;1000;681;;10824
17:12:15;681;1000;681;;10900
17:12:15;681;1000;681;;10824
17:12:16;681;1000;681;;10820
17:12:16;681;1000;681;;10820
17:12:17;681;999;681;;10872
17:12:17;681;999;681;;10796
17:12:18;681;999;681;;10852
17:12:18;681;999;681;;10876
17:12:19;681;999;681;;10872
17:12:19;681;999;681;;10820
17:12:20;681;999;681;;10800
17:12:20;681;999;681;;10792
17:12:21;681;999;681;;10772
17:12:21;681;999;681;;10824
17:12:22;681;999;681;;10824
17:12:22;681;999;681;;10796
17:12:23;681;999;681;;10796
17:12:23;681;999;681;;10876
17:12:24;681;999;681;;10796
17:12:24;681;999;681;;10824
17:12:25;681;999;681;;10824
17:12:25;681;999;681;;10848
17:12:26;681;1000;681;;10852
17:12:26;681;1000;681;;10848
17:12:27;681;1000;681;;10824
17:12:27;681;1000;681;;10872
17:12:28;681;999;681;;10900
17:12:28;681;999;681;;10828
17:12:29;681;999;681;;10824
17:12:29;681;999;681;;10852
17:12:30;681;999;681;;10876
17:12:30;681;999;681;;10824
17:12:31;681;999;681;;10900
17:12:32;681;999;681;;10872
17:12:32;681;999;681;;10848
17:12:33;681;999;681;;10820
17:12:33;681;999;681;;10820
17:12:34;681;999;681;;10824
17:12:34;681;999;681;;10872
17:12:35;681;999;681;;10872
17:12:35;681;999;681;;10896
17:12:36;681;1000;681;;10820
17:12:36;681;1000;681;;10844
17:12:37;681;1000;681;;10872
17:12:37;681;1000;681;;10844
17:12:38;681;1000;681;;10824
17:12:38;681;1000;681;;10872
17:12:39;681;1000;681;;10828
17:12:39;681;1000;681;;10820
17:12:40;682;1000;682;;10848
17:12:40;682;1000;682;;10924
17:12:41;682;1000;681;;10820
17:12:41;682;1000;681;;10844
17:12:42;681;1000;681;;10820
17:12:42;681;1000;681;;10820
17:12:43;682;1000;681;;10848
17:12:43;682;1000;681;;10896
17:12:44;682;1000;682;;10820
17:12:44;682;1000;682;;10848
17:12:45;682;1001;682;;10896
17:12:45;682;1001;682;;10872
17:12:46;682;1000;682;;10852
17:12:46;682;1000;682;;10848
17:12:47;682;1000;682;;10820
17:12:47;682;1000;682;;10848
17:12:48;682;1000;682;;11000
17:12:48;682;1000;682;;10848
17:12:49;682;1001;682;;10848
17:12:49;682;1001;682;;10796
17:12:50;682;1001;682;;10820
17:12:50;682;1001;682;;10848
17:12:51;682;1001;682;;10824
17:12:51;682;1001;682;;10848
17:12:52;682;1003;682;;10796
17:12:52;682;1003;682;;10768
17:12:53;682;1003;682;;10772
17:12:53;682;1003;682;;10800
17:12:54;682;1003;682;;10768
17:12:54;682;1003;682;;10768
17:12:55;682;1003;682;;10768
17:12:55;682;1003;682;;10848
17:12:56;682;1003;682;;10768
17:12:56;682;1003;682;;10820
17:12:57;682;1003;682;;10820
17:12:57;682;1003;682;;10896
17:12:58;682;1003;682;;10896
17:12:58;682;1003;682;;10796
17:12:59;682;1004;682;;10872
17:12:59;682;1004;682;;10868
17:13:00;683;1004;683;;10824
17:13:01;683;1004;683;;10820
17:13:01;683;1004;683;;10872
17:13:02;683;1004;683;;10796
17:13:02;683;1004;683;;10816
17:13:03;683;1004;683;;10792
17:13:03;683;1004;683;;10796
17:13:04;682;1003;682;;10872
17:13:04;682;1003;682;;10872
17:13:05;682;1003;682;;10844
17:13:05;682;1003;682;;10848
17:13:06;682;1004;682;;10852
17:13:06;682;1004;682;;10844
17:13:07;682;1003;682;;10820
17:13:07;682;1003;682;;10816
17:13:08;682;1002;682;;10796
17:13:08;682;1002;682;;10792
17:13:09;682;1002;682;;10844
17:13:09;682;1002;682;;10820
17:13:10;682;1002;682;;10896
17:13:10;682;1002;682;;10848
17:13:11;682;1002;682;;10796
17:13:11;682;1002;682;;10848
17:13:12;682;1002;682;;10848
17:13:12;682;1002;682;;10876
17:13:13;682;1002;682;;10844
17:13:13;682;1002;682;;10796
17:13:14;682;1002;682;;10876
17:13:14;682;1002;682;;10844
17:13:15;682;1002;682;;10872
17:13:15;682;1002;682;;10824
17:13:16;682;1002;682;;10872
17:13:16;682;1002;682;;10848
17:13:17;682;1002;682;;10820
17:13:17;682;1002;682;;10820
17:13:18;682;1002;682;;10824
17:13:18;682;1002;682;;10848
17:13:19;682;1003;682;;10848
17:13:19;682;1003;682;;10872
17:13:20;682;1003;682;;10872
17:13:20;682;1003;682;;10824
17:13:21;682;1002;682;;10848
17:13:21;682;1002;682;;10872
17:13:22;682;1002;682;;10800
17:13:22;682;1002;682;;10796
17:13:23;682;1002;682;;10844
17:13:23;682;1002;682;;10868
17:13:24;682;1002;682;;10792
17:13:24;682;1002;682;;10820
17:13:25;682;1002;682;;10796
17:13:25;682;1002;682;;10816
17:13:26;682;1002;682;;10792
17:13:26;682;1002;682;;10952
17:13:27;682;1002;682;;10896
17:13:27;682;1002;682;;10796
17:13:28;682;1002;682;;10948
17:13:28;682;1002;682;;10868
17:13:29;682;1002;682;;10792
17:13:30;682;1002;682;;10792
17:13:30;682;1002;682;;10844
17:13:31;682;1002;682;;10820
17:13:31;682;1002;682;;10872
17:13:32;682;1003;682;;10844
17:13:32;682;1003;682;;10920
17:13:33;682;1003;682;;10848
17:13:33;682;1003;682;;10820
17:13:34;682;1003;682;;10872
17:13:34;682;1003;682;;10772
17:13:35;682;1003;682;;10796
17:13:35;682;1003;682;;10796
17:13:36;682;1003;682;;10792
17:13:36;682;1003;682;;10792
17:13:37;682;1002;682;;10796
17:13:37;682;1002;682;;10848
17:13:38;682;1003;682;;10824
17:13:38;682;1003;682;;10872
17:13:39;682;1003;682;;10792
17:13:39;682;1003;682;;10848
17:13:40;682;1003;682;;10848
17:13:40;682;1003;682;;10820
17:13:41;682;1003;682;;10848
17:13:41;682;1003;682;;10872
17:13:42;682;1003;682;;10948
17:13:42;682;1003;682;;10848
17:13:43;682;1003;682;;10816
17:13:43;682;1003;682;;10924
17:13:44;682;1003;682;;10896
17:13:44;682;1003;682;;10844
17:13:45;682;1003;682;;11068
17:13:45;682;1003;682;;10876
17:13:46;682;1003;682;;10820
17:13:46;682;1003;682;;10848
17:13:47;682;1003;682;;10796
17:13:47;682;1003;682;;10932
17:13:48;682;1004;682;;10820
17:13:48;682;1004;682;;10820
17:13:49;682;1004;682;;10820
17:13:49;682;1004;682;;10844
17:13:50;683;1004;683;;10872
17:13:50;683;1004;683;;10820
17:13:51;683;1004;683;;10844
17:13:51;683;1004;683;;10792
17:13:52;683;1004;683;;10824
17:13:52;683;1004;683;;10796
17:13:53;683;1004;683;;10848
17:13:53;683;1004;683;;10796
17:13:54;682;1004;682;;10796
17:13:54;682;1004;682;;10796
17:13:55;682;1003;682;;10848
17:13:55;682;1003;682;;10796
17:13:56;682;1003;682;;10896
17:13:56;682;1003;682;;10876
17:13:57;682;1003;682;;10768
17:13:57;682;1003;682;;10796
17:13:58;682;1003;682;;10820
17:13:59;682;1003;682;;10796
17:13:59;682;1003;682;;10820
17:14:00;682;1003;682;;10896
17:14:00;682;1003;682;;10844
17:14:01;682;1004;682;;10848
17:14:01;682;1004;682;;10872
17:14:02;682;1004;682;;10820
17:14:02;682;1004;682;;10820
17:14:03;682;1004;682;;10900
17:14:03;682;1004;682;;10844
17:14:04;682;1003;682;;10900
17:14:04;682;1003;682;;10872
17:14:05;682;1002;682;;10872
17:14:05;682;1002;682;;10852
17:14:06;682;1002;682;;10848
17:14:06;682;1002;682;;10900
17:14:07;682;1002;682;;10872
17:14:07;682;1002;682;;10796
17:14:08;682;1002;682;;10800
17:14:08;682;1002;682;;10896
17:14:09;682;1002;682;;10796
17:14:09;682;1002;682;;10952
17:14:10;682;1002;682;;10796
17:14:10;682;1002;682;;10824
17:14:11;682;1002;682;;10872
17:14:11;682;1002;682;;10796
17:14:12;682;1002;682;;10796
17:14:12;682;1002;682;;10796
17:14:13;682;1002;682;;10820
17:14:13;682;1002;682;;10824
17:14:16;663;854;650;;10824
