01:00:00;687;1002;687;;8744
01:00:00;687;1002;687;;8796
01:00:01;687;1002;687;;8824
01:00:01;687;1002;687;;8744
01:00:02;687;1002;687;;8772
01:00:02;687;1002;687;;8768
01:00:03;687;1002;687;;8768
01:00:03;687;1002;687;;8744
01:00:04;687;1002;687;;8740
01:00:04;687;1002;687;;8772
01:00:05;687;1002;687;;8772
01:00:05;687;1002;687;;8740
01:00:06;687;1002;687;;8796
01:00:06;687;1002;687;;8744
01:00:07;687;1002;687;;8820
01:00:07;687;1002;687;;8744
01:00:08;687;1002;687;;8872
01:00:08;687;1002;687;;8800
01:00:09;687;1002;687;;8764
01:00:09;687;1002;687;;8744
01:00:10;687;1002;687;;8744
01:00:10;687;1002;687;;8768
01:00:11;687;1002;687;;8740
01:00:11;687;1002;687;;8820
01:00:12;687;1002;687;;8768
01:00:12;687;1002;687;;8828
01:00:13;687;1002;687;;8768
01:00:13;687;1002;687;;8796
01:00:14;687;1002;687;;8768
01:00:14;687;1002;687;;8744
01:00:15;687;1002;687;;8792
01:00:15;687;1002;687;;8772
01:00:16;687;1002;687;;8768
01:00:16;687;1002;687;;8820
01:00:17;687;1002;687;;8772
01:00:17;687;1002;687;;8768
01:00:18;687;1002;687;;8740
01:00:18;687;1002;687;;8744
01:00:19;687;1002;687;;8768
01:00:19;687;1002;687;;8768
01:00:20;687;1002;687;;8744
01:00:20;687;1002;687;;8820
01:00:21;687;1002;687;;8772
01:00:21;687;1002;687;;8744
01:00:22;687;1002;687;;8792
01:00:22;687;1002;687;;8772
01:00:23;687;1002;687;;8800
01:00:23;687;1002;687;;8844
01:00:24;687;1002;687;;8768
01:00:24;687;1002;687;;8796
01:00:25;687;1002;687;;8740
01:00:25;687;1002;687;;8744
01:00:26;687;1002;687;;8740
01:00:27;687;1002;687;;8820
01:00:27;687;1002;687;;8796
01:00:28;687;1002;687;;8820
01:00:28;687;1002;687;;8820
01:00:29;687;1002;687;;8744
01:00:29;687;1002;687;;8796
01:00:30;687;1002;687;;8792
01:00:30;687;1002;687;;8772
01:00:31;687;1002;687;;8744
01:00:31;687;1002;687;;8740
01:00:32;687;1002;687;;8772
01:00:32;687;1002;687;;8768
01:00:33;687;1002;687;;8740
01:00:33;687;1002;687;;8768
01:00:34;687;1002;687;;8768
01:00:34;687;1002;687;;8776
01:00:35;687;1002;687;;8768
01:00:35;687;1002;687;;8800
01:00:36;687;1002;687;;8768
01:00:36;687;1002;687;;8768
01:00:37;687;1002;687;;8820
01:00:37;687;1002;687;;8768
01:00:38;687;1002;687;;8772
01:00:38;687;1002;687;;8744
01:00:39;687;1002;687;;8744
01:00:39;687;1002;687;;8764
01:00:40;687;1002;687;;8768
01:00:40;687;1002;687;;8772
01:00:41;687;1002;687;;8772
01:00:41;687;1002;687;;8772
01:00:42;687;1002;687;;8744
01:00:42;687;1002;687;;8772
01:00:43;687;1002;687;;8776
01:00:43;687;1002;687;;8772
01:00:44;687;1002;687;;8872
01:00:44;687;1002;687;;8740
01:00:45;687;1002;687;;8740
01:00:45;687;1002;687;;8772
01:00:46;687;1002;687;;8768
01:00:46;687;1002;687;;8740
01:00:47;687;1002;687;;8796
01:00:47;687;1002;687;;8796
01:00:48;687;1002;687;;8744
01:00:48;687;1002;687;;8820
01:00:49;687;1002;687;;8820
01:00:49;687;1002;687;;8772
01:00:50;687;1002;687;;8768
01:00:50;687;1002;687;;8772
01:00:51;687;1002;687;;8768
01:00:51;687;1002;687;;8820
01:00:52;687;1002;687;;8768
01:00:52;687;1002;687;;8768
01:00:53;687;1002;687;;8744
01:00:53;687;1002;687;;8840
01:00:54;687;1002;687;;8768
01:00:54;687;1002;687;;8824
01:00:55;687;1002;687;;8796
01:00:55;687;1002;687;;8768
01:00:56;687;1002;687;;8740
01:00:56;687;1002;687;;8820
01:00:57;687;1002;687;;8792
01:00:57;687;1002;687;;8744
01:00:58;687;1002;687;;8744
01:00:58;687;1002;687;;8768
01:00:59;687;1003;687;;8768
01:01:00;687;1003;687;;8824
01:01:00;687;1003;687;;8820
01:01:01;687;1003;687;;8768
01:01:01;687;1003;687;;8772
01:01:02;687;1003;687;;8744
01:01:02;687;1003;687;;8744
01:01:03;687;1003;687;;8744
01:01:03;687;1003;687;;8768
01:01:04;687;1003;687;;8768
01:01:04;687;1003;687;;8744
01:01:05;687;1003;687;;8740
01:01:05;687;1003;687;;8744
01:01:06;687;1003;687;;8896
01:01:06;687;1003;687;;8740
01:01:07;687;1003;687;;8796
01:01:07;687;1003;687;;8768
01:01:08;687;1003;687;;8768
01:01:08;687;1003;687;;8848
01:01:09;687;1003;687;;8744
01:01:09;687;1003;687;;8772
01:01:10;687;1003;687;;8768
01:01:10;687;1003;687;;8772
01:01:11;687;1003;687;;8772
01:01:11;687;1003;687;;8768
01:01:12;687;1003;687;;8768
01:01:12;687;1003;687;;8768
01:01:13;687;1003;687;;8816
01:01:13;687;1003;687;;8764
01:01:14;687;1003;687;;8764
01:01:14;687;1003;687;;8740
01:01:15;687;1003;687;;8772
01:01:15;687;1003;687;;8820
01:01:16;687;1003;687;;8744
01:01:16;687;1003;687;;8820
01:01:17;687;1003;687;;8740
01:01:17;687;1003;687;;8796
01:01:18;687;1003;687;;8744
01:01:18;687;1003;687;;8740
01:01:19;687;1003;687;;8768
01:01:19;687;1003;687;;8744
01:01:20;687;1003;687;;8768
01:01:20;687;1003;687;;8772
01:01:21;687;1003;687;;8844
01:01:21;687;1003;687;;8848
01:01:22;687;1003;687;;8772
01:01:22;687;1003;687;;8744
01:01:23;687;1003;687;;8740
01:01:23;687;1003;687;;8744
01:01:24;687;1003;687;;8820
01:01:24;687;1003;687;;8772
01:01:25;687;1003;687;;8744
01:01:25;687;1003;687;;8740
01:01:26;687;1003;687;;8816
01:01:26;687;1003;687;;8772
01:01:27;687;1003;687;;8768
01:01:27;687;1003;687;;8820
01:01:28;687;1003;688;;8744
01:01:28;687;1003;688;;8744
01:01:29;687;1003;687;;8744
01:01:29;687;1003;687;;8744
01:01:30;687;1003;687;;8772
01:01:30;687;1003;687;;8744
01:01:31;687;1003;687;;8768
01:01:31;687;1003;687;;8768
01:01:32;687;1003;687;;8744
01:01:32;687;1003;687;;8744
01:01:33;687;1003;687;;8816
01:01:34;687;1003;687;;8792
01:01:34;687;1003;687;;8772
01:01:35;687;1003;687;;8744
01:01:35;687;1003;687;;8768
01:01:36;687;1003;687;;8744
01:01:36;687;1003;687;;8768
01:01:37;687;1003;687;;8744
01:01:37;687;1003;687;;8820
01:01:38;687;1003;687;;8824
01:01:38;687;1003;687;;8768
01:01:39;687;1003;687;;8744
01:01:39;687;1003;687;;8740
01:01:40;687;1003;687;;8744
01:01:40;687;1003;687;;8768
01:01:41;687;1003;687;;8768
01:01:41;687;1003;687;;8740
01:01:42;687;1003;687;;8868
01:01:42;687;1003;687;;8800
01:01:43;687;1003;687;;8744
01:01:43;687;1003;687;;8816
01:01:44;687;1003;687;;8740
01:01:44;687;1003;687;;8740
01:01:45;687;1003;687;;8740
01:01:45;687;1003;687;;8820
01:01:46;687;1003;687;;8868
01:01:46;687;1003;687;;8740
01:01:47;687;1003;687;;8816
01:01:47;687;1003;687;;8744
01:01:48;687;1003;687;;8820
01:01:48;687;1003;687;;8744
01:01:49;687;1003;687;;8796
01:01:49;687;1003;687;;8744
01:01:50;687;1003;687;;8744
01:01:50;687;1003;687;;8792
01:01:51;687;1003;687;;8768
01:01:51;687;1003;687;;8824
01:01:52;687;1003;687;;8740
01:01:52;687;1003;687;;8740
01:01:53;687;1003;687;;8716
01:01:53;687;1003;687;;8744
01:01:54;687;1003;687;;8848
01:01:54;687;1003;687;;8816
01:01:55;687;1003;687;;8764
01:01:55;687;1003;687;;8772
01:01:56;687;1003;687;;8772
01:01:56;687;1003;687;;8792
01:01:57;687;1002;687;;8768
01:01:57;687;1002;687;;8744
01:01:58;687;1002;687;;8744
01:01:58;687;1002;687;;8868
01:01:59;687;1002;687;;8744
01:01:59;687;1002;687;;8772
01:02:00;687;1002;687;;8740
01:02:00;687;1002;687;;8820
01:02:01;687;1002;687;;8824
01:02:01;687;1002;687;;8820
01:02:02;687;1002;687;;8868
01:02:02;687;1002;687;;8744
01:02:03;687;1002;687;;8820
01:02:03;687;1002;687;;8796
01:02:04;687;1002;687;;8796
01:02:04;687;1002;687;;8744
01:02:05;687;1002;687;;8896
01:02:05;687;1002;687;;8744
01:02:06;687;1002;687;;8740
01:02:06;687;1002;687;;8744
01:02:07;687;1002;687;;8740
01:02:08;687;1002;687;;8772
01:02:08;687;1002;687;;8744
01:02:09;687;1002;687;;8792
01:02:09;687;1002;687;;8792
01:02:10;687;1002;687;;8740
01:02:10;687;1002;687;;8792
01:02:11;687;1002;687;;8792
01:02:11;687;1002;687;;8772
01:02:12;687;1002;687;;8824
01:02:12;687;1002;687;;8740
01:02:13;687;1002;687;;8792
01:02:13;687;1002;687;;8744
01:02:14;687;1002;687;;8744
01:02:14;687;1002;687;;8744
01:02:15;687;1001;687;;8772
01:02:15;687;1001;687;;8744
01:02:16;687;1002;687;;8772
01:02:16;687;1002;687;;8740
01:02:17;687;1001;687;;8768
01:02:17;687;1001;687;;8744
01:02:18;687;1001;687;;8796
01:02:18;687;1001;687;;8872
01:02:19;687;1001;687;;8792
01:02:19;687;1001;687;;8796
01:02:20;687;1001;687;;8740
01:02:20;687;1001;687;;8796
01:02:21;687;1001;687;;8768
01:02:21;687;1001;687;;8792
01:02:22;687;1001;687;;8772
01:02:22;687;1001;687;;8744
01:02:23;687;1001;687;;8796
01:02:23;687;1001;687;;8744
01:02:24;687;1001;687;;8796
01:02:24;687;1001;687;;8792
01:02:25;687;1001;687;;8768
01:02:25;687;1001;687;;8720
01:02:26;687;1001;687;;8820
01:02:26;687;1001;687;;8792
01:02:27;687;1001;687;;8792
01:02:27;687;1001;687;;8820
01:02:28;687;1001;687;;8744
01:02:28;687;1001;687;;8740
01:02:29;687;1001;687;;8792
01:02:29;687;1001;687;;8764
01:02:30;687;1001;687;;8744
01:02:30;687;1001;687;;8816
01:02:31;687;1001;687;;8868
01:02:31;687;1001;687;;8816
01:02:32;687;1001;687;;8740
01:02:32;687;1001;687;;8748
01:02:33;687;1001;687;;8824
01:02:33;687;1001;687;;8744
01:02:34;687;1001;687;;8792
01:02:34;687;1001;687;;8716
01:02:35;687;1001;687;;8768
01:02:35;687;1001;687;;8796
01:02:36;687;1001;687;;8796
01:02:36;687;1001;687;;8792
01:02:37;687;1001;687;;8768
01:02:37;687;1001;687;;8744
01:02:38;687;1001;687;;8772
01:02:38;687;1001;687;;8820
01:02:39;687;1001;687;;8744
01:02:39;687;1001;687;;8744
01:02:40;687;1001;687;;8744
01:02:41;687;1001;687;;8796
01:02:41;687;1001;687;;8796
01:02:42;687;1001;687;;8768
01:02:42;687;1001;687;;8820
01:02:43;687;1001;687;;8844
01:02:43;687;1001;687;;8848
01:02:44;687;1001;687;;8792
01:02:44;687;1001;687;;8872
01:02:45;687;1001;687;;8900
01:02:45;687;1001;687;;8796
01:02:46;687;1001;687;;8768
01:02:46;687;1001;687;;8792
01:02:47;687;1001;687;;8740
01:02:47;687;1001;687;;8820
01:02:48;687;1001;687;;8792
01:02:48;687;1001;687;;8768
01:02:49;687;1001;687;;8744
01:02:49;687;1001;687;;8720
01:02:50;687;1001;687;;8744
01:02:50;687;1001;687;;8796
01:02:51;687;1001;687;;8740
01:02:51;687;1001;687;;8796
01:02:52;687;1001;687;;8716
01:02:52;687;1001;687;;8820
01:02:53;687;1001;687;;8820
01:02:53;687;1001;687;;8740
01:02:54;687;1001;687;;8792
01:02:54;687;1001;687;;8744
01:02:55;687;1001;687;;8768
01:02:55;687;1001;687;;8772
01:02:56;687;1001;687;;8772
01:02:56;687;1001;687;;8796
01:02:57;687;1001;687;;8772
01:02:57;687;1001;687;;8872
01:02:58;687;1001;687;;8872
01:02:58;687;1001;687;;8744
01:02:59;687;1001;687;;8820
01:02:59;687;1001;687;;8768
01:03:00;687;1001;687;;8744
01:03:00;687;1001;687;;8820
01:03:01;687;1001;687;;8768
01:03:01;687;1001;687;;8796
01:03:02;687;1001;687;;8744
01:03:02;687;1001;687;;8772
01:03:03;687;1001;687;;8768
01:03:03;687;1001;687;;8768
01:03:04;687;1001;687;;8768
01:03:04;687;1001;687;;8764
01:03:05;687;1001;687;;8820
01:03:05;687;1001;687;;8748
01:03:06;687;1001;687;;8744
01:03:06;687;1001;687;;8896
01:03:07;687;1001;687;;8744
01:03:07;687;1001;687;;8848
01:03:08;687;1001;687;;8792
01:03:08;687;1001;687;;8740
01:03:09;687;1001;687;;8764
01:03:09;687;1001;687;;8744
01:03:10;687;1001;687;;8768
01:03:10;687;1001;687;;8772
01:03:11;687;1001;687;;8768
01:03:11;687;1001;687;;8872
01:03:12;687;1001;687;;8740
01:03:12;687;1001;687;;8824
01:03:13;687;1001;687;;8740
01:03:13;687;1001;687;;8744
01:03:14;687;1001;687;;8768
01:03:15;687;1001;687;;8740
01:03:15;687;1001;687;;8744
01:03:16;687;1001;687;;8824
01:03:16;687;1001;687;;8772
01:03:17;687;1001;687;;8796
01:03:17;687;1001;687;;8820
01:03:18;687;1001;687;;8920
01:03:18;687;1001;687;;8740
01:03:19;687;1001;687;;8740
01:03:19;687;1001;687;;8844
01:03:20;687;1001;687;;8768
01:03:20;687;1001;687;;8792
01:03:21;687;1001;687;;8820
01:03:21;687;1001;687;;8740
01:03:22;687;1001;687;;8768
01:03:22;687;1001;687;;8740
01:03:23;687;1001;687;;8768
01:03:23;687;1001;687;;8768
01:03:24;687;1002;687;;8768
01:03:24;687;1002;687;;8768
01:03:25;687;1002;687;;8844
01:03:25;687;1002;687;;8768
01:03:26;687;1002;687;;8744
01:03:26;687;1002;687;;8820
01:03:27;687;1002;687;;8768
01:03:27;687;1002;687;;8740
01:03:28;687;1002;687;;8744
01:03:28;687;1002;687;;8792
01:03:29;687;1002;687;;8740
01:03:29;687;1002;687;;8772
01:03:30;687;1002;687;;8800
01:03:30;687;1002;687;;8768
01:03:31;687;1002;687;;8768
01:03:31;687;1002;687;;8820
01:03:32;687;1002;687;;8772
01:03:32;687;1002;687;;8768
01:03:33;687;1002;687;;8768
01:03:33;687;1002;687;;8740
01:03:34;687;1002;687;;8744
01:03:34;687;1002;687;;8768
01:03:35;687;1003;687;;8872
01:03:35;687;1003;687;;8844
01:03:36;687;1003;687;;8872
01:03:36;687;1003;687;;8744
01:03:37;687;1003;687;;8792
01:03:37;687;1003;687;;8824
01:03:38;687;1003;687;;8824
01:03:38;687;1003;687;;8744
01:03:39;687;1003;687;;8820
01:03:39;687;1003;687;;8744
01:03:40;687;1003;687;;8848
01:03:40;687;1003;687;;8768
01:03:41;687;1003;687;;8868
01:03:41;687;1003;687;;8744
01:03:42;687;1003;688;;8792
01:03:42;687;1003;688;;8824
01:03:43;687;1003;687;;8820
01:03:43;687;1003;687;;8796
01:03:44;687;1003;688;;8820
01:03:44;687;1003;688;;8744
01:03:45;687;1004;688;;8772
01:03:45;687;1004;688;;8820
01:03:46;688;1004;688;;8740
01:03:46;688;1004;688;;8744
01:03:47;688;1004;688;;8744
01:03:47;688;1004;688;;8820
01:03:48;688;1004;688;;8792
01:03:49;688;1004;688;;8820
01:03:49;688;1004;688;;8796
01:03:50;688;1004;688;;8852
01:03:50;688;1004;688;;8744
01:03:51;688;1004;688;;8824
01:03:51;688;1004;688;;8768
01:03:52;688;1004;688;;8768
01:03:52;688;1004;688;;8768
01:03:53;688;1004;688;;8820
01:03:53;688;1004;688;;8792
01:03:54;688;1004;688;;8740
01:03:54;688;1004;688;;8792
01:03:55;688;1004;688;;8792
01:03:55;688;1004;688;;8792
01:03:56;688;1004;688;;8740
01:03:56;688;1004;688;;8868
01:03:57;688;1004;688;;8744
01:03:57;688;1004;688;;8744
01:03:58;688;1004;688;;8744
01:03:58;688;1004;688;;8744
01:03:59;688;1004;688;;8872
01:03:59;688;1004;688;;8744
01:04:00;688;1004;688;;8768
01:04:00;688;1004;688;;8744
01:04:01;688;1004;688;;8792
01:04:01;688;1004;688;;8796
01:04:02;688;1004;688;;8848
01:04:02;688;1004;688;;8792
01:04:03;688;1004;688;;8768
01:04:03;688;1004;688;;8876
01:04:04;688;1005;688;;8768
01:04:04;688;1005;688;;8744
01:04:05;688;1005;688;;8796
01:04:05;688;1005;688;;8772
01:04:06;688;1005;688;;8744
01:04:06;688;1005;688;;8872
01:04:07;688;1005;688;;8740
01:04:07;688;1005;688;;8744
01:04:08;688;1005;688;;8744
01:04:08;688;1005;688;;8744
01:04:09;688;1005;688;;8772
01:04:09;688;1005;688;;8820
01:04:10;688;1005;688;;8772
01:04:10;688;1005;688;;8868
01:04:11;688;1005;688;;8740
01:04:11;688;1005;688;;8820
01:04:12;688;1005;688;;8792
01:04:12;688;1005;688;;8744
01:04:13;688;1006;688;;8744
01:04:13;688;1006;688;;8744
01:04:14;688;1006;688;;8820
01:04:14;688;1006;688;;8768
01:04:15;688;1006;688;;8768
01:04:15;688;1006;688;;8740
01:04:16;688;1006;688;;8740
01:04:16;688;1006;688;;8816
01:04:17;688;1006;688;;8900
01:04:17;688;1006;688;;8740
01:04:18;688;1006;688;;8872
01:04:18;688;1006;688;;8768
01:04:19;688;1006;688;;8820
01:04:19;688;1006;688;;8772
01:04:20;688;1006;688;;8820
01:04:20;688;1006;688;;8772
01:04:21;688;1006;688;;8744
01:04:22;688;1006;688;;8772
01:04:22;688;1006;688;;8768
01:04:23;688;1006;688;;8820
01:04:23;688;1006;688;;8768
01:04:24;688;1006;688;;8768
01:04:24;688;1006;688;;8744
01:04:25;688;1006;688;;8740
01:04:25;688;1006;688;;8768
01:04:26;688;1006;688;;8816
01:04:26;688;1006;688;;8768
01:04:27;688;1006;688;;8744
01:04:27;688;1006;688;;8744
01:04:28;688;1006;688;;8772
01:04:28;688;1006;688;;8792
01:04:29;688;1006;688;;8820
01:04:29;688;1006;688;;8744
01:04:30;688;1006;688;;8824
01:04:30;688;1006;688;;8744
01:04:31;688;1006;689;;8768
01:04:31;688;1006;689;;8824
01:04:32;688;1006;688;;8744
01:04:32;688;1006;688;;8744
01:04:33;688;1006;689;;8772
01:04:33;688;1006;689;;8744
01:04:34;688;1006;689;;8848
01:04:34;688;1006;689;;8848
01:04:35;688;1006;689;;8740
01:04:35;688;1006;689;;8868
01:04:36;688;1006;689;;8744
01:04:36;688;1006;689;;8824
01:04:37;688;1006;689;;8744
01:04:37;688;1006;689;;8744
01:04:38;688;1006;689;;8820
01:04:38;688;1006;689;;8872
01:04:39;689;1006;689;;8744
01:04:39;689;1006;689;;8824
01:04:40;689;1007;689;;8820
01:04:40;689;1007;689;;8772
01:04:41;689;1007;689;;8772
01:04:41;689;1007;689;;8796
01:04:42;689;1007;689;;8796
01:04:42;689;1007;689;;8792
01:04:43;689;1007;689;;8744
01:04:43;689;1007;689;;8768
01:04:44;689;1007;689;;8872
01:04:44;689;1007;689;;8744
01:04:45;689;1007;689;;8772
01:04:45;689;1007;689;;8744
01:04:46;689;1007;689;;8772
01:04:46;689;1007;689;;8768
01:04:47;689;1007;689;;8740
01:04:47;689;1007;689;;8768
01:04:48;688;1006;689;;8872
01:04:48;688;1006;689;;8768
01:04:49;689;1006;689;;8768
01:04:49;689;1006;689;;8768
01:04:50;688;1006;689;;8744
01:04:50;688;1006;689;;8772
01:04:51;689;1006;689;;8820
01:04:51;689;1006;689;;8768
01:04:52;689;1006;689;;8744
01:04:52;689;1006;689;;8744
01:04:53;689;1006;689;;8764
01:04:53;689;1006;689;;8820
01:04:54;689;1006;689;;8820
01:04:54;689;1006;689;;8816
01:04:55;689;1006;689;;8796
01:04:56;689;1007;689;;8744
01:04:56;689;1007;689;;8740
01:04:57;689;1006;689;;8744
01:04:57;689;1006;689;;8792
01:04:58;689;1006;689;;8744
01:04:58;689;1006;689;;8792
01:04:59;689;1006;689;;8768
01:04:59;689;1006;689;;8764
01:05:00;689;1006;689;;8744
01:05:00;689;1006;689;;8744
01:05:01;689;1006;689;;8924
01:05:01;689;1006;689;;8792
01:05:02;689;1006;689;;8772
01:05:02;689;1006;689;;8772
01:05:03;689;1006;689;;8872
01:05:03;689;1006;689;;8796
01:05:04;689;1006;689;;8820
01:05:04;689;1006;689;;8740
01:05:05;688;1006;689;;8768
01:05:05;688;1006;689;;8820
01:05:06;688;1006;689;;8768
01:05:06;688;1006;689;;8796
01:05:07;688;1006;688;;8796
01:05:07;688;1006;688;;8820
01:05:08;688;1006;689;;8772
01:05:08;688;1006;689;;8820
01:05:09;688;1006;688;;8796
01:05:09;688;1006;688;;8796
01:05:10;688;1006;688;;8768
01:05:10;688;1006;688;;8768
01:05:11;688;1006;688;;8796
01:05:11;688;1006;688;;8820
01:05:12;688;1006;688;;8820
01:05:12;688;1006;688;;8768
01:05:13;688;1006;688;;8744
01:05:13;688;1006;688;;8820
01:05:14;688;1006;688;;8824
01:05:14;688;1006;688;;8772
01:05:15;688;1006;688;;8744
01:05:15;688;1006;688;;8768
01:05:16;688;1006;688;;8772
01:05:16;688;1006;688;;8744
01:05:17;688;1006;688;;8792
01:05:17;688;1006;688;;8744
01:05:25;691;1015;691;;8740
01:05:25;691;1015;691;;8744
01:05:37;694;1022;694;;8744
01:05:38;693;1019;693;;8772
01:05:55;694;1022;694;;8788
01:05:56;692;1018;692;;8744
01:05:56;692;1018;692;;8768
