11:24:10;705;1023;716;
11:24:11;715;1023;716;
11:24:12;716;1023;716;
11:24:13;716;1023;716;
11:24:14;716;1023;716;
11:24:15;716;1023;716;
11:24:16;716;1023;716;
11:24:17;716;1023;716;
11:24:18;716;1023;716;
11:24:19;716;1023;716;
11:24:20;716;1023;716;
11:24:21;716;1023;716;
11:24:22;716;1023;716;
11:24:23;716;1023;716;
11:24:24;715;1022;714;
11:25:14;713;1023;717;
11:25:15;714;1023;716;
11:25:16;715;1023;716;
11:25:17;716;1023;716;
11:25:18;716;1023;716;
11:25:19;716;1023;716;
11:25:20;716;1023;716;
11:25:21;716;1023;716;
11:25:22;716;1023;716;
11:25:23;716;1023;716;
11:25:24;716;1023;716;
11:25:25;716;1023;716;
11:25:26;716;1023;716;
11:25:27;716;1023;716;
11:25:28;716;1023;716;
11:25:29;716;1023;716;
11:25:30;716;1023;716;
11:25:31;716;1023;716;
11:25:32;716;1023;716;
11:25:33;716;1023;716;
11:25:34;716;1023;716;
11:25:35;716;1023;716;
11:25:36;716;1023;716;
11:25:37;716;1023;716;
11:25:38;716;1023;716;
11:25:39;716;1023;716;
11:25:40;716;1023;716;
11:25:41;716;1023;716;
11:25:42;716;1023;716;
11:25:43;716;1023;716;
11:25:44;716;1023;716;
11:25:45;716;1023;716;
11:25:46;716;1023;716;
11:25:47;716;1023;716;
11:25:48;716;1023;716;
11:25:49;716;1023;716;
11:25:50;716;1023;716;
11:25:51;716;1023;716;
11:25:52;716;1023;716;
11:25:53;716;1023;716;
11:25:54;716;1023;716;
11:25:55;716;1023;716;
11:25:56;716;1023;716;
11:25:57;716;1023;716;
11:25:58;716;1023;716;
11:25:59;716;1023;716;
11:26:00;716;1023;716;
11:26:01;716;1023;716;
11:26:02;716;1023;716;
11:26:03;716;1023;716;
11:26:04;716;1023;716;
11:26:05;716;1023;716;
11:26:06;716;1023;716;
11:26:07;716;1023;716;
11:26:08;716;1023;716;
11:26:09;716;1023;716;
11:26:10;716;1023;716;
11:26:11;716;1023;716;
11:26:12;716;1023;716;
11:26:13;716;1023;716;
11:26:14;716;1023;716;
11:26:15;716;1023;716;
11:26:16;716;1023;716;
11:26:17;716;1023;716;
11:26:18;716;1023;716;
11:26:19;716;1023;716;
11:26:20;716;1023;716;
11:26:21;716;1023;716;
11:26:22;716;1023;716;
11:26:23;716;1023;716;
11:26:24;716;1023;716;
11:26:25;716;1023;716;
11:26:26;716;1023;716;
11:26:27;716;1023;716;
11:26:28;716;1023;716;
11:26:29;716;1023;716;
11:26:30;716;1023;716;
11:26:31;716;1023;716;
11:26:32;716;1023;716;
11:26:33;716;1023;716;
11:27:14;715;1023;716;;9672
11:27:14;715;1023;716;;9620
11:27:15;716;1023;716;;8712
11:27:15;716;1023;716;;7876
11:27:16;716;1023;716;;7892
11:27:16;716;1023;716;;9872
11:27:17;716;1023;716;;7840
11:27:17;716;1023;716;;7964
11:27:18;716;1023;716;;7980
11:27:18;716;1023;716;;7684
11:27:19;716;1023;716;;8212
11:27:19;716;1023;716;;7936
11:27:20;716;1023;716;;7912
11:27:20;716;1023;716;;7900
11:27:21;716;1023;716;;7908
11:27:21;716;1023;716;;7864
11:27:22;716;1023;716;;8044
11:27:22;716;1023;716;;7888
11:27:23;716;1023;716;;7856
11:27:23;716;1023;716;;8068
11:27:24;716;1023;716;;9868
11:27:24;716;1023;716;;9992
11:27:25;716;1023;716;;10340
11:27:28;716;1023;716;;10164
11:27:29;716;1023;716;;9896
11:27:29;716;1023;716;;10048
11:27:30;716;1023;716;;7736
11:27:30;716;1023;716;;10020
11:27:31;716;1023;716;;9892
11:27:31;716;1023;716;;9868
11:27:32;716;1023;716;;9896
11:27:32;716;1023;716;;9796
11:27:33;716;1023;716;;9792
11:27:33;716;1023;716;;9896
11:27:34;716;1023;716;;7776
11:27:34;716;1023;716;;7684
11:27:35;716;1023;716;;7740
11:27:35;716;1023;716;;7736
11:27:36;716;1023;716;;7756
11:27:36;716;1023;716;;9820
11:27:37;716;1023;716;;9916
11:27:37;716;1023;716;;9940
11:27:38;716;1023;716;;9872
11:27:38;716;1023;716;;9892
11:27:39;716;1023;716;;9964
11:27:39;716;1023;716;;14788
11:27:40;716;1023;716;;14588
11:27:40;716;1023;716;;9916
11:27:41;716;1023;716;;9916
11:27:41;716;1023;716;;9940
11:27:42;716;1023;716;;9940
11:27:42;716;1023;716;;9888
11:27:43;716;1023;716;;9940
11:27:43;716;1023;716;;9916
11:27:44;716;1023;716;;9868
11:27:44;716;1023;716;;9844
11:27:45;716;1023;716;;9888
11:27:45;716;1023;716;;9964
11:27:46;716;1023;716;;9916
11:27:46;716;1023;716;;9892
11:27:47;716;1023;716;;9992
11:27:47;716;1023;716;;9868
11:27:48;716;1023;716;;10564
11:27:49;716;1023;716;;10760
11:27:49;716;1023;716;;10712
11:27:50;716;1023;716;;14132
11:27:50;716;1023;716;;14012
11:27:51;716;1023;716;;10468
11:27:51;716;1023;716;;9964
11:27:52;716;1023;716;;14012
11:27:52;716;1023;716;;9944
11:27:53;716;1023;716;;9896
11:27:53;716;1023;716;;9924
11:27:54;716;1023;716;;9872
11:27:54;716;1023;716;;9992
11:27:55;716;1023;716;;10016
11:27:55;716;1023;716;;9868
11:27:56;716;1023;716;;9820
11:27:56;716;1023;716;;9848
11:27:57;716;1023;716;;9824
11:27:57;716;1023;716;;9896
11:27:58;716;1023;716;;9896
11:27:58;716;1023;716;;10068
11:27:59;716;1023;716;;9824
11:27:59;716;1023;716;;9892
11:28:00;716;1023;716;;9916
11:28:00;716;1023;716;;9820
11:28:01;716;1023;716;;9824
11:28:01;716;1023;716;;10596
11:28:02;716;1023;716;;9852
11:28:02;716;1023;716;;9924
11:28:03;716;1023;716;;9944
11:28:03;716;1023;716;;9824
11:28:04;716;1023;716;;9876
11:28:04;716;1023;716;;10068
11:28:05;716;1023;716;;9924
11:28:05;716;1023;716;;10044
11:28:06;716;1023;716;;9896
11:28:06;716;1023;716;;9920
11:28:07;716;1023;716;;9868
11:28:07;716;1023;716;;9796
11:28:08;716;1023;716;;9996
11:28:08;716;1023;716;;9968
11:28:09;716;1023;716;;9900
11:28:09;716;1023;716;;9852
11:28:10;716;1023;716;;9924
11:28:10;716;1023;716;;9924
11:28:11;716;1023;716;;9924
11:28:11;716;1023;716;;9824
11:28:12;716;1023;716;;9896
11:28:12;716;1023;716;;9896
11:28:13;716;1023;716;;10100
11:28:13;716;1023;716;;9852
11:28:14;716;1023;716;;9900
11:28:14;716;1023;716;;9804
11:28:15;716;1023;716;;9968
11:28:15;716;1023;716;;9804
11:28:16;716;1023;716;;9776
11:28:16;716;1023;716;;9924
11:28:17;716;1023;716;;9900
11:28:17;716;1023;716;;9896
11:28:18;716;1023;716;;9924
11:28:18;716;1023;716;;9900
11:28:19;716;1023;716;;9800
11:28:19;716;1023;716;;9928
11:28:20;716;1023;716;;9848
11:28:20;716;1023;716;;9800
11:28:21;716;1023;716;;9852
11:28:22;716;1023;716;;9948
11:28:22;716;1023;716;;9924
11:28:23;716;1023;716;;9872
11:28:23;716;1023;716;;9924
11:28:24;716;1023;716;;9996
11:28:24;716;1023;716;;9820
11:28:25;716;1023;716;;9896
11:28:25;716;1023;716;;10020
11:28:26;716;1023;716;;9896
11:28:26;716;1023;716;;10016
11:28:27;716;1023;716;;9852
11:28:27;716;1023;716;;9828
11:28:28;716;1023;716;;9996
11:28:28;716;1023;716;;9848
11:28:29;716;1023;716;;10144
11:28:29;716;1023;716;;9848
11:28:30;716;1023;716;;10020
11:28:30;716;1023;716;;9992
11:28:31;716;1023;716;;9824
11:28:31;716;1023;716;;9920
11:28:32;716;1023;716;;9824
11:28:32;716;1023;716;;9948
11:28:33;716;1023;716;;9824
11:28:33;716;1023;716;;9856
11:28:34;716;1023;716;;9900
11:28:34;716;1023;716;;9948
11:28:35;716;1023;716;;9828
11:28:35;716;1023;716;;9800
11:28:36;716;1023;716;;10072
11:28:36;716;1023;716;;9920
11:28:37;716;1023;716;;10068
11:28:37;716;1023;716;;8424
11:28:38;716;1023;716;;8416
11:28:38;716;1023;716;;9972
11:28:39;716;1023;716;;9896
11:28:39;716;1023;716;;9896
11:28:40;716;1023;716;;6732
11:28:40;716;1023;716;;9896
11:28:41;716;1023;716;;10540
11:28:41;716;1023;716;;9896
11:28:42;716;1023;716;;9868
11:28:42;716;1023;716;;9896
11:28:43;716;1023;716;;9796
11:28:43;716;1023;716;;9920
11:28:44;716;1023;716;;9892
11:28:44;716;1023;716;;9868
11:28:45;716;1023;716;;9792
11:28:45;716;1023;716;;9916
11:28:46;716;1023;716;;9872
11:28:46;716;1023;716;;9916
11:28:47;716;1023;716;;14036
11:28:47;716;1023;716;;10764
11:28:48;716;1023;716;;9920
11:28:48;716;1023;716;;9892
11:28:49;716;1023;716;;9944
11:28:49;716;1023;716;;9920
11:28:50;716;1023;716;;9920
11:28:50;716;1023;716;;9852
11:28:51;716;1023;716;;9848
11:28:51;716;1023;716;;9800
11:28:52;716;1023;716;;9776
11:28:52;716;1023;716;;9996
11:28:53;716;1023;716;;9848
11:28:53;716;1023;716;;9824
11:28:54;716;1023;716;;9828
11:28:54;716;1023;716;;10020
11:28:55;716;1023;716;;9940
11:28:56;716;1023;716;;9744
11:28:56;716;1023;716;;14540
11:28:57;716;1023;716;;14540
11:28:57;716;1023;716;;10716
11:28:58;716;1023;716;;10568
11:28:58;716;1023;716;;10520
11:28:59;716;1023;716;;10616
11:28:59;716;1023;716;;14492
11:29:00;716;1023;716;;10400
11:29:00;716;1023;716;;10420
11:29:01;716;1023;716;;14564
11:29:01;716;1023;716;;11580
11:29:02;716;1023;716;;7268
11:29:02;716;1023;716;;14108
11:29:03;716;1023;716;;10692
11:29:03;716;1023;716;;10348
11:29:04;716;1023;716;;14492
11:29:04;716;1023;716;;7260
11:29:05;716;1023;716;;7408
11:29:05;716;1023;716;;10736
11:29:06;716;1023;716;;7140
11:29:06;716;1023;716;;10692
11:29:07;716;1023;716;;10596
11:29:07;716;1023;716;;6820
11:29:08;716;1023;716;;6880
11:29:08;716;1023;716;;14540
11:29:09;716;1023;715;;9988
11:29:09;716;1023;715;;9984
11:29:10;716;1023;716;;10372
11:29:10;716;1023;716;;10444
11:29:11;716;1023;716;;10544
11:29:11;716;1023;716;;14492
11:29:12;716;1023;716;;7568
11:29:12;716;1023;716;;10472
11:29:13;716;1023;716;;10448
11:29:13;716;1023;716;;10420
11:29:14;716;1023;716;;10044
11:29:14;716;1023;716;;10120
11:29:15;716;1023;716;;10124
11:29:15;716;1023;716;;10572
11:29:16;716;1023;716;;9924
11:29:16;716;1023;716;;9976
11:29:17;716;1023;716;;10108
11:29:17;716;1023;716;;10124
11:29:18;716;1023;716;;10052
11:29:18;716;1023;716;;9980
11:29:19;716;1023;716;;10028
11:29:19;716;1023;716;;9980
11:29:20;715;1023;716;;10228
11:29:20;715;1023;716;;10032
11:29:21;716;1023;716;;9960
11:29:21;716;1023;716;;10032
11:29:22;716;1023;716;;10532
11:29:22;716;1023;716;;10260
11:29:23;716;1023;716;;10208
11:29:23;716;1023;716;;10032
11:29:24;716;1023;716;;10276
11:29:24;716;1023;716;;10408
11:29:25;716;1023;716;;9940
11:29:26;716;1023;716;;9964
11:29:26;716;1023;716;;10076
11:29:27;716;1023;716;;10032
11:29:27;716;1023;716;;10004
11:29:28;716;1023;716;;10276
11:29:28;716;1023;716;;9980
11:29:29;716;1023;716;;10028
11:29:29;716;1023;716;;10048
11:29:30;716;1023;716;;10052
11:29:30;716;1023;716;;10172
11:29:31;716;1023;716;;10100
11:29:31;716;1023;716;;10052
11:29:32;716;1023;716;;10028
11:29:32;716;1023;716;;10100
11:29:33;716;1023;716;;10000
11:29:33;716;1023;716;;10004
11:29:34;716;1023;716;;9980
11:29:34;716;1023;716;;9980
11:29:35;716;1023;716;;9932
11:29:35;716;1023;716;;10028
11:29:36;716;1023;716;;10008
11:29:36;716;1023;716;;10032
11:29:37;715;1023;715;;10080
11:29:37;715;1023;715;;9984
11:29:38;716;1023;716;;10056
11:29:38;716;1023;716;;9960
11:29:39;716;1023;716;;10144
11:29:39;716;1023;716;;9984
11:29:40;716;1023;716;;10180
11:29:40;716;1023;716;;10156
11:29:41;716;1023;716;;10180
11:29:41;716;1023;716;;10152
11:29:42;716;1023;716;;10004
11:29:42;716;1023;716;;10060
11:29:43;715;1023;716;;10076
11:29:43;715;1023;716;;10076
11:29:44;716;1023;716;;10052
11:29:44;716;1023;716;;10028
11:29:45;716;1023;716;;10100
11:29:45;716;1023;716;;9932
11:29:46;716;1023;716;;10128
11:29:46;716;1023;716;;10128
11:29:47;715;1023;716;;10140
11:29:47;715;1023;716;;10100
11:29:48;715;1023;716;;10176
11:29:48;715;1023;716;;10056
11:29:49;715;1023;716;;10164
11:29:49;715;1023;716;;9932
11:29:50;716;1023;716;;10176
11:29:50;716;1023;716;;9964
11:29:51;715;1023;716;;10232
11:29:51;715;1023;716;;10208
11:29:52;715;1023;716;;14140
11:29:52;715;1023;716;;14092
11:29:53;716;1023;716;;10008
11:29:53;716;1023;716;;10100
11:29:54;715;1023;716;;14216
11:29:54;715;1023;716;;10644
11:29:55;716;1023;716;;10524
11:29:55;716;1023;716;;14548
11:29:56;716;1023;716;;10004
11:29:56;716;1023;716;;10100
11:29:57;716;1023;716;;10172
11:29:58;716;1023;716;;10000
11:29:58;716;1023;716;;10024
11:29:59;715;1023;716;;14964
11:29:59;715;1023;716;;14140
11:30:00;716;1023;716;;14364
11:30:00;716;1023;716;;14472
11:30:01;715;1023;716;;10836
11:30:01;715;1023;716;;14492
11:30:02;715;1023;716;;14544
11:30:02;715;1023;716;;14616
11:30:03;715;1023;716;;14464
11:30:03;715;1023;716;;14612
11:30:04;715;1023;716;;14708
11:30:04;715;1023;716;;10548
11:30:05;715;1023;716;;14080
11:30:05;715;1023;716;;14388
11:30:06;715;1023;716;;14180
11:30:06;715;1023;716;;8504
11:30:07;715;1023;716;;14564
11:30:07;715;1023;716;;14488
11:30:08;715;1023;716;;8328
11:30:08;715;1023;716;;11892
11:30:09;715;1023;716;;10548
11:30:09;715;1023;716;;12012
11:30:10;715;1023;716;;10404
11:30:10;715;1023;716;;10528
11:30:11;715;1023;716;;10800
11:30:11;715;1023;716;;11888
11:30:12;715;1023;716;;11988
11:30:12;715;1023;716;;10404
11:30:13;715;1023;716;;11796
11:30:13;715;1023;716;;10448
11:30:14;715;1023;716;;11920
11:30:14;715;1023;716;;8548
11:30:15;715;1023;716;;10548
11:30:15;715;1023;716;;10676
11:30:16;715;1023;716;;10572
11:30:16;715;1023;716;;10428
11:30:17;715;1023;716;;10524
11:30:17;715;1023;716;;8300
11:30:18;715;1023;716;;14132
11:30:18;715;1023;716;;8172
11:30:19;715;1023;716;;7452
11:30:19;715;1023;716;;14004
11:30:20;715;1023;716;;13960
11:30:20;715;1023;716;;14036
11:30:21;715;1023;716;;14012
11:30:21;715;1023;716;;14012
11:30:22;715;1023;716;;14012
11:30:22;715;1023;716;;13988
11:30:23;715;1023;716;;14064
11:30:24;715;1023;716;;14228
11:30:24;715;1023;716;;12520
11:30:25;715;1023;716;;14464
11:30:25;715;1023;716;;7132
11:30:26;715;1023;716;;6688
11:30:26;715;1023;716;;14464
11:30:27;715;1023;716;;14540
11:30:27;715;1023;716;;14492
11:30:28;715;1023;716;;14464
11:30:28;715;1023;716;;14516
11:30:29;715;1023;716;;14372
11:30:29;715;1023;716;;14304
11:30:30;715;1023;716;;14300
11:30:30;715;1023;716;;14200
11:30:31;715;1023;716;;14224
11:30:31;715;1023;716;;14300
11:30:32;715;1023;716;;14588
11:30:32;715;1023;716;;14324
11:30:33;715;1023;716;;14544
11:30:33;715;1023;716;;14704
11:30:34;715;1023;716;;14052
11:30:34;715;1023;716;;14008
11:30:35;715;1023;716;;14448
11:30:35;715;1023;716;;14468
11:30:36;715;1023;716;;14496
11:30:36;715;1023;716;;14492
11:30:37;715;1023;716;;14492
11:30:37;715;1023;716;;14444
11:30:38;715;1023;716;;14444
11:30:38;715;1023;716;;9060
11:30:39;715;1023;716;;14392
11:30:39;715;1023;716;;9544
11:30:40;715;1023;716;;9612
11:30:40;715;1023;716;;14392
11:30:41;715;1023;716;;14516
11:30:41;715;1023;716;;8528
11:30:42;715;1023;716;;9288
11:30:42;715;1023;716;;8200
11:30:43;715;1023;715;;14432
11:30:43;715;1023;715;;14340
11:30:44;715;1023;716;;7944
11:30:44;715;1023;716;;14368
11:30:45;715;1023;716;;14340
11:30:45;715;1023;716;;14488
11:30:46;715;1023;716;;14540
11:30:46;715;1023;716;;14468
11:30:47;715;1023;715;;14520
11:30:48;715;1023;716;;14460
11:30:48;715;1023;716;;14488
11:30:49;715;1023;715;;8212
11:30:49;715;1023;715;;8308
11:30:50;715;1023;716;;14664
11:30:50;715;1023;716;;14364
11:30:51;715;1023;715;;7812
11:30:51;715;1023;715;;7572
11:30:52;715;1023;716;;7528
11:30:52;715;1023;716;;15008
11:30:53;715;1023;716;;7296
11:30:53;715;1023;716;;8576
11:30:54;715;1023;716;;8780
11:30:54;715;1023;716;;14308
11:30:55;715;1023;716;;14052
11:30:55;715;1023;716;;14032
11:30:56;715;1023;715;;14356
11:30:56;715;1023;715;;13976
11:30:57;715;1023;715;;14048
11:30:57;715;1023;715;;13952
11:30:58;715;1023;715;;14004
11:30:58;715;1023;715;;14580
11:30:59;715;1023;715;;14508
11:30:59;715;1023;715;;14588
11:31:00;715;1023;715;;14660
11:31:00;715;1023;715;;14584
11:31:01;715;1023;715;;13460
11:31:01;715;1023;715;;13504
11:31:02;715;1023;716;;14152
11:31:02;715;1023;716;;14632
11:31:03;715;1023;715;;14780
11:31:03;715;1023;715;;14508
11:31:04;715;1023;715;;14556
11:31:04;715;1023;715;;14576
11:31:05;715;1023;715;;14556
11:31:05;715;1023;715;;134924
11:31:06;715;1023;715;;14580
11:31:06;715;1023;715;;14532
11:31:07;715;1023;716;;14508
11:31:07;715;1023;716;;6456
11:31:08;715;1023;715;;14440
11:31:09;715;1023;715;;15084
11:31:09;715;1023;715;;14488
11:31:10;715;1023;715;;14364
11:31:10;715;1023;715;;14360
11:31:11;715;1023;715;;14360
11:31:11;715;1023;715;;14308
11:31:12;715;1023;715;;14312
11:31:12;715;1023;715;;14336
11:31:13;715;1023;715;;14508
11:31:13;715;1023;715;;7884
11:31:14;715;1023;715;;14584
11:31:14;715;1023;715;;14204
11:31:15;715;1023;715;;14244
11:31:15;715;1023;715;;13976
11:31:16;715;1023;715;;13980
11:31:16;715;1023;715;;13976
11:31:17;715;1023;715;;13984
11:31:17;715;1023;715;;14004
11:31:18;715;1023;715;;13956
11:31:18;715;1023;715;;13984
11:31:19;715;1023;715;;13976
11:31:19;715;1023;715;;14032
11:31:20;715;1023;715;;13976
11:31:20;715;1023;715;;13952
11:31:21;715;1023;715;;14004
11:31:21;715;1023;715;;14004
11:31:22;715;1023;715;;14104
11:31:22;715;1023;715;;14008
11:31:23;715;1023;715;;13960
11:31:23;715;1023;715;;14036
11:31:24;715;1023;715;;14036
11:31:24;715;1023;715;;14008
11:31:25;715;1023;715;;14008
11:31:25;715;1023;715;;14060
11:31:26;715;1023;716;;14060
11:31:26;715;1023;716;;13984
11:31:27;715;1023;715;;13960
11:31:27;715;1023;715;;13984
11:31:28;715;1023;715;;7104
11:31:28;715;1023;715;;8452
11:31:29;715;1023;715;;8692
11:31:29;715;1023;715;;8640
11:31:30;715;1023;715;;8624
11:31:30;715;1023;715;;8648
11:31:31;715;1023;715;;9828
11:31:31;715;1023;715;;8668
11:31:32;715;1023;715;;8624
11:31:33;715;1023;715;;8760
11:31:33;715;1023;715;;8936
11:31:34;715;1023;715;;8668
11:31:34;715;1023;715;;8592
11:31:35;715;1023;715;;8672
11:31:35;715;1023;715;;8684
11:31:36;715;1023;715;;8664
11:31:36;715;1023;715;;14712
11:31:37;715;1023;715;;14516
11:31:37;715;1023;715;;14448
11:31:38;715;1023;715;;8560
11:31:38;715;1023;715;;7068
11:31:39;715;1023;715;;14660
11:31:39;715;1023;715;;14372
11:31:40;715;1023;715;;13960
11:31:40;715;1023;715;;13984
11:31:41;715;1023;715;;14036
11:31:41;715;1023;715;;13960
11:31:42;715;1023;715;;14012
11:31:42;715;1023;715;;13964
11:31:43;715;1023;715;;14040
11:31:43;715;1023;715;;13968
11:31:44;715;1023;715;;14016
11:31:44;715;1023;715;;13992
11:31:45;715;1023;715;;13968
11:31:45;715;1023;715;;14068
11:31:46;715;1023;715;;14012
11:31:46;715;1023;715;;13960
11:31:47;715;1023;715;;13960
11:31:47;715;1023;715;;14008
11:31:48;715;1023;715;;14032
11:31:48;715;1023;715;;14056
11:31:49;715;1023;715;;13984
11:31:49;715;1023;715;;14032
11:31:50;715;1023;715;;13988
11:31:50;715;1023;715;;14036
11:31:51;715;1023;715;;13956
11:31:51;715;1023;715;;13980
11:31:52;715;1023;715;;13980
11:31:52;715;1023;715;;14008
11:31:53;715;1023;715;;13960
11:31:53;715;1023;715;;13984
11:31:54;715;1023;715;;13984
11:31:54;715;1023;715;;14064
11:31:55;715;1023;715;;13980
11:31:55;715;1023;715;;13984
11:31:56;715;1023;715;;7144
11:31:57;715;1023;715;;13984
11:31:57;715;1023;715;;14036
11:31:58;715;1023;715;;13964
11:31:58;715;1023;715;;14008
11:31:59;715;1023;715;;14084
11:31:59;715;1023;715;;13980
11:32:00;715;1023;715;;14060
11:32:00;715;1023;715;;13980
11:32:01;715;1023;715;;13980
11:32:01;715;1023;715;;13956
11:32:02;715;1023;715;;14008
11:32:02;715;1023;715;;13984
11:32:03;715;1023;715;;13984
11:32:03;715;1023;715;;13988
11:32:04;715;1023;715;;13988
11:32:04;715;1023;715;;13956
11:32:05;715;1023;715;;13984
11:32:05;715;1023;715;;13960
11:32:06;715;1023;715;;13960
11:32:06;715;1023;715;;13980
11:32:07;715;1023;715;;13984
11:32:07;715;1023;715;;14008
11:32:08;715;1023;715;;13984
11:32:08;715;1023;715;;13960
11:32:09;715;1023;715;;13956
11:32:09;715;1023;715;;14036
11:32:10;715;1023;715;;14032
11:32:10;715;1023;715;;14032
11:32:11;715;1023;715;;13984
11:32:11;715;1023;715;;13988
11:32:12;715;1023;715;;13960
11:32:12;715;1023;715;;14012
11:32:13;715;1023;715;;14036
11:32:13;715;1023;715;;13964
11:32:14;715;1023;715;;13988
11:32:14;715;1023;715;;13936
11:32:15;715;1023;715;;14012
11:32:15;715;1023;715;;13988
11:32:16;715;1023;715;;13988
11:32:16;715;1023;715;;14008
11:32:17;715;1023;715;;13984
11:32:17;715;1023;715;;13984
11:32:18;715;1023;715;;13984
11:32:18;715;1023;715;;13980
11:32:19;715;1023;715;;14004
11:32:20;715;1023;715;;13988
11:32:20;715;1023;715;;13988
11:32:21;715;1023;715;;13984
11:32:21;715;1023;715;;14012
11:32:22;715;1023;715;;14012
11:32:22;715;1023;715;;13960
11:32:23;715;1023;715;;13984
11:32:23;715;1023;715;;13988
11:32:24;715;1023;715;;13988
11:32:24;715;1023;715;;14452
11:32:25;715;1023;715;;7328
11:32:25;715;1023;715;;7568
11:32:26;715;1023;715;;7932
11:32:26;715;1023;715;;14080
11:32:27;715;1023;715;;8028
11:32:27;715;1023;715;;14712
11:32:28;715;1023;715;;7692
11:32:28;715;1023;715;;7032
11:32:29;715;1023;715;;13976
11:32:29;715;1023;715;;13956
11:32:30;715;1023;715;;13976
11:32:30;715;1023;715;;13984
11:32:31;714;1023;715;;13932
11:32:31;714;1023;715;;13980
11:32:32;714;1023;714;;13980
11:32:32;714;1023;714;;13984
11:32:33;714;1023;714;;13956
11:32:33;714;1023;714;;13984
11:32:34;714;1023;714;;13980
11:32:34;714;1023;714;;13956
11:32:35;714;1023;714;;13960
11:32:35;714;1023;714;;13960
11:32:36;713;1023;713;;13984
11:32:36;713;1023;713;;13956
11:32:37;713;1023;713;;13984
11:32:37;713;1023;713;;13980
11:32:38;713;1023;713;;13980
11:32:38;713;1023;713;;14032
11:32:39;713;1023;713;;13980
11:32:39;713;1023;713;;14008
11:32:40;713;1023;713;;13984
11:32:40;713;1023;713;;13984
11:32:41;713;1023;713;;13984
11:32:41;713;1023;713;;14536
11:32:42;713;1023;713;;14460
11:32:43;714;1023;714;;14460
11:32:43;714;1023;714;;14388
11:32:44;714;1023;714;;14328
11:32:44;714;1023;714;;14284
11:32:45;714;1023;714;;14260
11:32:45;714;1023;714;;14308
11:32:46;714;1023;714;;14332
11:32:46;714;1023;714;;14260
11:32:47;714;1023;714;;14356
11:32:47;714;1023;714;;14328
11:32:48;714;1023;714;;14280
11:32:48;714;1023;714;;14464
11:32:49;714;1023;714;;14308
11:32:49;714;1023;714;;14408
11:32:50;714;1023;714;;14312
11:32:50;714;1023;714;;14264
11:32:51;714;1023;714;;15076
11:32:51;714;1023;714;;14264
11:32:52;714;1023;714;;14108
11:32:52;714;1023;714;;13996
11:32:53;714;1023;714;;14000
11:32:53;714;1023;714;;13980
11:32:54;714;1023;714;;13976
11:32:54;714;1023;714;;14500
11:32:55;714;1023;714;;12536
11:32:55;714;1023;714;;7792
11:32:56;714;1023;714;;14024
11:32:56;714;1023;714;;13996
11:32:57;714;1023;714;;14528
11:32:57;714;1023;714;;14524
11:32:58;714;1023;714;;7956
11:32:58;714;1023;714;;14020
11:32:59;714;1023;714;;14024
11:32:59;714;1023;714;;14080
11:33:00;714;1023;714;;14156
11:33:00;714;1023;714;;14060
11:33:01;714;1023;714;;13984
11:33:01;714;1023;714;;14012
11:33:02;714;1023;714;;14036
11:33:02;714;1023;714;;14016
11:33:03;714;1023;714;;13988
11:33:03;714;1023;714;;14012
11:33:04;714;1023;714;;14008
11:33:04;714;1023;714;;14036
11:33:05;714;1023;714;;14036
11:33:06;713;1023;713;;14040
11:33:06;713;1023;713;;14012
11:33:07;712;1023;712;;7788
11:33:07;712;1023;712;;14012
11:33:08;711;1023;711;;14056
11:33:08;711;1023;711;;14008
11:33:09;711;1023;711;;13984
11:33:09;711;1023;711;;14012
11:33:10;711;1023;711;;14064
11:33:10;711;1023;711;;13988
11:33:11;714;1023;714;;14012
11:33:11;714;1023;714;;13988
11:33:12;714;1023;714;;14040
11:33:12;714;1023;714;;13988
11:33:13;715;1023;715;;14012
11:33:13;715;1023;715;;14008
11:33:14;715;1023;715;;14012
11:33:14;715;1023;715;;12520
11:33:15;715;1023;715;;14064
11:33:15;715;1023;715;;14036
11:33:16;715;1023;715;;14008
11:33:16;715;1023;715;;13980
11:33:17;715;1023;715;;13984
11:33:17;715;1023;715;;14064
11:33:18;715;1023;715;;13984
11:33:18;715;1023;715;;13984
11:33:19;715;1023;715;;14012
11:33:19;715;1023;715;;13956
11:33:20;715;1023;715;;13984
11:33:20;715;1023;715;;13996
11:33:21;715;1023;715;;14012
11:33:21;715;1023;715;;14008
11:33:22;715;1023;715;;14632
11:33:22;715;1023;715;;14776
11:33:23;715;1023;715;;14652
11:33:23;715;1023;715;;14832
11:33:24;715;1023;715;;13996
11:33:24;715;1023;715;;14024
11:33:25;715;1023;715;;14240
11:33:25;715;1023;715;;14700
11:33:26;715;1023;715;;14628
11:33:26;715;1023;715;;14048
11:33:27;715;1023;715;;13996
11:33:27;715;1023;715;;14020
11:33:28;715;1023;715;;13948
11:33:29;715;1023;715;;13968
11:33:29;715;1023;715;;14092
11:33:30;715;1023;715;;14212
11:33:30;715;1023;715;;14464
11:33:31;715;1023;715;;134484
11:33:31;715;1023;715;;14140
11:33:32;715;1023;715;;14316
11:33:32;715;1023;715;;134464
11:33:33;715;1023;715;;134456
11:33:33;715;1023;715;;14044
11:33:34;714;1023;714;;8104
11:33:34;714;1023;714;;7420
11:33:35;713;1023;713;;14048
11:33:35;713;1023;713;;14004
11:33:36;712;1023;712;;14008
11:33:36;712;1023;712;;14552
11:33:37;712;1023;712;;14280
11:33:37;712;1023;712;;14028
11:33:38;712;1023;712;;6600
11:33:38;712;1023;712;;13956
11:33:39;713;1023;713;;14280
11:33:39;713;1023;713;;14464
11:33:40;713;1023;713;;14584
11:33:41;713;1023;713;;14308
11:33:41;713;1023;713;;14304
11:33:42;713;1023;713;;14056
11:33:42;713;1023;713;;13956
11:33:43;713;1023;713;;13984
11:33:43;713;1023;713;;14032
11:33:44;713;1023;713;;14588
11:33:44;713;1023;713;;13484
11:33:45;713;1023;713;;13488
11:33:45;713;1023;713;;9700
11:33:46;713;1023;713;;11312
11:33:46;713;1023;713;;13976
11:33:47;713;1023;713;;8896
11:33:47;713;1023;713;;8712
11:33:48;713;1023;713;;14408
11:33:48;713;1023;713;;8420
11:33:49;713;1023;713;;8452
11:33:49;713;1023;713;;14104
11:33:50;713;1023;713;;14360
11:33:50;713;1023;713;;13584
11:33:51;713;1023;713;;8556
11:33:51;713;1023;713;;13980
11:33:52;713;1023;713;;7024
11:33:52;713;1023;713;;6976
11:33:53;713;1023;713;;13960
11:33:53;713;1023;713;;14080
11:33:54;713;1023;713;;14024
11:33:54;713;1023;713;;14408
11:33:55;713;1023;713;;8124
11:33:55;713;1023;713;;7848
11:33:56;713;1023;713;;14408
11:33:56;713;1023;713;;8844
11:33:57;713;1023;713;;14144
11:33:57;713;1023;713;;14140
11:33:58;713;1023;713;;14232
11:33:58;713;1023;713;;9952
11:33:59;713;1023;713;;9956
11:33:59;713;1023;713;;10204
11:34:00;713;1023;713;;10328
11:34:00;713;1023;713;;14508
11:34:01;713;1023;713;;14148
11:34:01;713;1023;713;;14748
11:34:02;713;1023;713;;15020
11:34:02;713;1023;713;;14376
11:34:03;713;1023;713;;14704
11:34:03;713;1023;713;;14936
11:34:04;713;1023;713;;14480
11:34:04;713;1023;713;;14384
11:34:05;713;1023;713;;14332
11:34:06;713;1023;713;;14308
11:34:06;713;1023;713;;14624
11:34:07;713;1023;713;;14356
11:34:07;713;1023;713;;14528
11:34:08;713;1023;713;;14552
11:34:08;713;1023;713;;14280
11:34:09;713;1023;713;;14308
11:34:09;713;1023;713;;14384
11:34:10;713;1023;713;;14360
11:34:10;713;1023;713;;14360
11:34:11;713;1023;713;;14336
11:34:11;713;1023;713;;14412
11:34:12;713;1023;713;;14312
11:34:12;713;1023;713;;14388
11:34:13;713;1023;713;;14316
11:34:13;713;1023;713;;14416
11:34:14;713;1023;713;;14388
11:34:14;713;1023;713;;134356
11:34:15;713;1023;713;;15100
11:34:15;713;1023;713;;14756
11:34:16;713;1023;713;;14628
11:34:16;713;1023;713;;14532
11:34:17;713;1023;713;;14484
11:34:17;713;1023;713;;14828
11:34:18;713;1023;713;;14480
11:34:18;713;1023;713;;14656
11:34:19;713;1023;713;;14608
11:34:19;713;1023;713;;14676
11:34:20;713;1023;713;;14528
11:34:20;713;1023;713;;13504
11:34:21;713;1023;713;;15048
11:34:22;713;1023;713;;134368
11:34:22;713;1023;713;;134352
11:34:23;713;1023;713;;15000
11:34:23;713;1023;713;;8664
11:34:24;713;1023;713;;14572
11:34:24;713;1023;713;;14652
11:34:25;713;1023;713;;14648
11:34:25;713;1023;713;;14552
11:34:26;713;1023;713;;14632
11:34:26;713;1023;713;;14460
11:34:27;713;1023;713;;14532
11:34:27;713;1023;713;;14508
11:34:28;713;1023;713;;14504
11:34:28;713;1023;713;;14524
11:34:29;713;1023;713;;14580
11:34:29;713;1023;713;;14480
11:34:30;713;1023;713;;14580
11:34:30;713;1023;713;;14636
11:34:31;713;1023;713;;14580
11:34:31;713;1023;713;;14756
11:34:32;713;1023;713;;13484
11:34:32;713;1023;713;;14628
11:34:33;713;1023;713;;14528
11:34:33;713;1023;713;;13436
11:34:34;713;1023;713;;14900
11:34:34;713;1023;713;;14628
11:34:35;713;1023;713;;14680
11:34:35;713;1023;713;;14724
11:34:36;713;1023;713;;14120
11:34:36;713;1023;713;;14732
11:34:37;713;1023;713;;14752
11:34:37;713;1023;713;;14124
11:34:38;713;1023;713;;14600
11:34:38;713;1023;713;;14976
11:34:39;713;1023;713;;14604
11:34:40;713;1023;713;;13900
11:34:40;713;1023;713;;15252
11:34:41;713;1023;713;;14932
11:34:41;713;1023;713;;134312
11:34:42;713;1023;713;;14248
11:34:42;713;1023;713;;134324
11:34:43;713;1023;713;;134304
11:34:43;713;1023;713;;14524
11:34:44;713;1023;713;;134304
11:34:45;713;1023;713;;134292
11:34:45;713;1023;713;;134292
11:34:46;713;1023;713;;134300
11:34:46;713;1023;713;;134296
11:34:47;713;1023;713;;134300
11:34:47;713;1023;713;;14696
11:34:48;713;1023;713;;14452
11:34:49;713;1023;713;;7396
11:34:49;713;1023;713;;7200
11:34:50;713;1023;713;;134304
11:34:50;713;1023;713;;134288
11:34:51;713;1023;713;;134288
11:34:51;713;1023;713;;134292
11:34:52;713;1023;713;;134292
11:34:53;713;1023;713;;134296
11:34:53;713;1023;713;;134284
11:34:54;713;1023;713;;134292
