01:00:00;712;1023;711;;9360
01:00:00;712;1023;711;;9308
01:00:01;712;1023;711;;9452
01:00:01;712;1023;711;;14056
01:00:02;712;1023;711;;9368
01:00:02;712;1023;711;;9428
01:00:03;712;1023;711;;9552
01:00:03;712;1023;711;;9404
01:00:04;712;1023;711;;14036
01:00:04;712;1023;711;;9476
01:00:05;711;1023;711;;9348
01:00:05;711;1023;711;;9404
01:00:06;712;1023;711;;9332
01:00:06;712;1023;711;;9524
01:00:07;712;1023;711;;14040
01:00:07;712;1023;711;;9376
01:00:08;712;1023;711;;9360
01:00:08;712;1023;711;;9456
01:00:09;712;1023;711;;14036
01:00:09;712;1023;711;;9380
01:00:10;712;1023;711;;9380
01:00:10;712;1023;711;;14032
01:00:11;712;1023;711;;9356
01:00:11;712;1023;711;;9388
01:00:12;712;1023;711;;9356
01:00:12;712;1023;711;;9380
01:00:13;712;1023;711;;9476
01:00:13;712;1023;711;;9560
01:00:14;712;1023;711;;14112
01:00:14;712;1023;711;;9352
01:00:15;712;1023;711;;9432
01:00:15;712;1023;711;;9308
01:00:16;712;1023;711;;9504
01:00:16;712;1023;711;;9404
01:00:17;712;1023;711;;9476
01:00:17;712;1023;711;;9404
01:00:18;712;1023;711;;9332
01:00:18;712;1023;711;;9576
01:00:19;712;1023;711;;9576
01:00:20;712;1023;711;;9428
01:00:20;712;1023;711;;9332
01:00:21;712;1023;711;;9308
01:00:21;712;1023;711;;9404
01:00:22;712;1023;711;;9428
01:00:22;712;1023;711;;9428
01:00:23;712;1023;711;;9332
01:00:23;712;1023;711;;9380
01:00:24;711;1023;711;;9404
01:00:24;711;1023;711;;9356
01:00:25;712;1023;711;;9552
01:00:25;712;1023;711;;9380
01:00:26;712;1023;711;;9332
01:00:26;712;1023;711;;9364
01:00:27;712;1023;711;;9404
01:00:27;712;1023;711;;9356
01:00:28;711;1023;711;;9408
01:00:28;711;1023;711;;9404
01:00:29;712;1023;711;;9356
01:00:29;712;1023;711;;9360
01:00:30;712;1023;711;;9356
01:00:30;712;1023;711;;9532
01:00:31;712;1023;711;;9360
01:00:31;712;1023;711;;9476
01:00:32;712;1023;711;;9460
01:00:32;712;1023;711;;9404
01:00:33;712;1023;711;;9356
01:00:33;712;1023;711;;9404
01:00:34;712;1023;711;;9304
01:00:34;712;1023;711;;9380
01:00:35;712;1023;711;;9384
01:00:35;712;1023;711;;9280
01:00:36;712;1023;711;;9408
01:00:36;712;1023;711;;9556
01:00:37;711;1023;711;;9528
01:00:37;711;1023;711;;9452
01:00:38;712;1023;711;;9432
01:00:38;712;1023;711;;9432
01:00:39;712;1023;711;;9352
01:00:39;712;1023;711;;9428
01:00:40;712;1023;711;;9528
01:00:40;712;1023;711;;9380
01:00:41;712;1023;711;;9428
01:00:41;712;1023;711;;9404
01:00:42;712;1023;711;;9452
01:00:42;712;1023;711;;9384
01:00:43;712;1023;711;;9628
01:00:43;712;1023;711;;9356
01:00:44;712;1023;711;;9480
01:00:44;712;1023;711;;9384
01:00:45;712;1023;711;;9404
01:00:45;712;1023;711;;9576
01:00:46;712;1023;711;;9328
01:00:46;712;1023;711;;9408
01:00:47;712;1023;711;;9424
01:00:47;712;1023;711;;9384
01:00:48;712;1023;711;;9364
01:00:48;712;1023;711;;9624
01:00:49;712;1023;711;;9328
01:00:49;712;1023;711;;9380
01:00:50;712;1023;711;;14036
01:00:50;712;1023;711;;9404
01:00:51;712;1023;711;;9428
01:00:51;712;1023;711;;9624
01:00:52;712;1023;711;;9428
01:00:52;712;1023;711;;9356
01:00:53;712;1023;711;;9380
01:00:54;712;1023;711;;9500
01:00:54;712;1023;711;;9328
01:00:55;712;1023;711;;9404
01:00:55;712;1023;711;;14060
01:00:56;712;1023;711;;9360
01:00:56;712;1023;711;;9356
01:00:57;712;1023;711;;14060
01:00:57;712;1023;711;;9372
01:00:58;712;1023;711;;9372
01:00:58;712;1023;711;;9408
01:00:59;712;1023;711;;9408
01:00:59;712;1023;711;;9312
01:01:00;712;1023;711;;9332
01:01:00;712;1023;711;;13068
01:01:01;712;1023;711;;9356
01:01:01;712;1023;711;;9380
01:01:02;712;1023;711;;9356
01:01:02;712;1023;711;;9308
01:01:03;712;1023;711;;9500
01:01:03;712;1023;711;;9348
01:01:04;712;1023;711;;9452
01:01:04;712;1023;711;;9404
01:01:05;712;1023;711;;9408
01:01:05;712;1023;711;;9504
01:01:06;712;1023;711;;9408
01:01:06;712;1023;711;;9380
01:01:07;712;1023;711;;9500
01:01:07;712;1023;711;;9452
01:01:08;712;1023;711;;9384
01:01:08;712;1023;711;;9504
01:01:09;712;1023;711;;9352
01:01:09;712;1023;711;;9404
01:01:10;712;1023;711;;9380
01:01:10;712;1023;711;;9384
01:01:11;712;1023;711;;9380
01:01:11;712;1023;711;;9328
01:01:12;712;1023;711;;9504
01:01:12;712;1023;711;;9432
01:01:13;712;1023;711;;9500
01:01:13;712;1023;711;;9332
01:01:14;712;1023;711;;9304
01:01:14;712;1023;711;;9408
01:01:15;712;1023;711;;9376
01:01:15;712;1023;711;;9332
01:01:16;712;1023;711;;9308
01:01:16;712;1023;711;;9380
01:01:17;712;1023;711;;9552
01:01:17;712;1023;711;;9404
01:01:18;712;1023;711;;9356
01:01:18;712;1023;711;;9328
01:01:19;712;1023;711;;9580
01:01:19;712;1023;711;;9356
01:01:20;712;1023;711;;9576
01:01:20;712;1023;711;;9388
01:01:21;712;1023;711;;9380
01:01:21;712;1023;711;;9476
01:01:22;712;1023;711;;9504
01:01:22;712;1023;711;;9404
01:01:23;712;1023;711;;9408
01:01:23;712;1023;711;;9404
01:01:24;712;1023;711;;9380
01:01:24;712;1023;711;;9404
01:01:25;712;1023;711;;9604
01:01:25;712;1023;711;;9500
01:01:26;712;1023;711;;9600
01:01:27;712;1023;711;;9356
01:01:27;712;1023;711;;9408
01:01:28;712;1023;711;;9556
01:01:28;712;1023;711;;9408
01:01:29;712;1023;711;;9332
01:01:29;712;1023;711;;9404
01:01:30;712;1023;711;;9404
01:01:30;712;1023;711;;9480
01:01:31;712;1023;711;;9344
01:01:31;712;1023;711;;9332
01:01:32;712;1023;711;;9356
01:01:32;712;1023;711;;9404
01:01:33;712;1023;711;;9476
01:01:33;712;1023;711;;9480
01:01:34;712;1023;711;;9428
01:01:34;712;1023;711;;9456
01:01:35;712;1023;711;;9400
01:01:35;712;1023;711;;9428
01:01:36;712;1023;711;;14084
01:01:36;712;1023;711;;9404
01:01:37;712;1023;711;;9432
01:01:37;712;1023;711;;14084
01:01:38;712;1023;711;;9380
01:01:38;712;1023;711;;9364
01:01:39;712;1023;711;;9600
01:01:39;712;1023;711;;9404
01:01:40;712;1023;711;;9384
01:01:40;712;1023;711;;9480
01:01:41;712;1023;711;;9432
01:01:41;712;1023;711;;9528
01:01:42;712;1023;711;;9452
01:01:42;712;1023;711;;9356
01:01:43;712;1023;711;;9408
01:01:43;712;1023;711;;9408
01:01:44;712;1023;711;;14036
01:01:44;712;1023;711;;9480
01:01:45;712;1023;711;;9480
01:01:45;712;1023;711;;9528
01:01:46;712;1023;711;;9576
01:01:46;712;1023;711;;9432
01:01:47;712;1023;711;;9556
01:01:47;712;1023;711;;9404
01:01:48;712;1023;711;;9432
01:01:48;712;1023;711;;9308
01:01:49;712;1023;711;;9432
01:01:49;712;1023;711;;9404
01:01:50;712;1023;711;;9576
01:01:50;712;1023;711;;9380
01:01:51;712;1023;711;;9432
01:01:51;712;1023;711;;9428
01:01:52;712;1023;711;;9452
01:01:52;712;1023;711;;9364
01:01:53;712;1023;711;;9504
01:01:53;712;1023;711;;9428
01:01:54;712;1023;711;;9364
01:01:54;712;1023;711;;9328
01:01:55;712;1023;711;;14060
01:01:55;712;1023;711;;9480
01:01:56;712;1023;711;;9552
01:01:56;712;1023;711;;9456
01:01:57;712;1023;711;;9480
01:01:57;712;1023;711;;9500
01:01:58;712;1023;711;;9452
01:01:59;712;1023;711;;9404
01:01:59;712;1023;711;;9432
01:02:00;712;1023;711;;9380
01:02:00;712;1023;711;;9432
01:02:01;712;1023;711;;9384
01:02:01;712;1023;711;;9372
01:02:02;712;1023;711;;9372
01:02:02;712;1023;711;;9428
01:02:03;712;1023;711;;9456
01:02:03;712;1023;711;;9480
01:02:04;712;1023;711;;9332
01:02:04;712;1023;711;;9428
01:02:05;712;1023;711;;9428
01:02:05;712;1023;711;;9356
01:02:06;712;1023;711;;9368
01:02:06;712;1023;711;;9404
01:02:07;712;1023;711;;9332
01:02:07;712;1023;711;;9480
01:02:08;712;1023;711;;9376
01:02:08;712;1023;711;;9504
01:02:09;712;1023;711;;9424
01:02:09;712;1023;711;;9368
01:02:10;712;1023;711;;9404
01:02:10;712;1023;711;;9528
01:02:11;712;1023;711;;9408
01:02:11;712;1023;711;;9380
01:02:12;712;1023;711;;9376
01:02:12;712;1023;711;;9404
01:02:13;712;1023;711;;9460
01:02:13;712;1023;711;;9356
01:02:14;712;1023;711;;9332
01:02:14;712;1023;711;;9356
01:02:15;712;1023;711;;9556
01:02:15;712;1023;711;;9404
01:02:16;712;1023;711;;9428
01:02:16;712;1023;711;;9280
01:02:17;712;1023;711;;9480
01:02:17;712;1023;711;;9500
01:02:18;712;1023;711;;9356
01:02:18;712;1023;711;;9328
01:02:19;712;1023;711;;9348
01:02:19;712;1023;711;;14056
01:02:20;712;1023;711;;9528
01:02:20;712;1023;711;;9428
01:02:21;712;1023;711;;9452
01:02:21;712;1023;711;;9404
01:02:22;712;1023;711;;9380
01:02:22;712;1023;711;;9500
01:02:23;712;1023;711;;9408
01:02:23;712;1023;711;;9456
01:02:24;712;1023;711;;9328
01:02:24;712;1023;711;;9332
01:02:25;712;1023;711;;9428
01:02:25;712;1023;711;;9552
01:02:26;712;1023;711;;14036
01:02:26;712;1023;711;;9624
01:02:27;712;1023;711;;9332
01:02:27;712;1023;711;;9368
01:02:28;712;1023;711;;14204
01:02:28;712;1023;711;;9380
01:02:29;712;1023;711;;9528
01:02:29;712;1023;711;;9432
01:02:30;712;1023;711;;9424
01:02:30;712;1023;711;;9404
01:02:31;712;1023;711;;9484
01:02:32;712;1023;711;;9304
01:02:32;712;1023;711;;9380
01:02:33;712;1023;711;;9380
01:02:33;712;1023;711;;9380
01:02:34;712;1023;711;;9332
01:02:34;712;1023;711;;14036
01:02:35;712;1023;711;;9380
01:02:35;712;1023;711;;9428
01:02:36;712;1023;711;;9504
01:02:36;712;1023;711;;9380
01:02:37;712;1023;711;;9360
01:02:37;712;1023;711;;9452
01:02:38;712;1023;711;;9368
01:02:38;712;1023;711;;14060
01:02:39;712;1023;711;;9376
01:02:39;712;1023;711;;9408
01:02:40;712;1023;711;;9352
01:02:40;712;1023;711;;9500
01:02:41;712;1023;711;;9332
01:02:41;712;1023;711;;9352
01:02:42;712;1023;711;;14036
01:02:42;712;1023;711;;9384
01:02:43;712;1023;711;;9380
01:02:43;712;1023;711;;9408
01:02:44;712;1023;711;;9480
01:02:44;712;1023;711;;9356
01:02:45;712;1023;711;;9504
01:02:45;712;1023;711;;14036
01:02:46;712;1023;711;;9352
01:02:46;712;1023;711;;9380
01:02:47;712;1023;711;;9284
01:02:47;712;1023;711;;9476
01:02:48;712;1023;711;;9380
01:02:48;712;1023;711;;9408
01:02:49;712;1023;711;;9404
01:02:49;712;1023;711;;9328
01:02:50;712;1023;711;;9332
01:02:50;712;1023;711;;9456
01:02:51;712;1023;711;;9428
01:02:51;712;1023;711;;9388
01:02:52;712;1023;711;;9380
01:02:52;712;1023;711;;9480
01:02:53;712;1023;711;;9384
01:02:53;712;1023;711;;9280
01:02:54;712;1023;711;;9408
01:02:54;712;1023;711;;9384
01:02:55;712;1023;711;;9376
01:02:55;712;1023;711;;9352
01:02:56;712;1023;711;;9364
01:02:56;712;1023;711;;9364
01:02:57;712;1023;711;;9304
01:02:57;712;1023;711;;14036
01:02:58;712;1023;711;;9284
01:02:58;712;1023;711;;9364
01:02:59;712;1023;711;;9356
01:02:59;712;1023;711;;9364
01:03:00;712;1023;711;;9456
01:03:00;712;1023;711;;9408
01:03:01;712;1023;711;;9360
01:03:01;712;1023;711;;9480
01:03:02;712;1023;711;;9332
01:03:02;712;1023;711;;9364
01:03:03;712;1023;711;;9408
01:03:04;712;1023;711;;9436
01:03:04;712;1023;711;;9436
01:03:05;712;1023;711;;14088
01:03:05;712;1023;711;;9456
01:03:06;712;1023;711;;9524
01:03:06;712;1023;711;;9356
01:03:07;712;1023;711;;9384
01:03:07;712;1023;711;;9328
01:03:08;712;1023;711;;9328
01:03:08;712;1023;711;;9456
01:03:09;712;1023;711;;9428
01:03:09;712;1023;711;;9548
01:03:10;712;1023;711;;9432
01:03:10;712;1023;711;;9476
01:03:11;712;1023;711;;9452
01:03:11;712;1023;711;;9380
01:03:12;712;1023;711;;9344
01:03:12;712;1023;711;;9432
01:03:13;712;1023;711;;9504
01:03:13;712;1023;711;;9432
01:03:14;712;1023;711;;9380
01:03:14;712;1023;711;;9532
01:03:15;712;1023;711;;9380
01:03:15;712;1023;711;;9364
01:03:16;712;1023;711;;9380
01:03:16;712;1023;711;;9456
01:03:17;712;1023;711;;9432
01:03:17;712;1023;711;;9356
01:03:18;712;1023;711;;9400
01:03:18;712;1023;711;;9552
01:03:19;712;1023;711;;9428
01:03:19;712;1023;711;;9380
01:03:20;712;1023;711;;14060
01:03:20;712;1023;711;;9432
01:03:21;712;1023;711;;9404
01:03:21;712;1023;711;;9364
01:03:22;712;1023;711;;9404
01:03:22;712;1023;711;;9476
01:03:23;712;1023;711;;9408
01:03:23;712;1023;711;;9356
01:03:24;712;1023;711;;9428
01:03:24;712;1023;711;;9384
01:03:25;712;1023;711;;14084
01:03:25;712;1023;711;;14036
01:03:26;712;1023;711;;14088
01:03:26;712;1023;711;;9308
01:03:27;712;1023;711;;9332
01:03:27;712;1023;711;;9412
01:03:28;712;1023;711;;9576
01:03:28;712;1023;711;;9364
01:03:29;712;1023;711;;9576
01:03:29;712;1023;711;;14032
01:03:30;712;1023;711;;9476
01:03:30;712;1023;711;;9556
01:03:31;712;1023;711;;9328
01:03:31;712;1023;711;;9452
01:03:32;712;1023;711;;9400
01:03:32;712;1023;711;;9552
01:03:33;712;1023;711;;9332
01:03:33;712;1023;711;;9332
01:03:34;712;1023;711;;9380
01:03:34;712;1023;711;;9308
01:03:35;712;1023;711;;9452
01:03:36;712;1023;711;;9384
01:03:36;712;1023;711;;9652
01:03:37;712;1023;711;;9456
01:03:37;712;1023;711;;9476
01:03:38;712;1023;711;;9356
01:03:38;712;1023;711;;9384
01:03:39;712;1023;711;;9356
01:03:39;712;1023;711;;9480
01:03:40;712;1023;711;;9356
01:03:40;712;1023;711;;14084
01:03:41;712;1023;711;;9304
01:03:41;712;1023;711;;9368
01:03:42;712;1023;711;;9308
01:03:42;712;1023;711;;14084
01:03:43;712;1023;711;;9380
01:03:43;712;1023;711;;9432
01:03:44;712;1023;711;;9380
01:03:44;712;1023;711;;9428
01:03:45;712;1023;711;;9364
01:03:45;712;1023;711;;9380
01:03:46;712;1023;711;;9348
01:03:46;712;1023;711;;9356
01:03:47;712;1023;711;;9432
01:03:47;712;1023;711;;9432
01:03:48;712;1023;711;;9408
01:03:48;712;1023;711;;9476
01:03:49;712;1023;711;;9384
01:03:49;712;1023;711;;9376
01:03:50;712;1023;711;;9456
01:03:50;712;1023;711;;9332
01:03:51;712;1023;711;;9332
01:03:51;712;1023;711;;9476
01:03:52;712;1023;711;;9504
01:03:52;712;1023;711;;9376
01:03:53;712;1023;711;;9552
01:03:53;712;1023;711;;9432
01:03:54;712;1023;711;;9404
01:03:54;712;1023;711;;9384
01:03:55;712;1023;711;;9576
01:03:55;712;1023;711;;9404
01:03:56;712;1023;711;;9432
01:03:56;712;1023;711;;9476
01:03:57;712;1023;711;;9380
01:03:57;712;1023;711;;9380
01:03:58;712;1023;711;;9356
01:03:58;712;1023;711;;9356
01:03:59;712;1023;711;;9332
01:03:59;712;1023;711;;9404
01:04:00;712;1023;711;;9328
01:04:00;712;1023;711;;9360
01:04:01;712;1023;711;;9404
01:04:01;712;1023;711;;9404
01:04:02;712;1023;711;;9404
01:04:02;712;1023;711;;9356
01:04:03;712;1023;711;;9428
01:04:03;712;1023;711;;9380
01:04:04;712;1023;711;;14060
01:04:04;712;1023;711;;9428
01:04:05;712;1023;711;;9380
01:04:05;712;1023;711;;9380
01:04:06;712;1023;711;;14036
01:04:06;712;1023;711;;9356
01:04:07;712;1023;711;;9308
01:04:07;712;1023;711;;9456
01:04:08;712;1023;711;;9364
01:04:09;712;1023;711;;9380
01:04:09;712;1023;711;;9376
01:04:10;712;1023;711;;9380
01:04:10;712;1023;711;;9404
01:04:11;712;1023;711;;9580
01:04:11;712;1023;711;;9352
01:04:12;712;1023;711;;9500
01:04:12;712;1023;711;;9376
01:04:13;712;1023;711;;9500
01:04:13;712;1023;711;;9400
01:04:14;712;1023;711;;14084
01:04:14;712;1023;711;;9528
01:04:15;712;1023;711;;9368
01:04:15;712;1023;711;;9404
01:04:16;712;1023;711;;14032
01:04:16;712;1023;711;;9524
01:04:17;712;1023;711;;9360
01:04:17;712;1023;711;;9404
01:04:18;712;1023;711;;9428
01:04:18;712;1023;711;;9308
01:04:19;711;1023;711;;9452
01:04:19;711;1023;711;;9700
01:04:20;712;1023;711;;9384
01:04:20;712;1023;711;;9404
01:04:21;712;1023;711;;9480
01:04:21;712;1023;711;;9528
01:04:22;712;1023;711;;9628
01:04:22;712;1023;711;;9360
01:04:23;712;1023;711;;9500
01:04:23;712;1023;711;;9332
01:04:24;712;1023;711;;9364
01:04:24;712;1023;711;;9336
01:04:25;712;1023;711;;9452
01:04:25;712;1023;711;;9356
01:04:26;712;1023;711;;9380
01:04:26;712;1023;711;;9404
01:04:27;712;1023;711;;9332
01:04:27;712;1023;711;;9328
01:04:28;712;1023;711;;9556
01:04:28;712;1023;711;;9408
01:04:29;712;1023;711;;9528
01:04:29;712;1023;711;;9356
01:04:30;712;1023;711;;9548
01:04:30;712;1023;711;;9400
01:04:31;712;1023;711;;14036
01:04:31;712;1023;711;;9380
01:04:32;712;1023;711;;9528
01:04:32;712;1023;711;;9408
01:04:33;712;1023;711;;9456
01:04:33;712;1023;711;;14084
01:04:34;712;1023;711;;9408
01:04:34;712;1023;711;;9456
01:04:35;712;1023;711;;14112
01:04:35;712;1023;711;;9404
01:04:36;712;1023;711;;9364
01:04:36;712;1023;711;;9432
01:04:37;712;1023;711;;9476
01:04:37;712;1023;711;;9624
01:04:38;712;1023;711;;9352
01:04:38;712;1023;711;;9380
01:04:39;712;1023;711;;9372
01:04:39;712;1023;711;;9424
01:04:40;712;1023;711;;9456
01:04:41;712;1023;711;;9504
01:04:41;712;1023;711;;9380
01:04:42;712;1023;711;;9308
01:04:42;712;1023;711;;14036
01:04:43;712;1023;711;;9380
01:04:43;712;1023;711;;14036
01:04:44;712;1023;711;;9352
01:04:44;712;1023;711;;9404
01:04:45;712;1023;711;;9356
01:04:45;712;1023;711;;9408
01:04:46;712;1023;711;;9500
01:04:46;712;1023;711;;9332
01:04:47;711;1023;711;;9428
01:04:47;711;1023;711;;9528
01:04:48;712;1023;711;;9624
01:04:48;712;1023;711;;9384
01:04:49;712;1023;711;;9356
01:04:49;712;1023;711;;9364
01:04:50;712;1023;711;;9408
01:04:50;712;1023;711;;9428
01:04:51;712;1023;711;;9504
01:04:51;712;1023;711;;9504
01:04:52;712;1023;711;;9356
01:04:52;712;1023;711;;9328
01:04:53;712;1023;711;;9504
01:04:53;712;1023;711;;9380
01:04:54;712;1023;711;;9260
01:04:54;712;1023;711;;9428
01:04:55;712;1023;711;;9380
01:04:55;712;1023;711;;9380
01:04:56;712;1023;711;;9328
01:04:56;712;1023;711;;9380
01:04:57;712;1023;711;;9376
01:04:57;712;1023;711;;9428
01:04:58;712;1023;711;;9476
01:04:58;712;1023;711;;14108
01:04:59;712;1023;711;;9404
01:04:59;712;1023;711;;14064
01:05:00;712;1023;711;;9356
01:05:00;712;1023;711;;9384
01:05:01;712;1023;711;;9456
01:05:01;712;1023;711;;9480
01:05:02;712;1023;711;;9360
01:05:02;712;1023;711;;9332
01:05:03;712;1023;711;;9344
01:05:03;712;1023;711;;9432
01:05:04;712;1023;711;;9552
01:05:04;712;1023;711;;9308
01:05:05;712;1023;711;;9364
01:05:05;712;1023;711;;9432
01:05:06;712;1023;711;;9528
01:05:06;712;1023;711;;9624
01:05:07;712;1023;711;;9368
01:05:07;712;1023;711;;14036
01:05:08;712;1023;711;;9456
01:05:08;712;1023;711;;9380
01:05:09;712;1023;711;;9404
01:05:09;712;1023;711;;9576
01:05:10;712;1023;711;;9504
01:05:10;712;1023;711;;9360
01:05:11;712;1023;711;;9456
01:05:19;711;1023;711;;9376
01:05:49;711;1023;711;;14064
