15:32:07;606;688;596;
15:32:08;606;718;607;
15:32:08;623;747;617;
15:32:09;609;718;607;
15:32:10;607;719;607;
15:32:11;608;723;608;
15:32:29;628;780;628;;10012
15:32:29;628;780;628;;10968
15:32:30;628;782;629;;10944
15:32:30;628;782;629;;10968
15:32:31;629;784;629;;11020
15:32:34;631;790;631;;10996
15:32:34;631;790;631;;10992
15:32:35;631;792;632;;10184
15:32:35;631;792;632;;10968
15:32:36;632;793;632;;11056
15:32:36;632;793;632;;10968
15:32:37;632;794;632;;10628
15:32:37;632;794;632;;10968
15:32:38;633;797;633;;10040
15:32:38;633;797;633;;1376
15:32:39;633;798;633;;1384
15:32:39;633;798;633;;4652
15:32:40;634;800;634;;11100
15:32:40;634;800;634;;4720
15:32:41;634;801;634;;8396
15:32:41;634;801;634;;1212
15:32:42;635;802;635;;980
15:32:42;635;802;635;;1172
15:32:43;635;804;635;;1336
15:32:43;635;804;635;;6360
15:32:44;636;805;636;;11124
15:32:44;636;805;636;;11040
15:32:45;636;807;636;;11048
15:32:45;636;807;636;;6196
15:32:46;637;809;637;;11052
15:32:46;637;809;637;;6100
15:32:47;637;810;637;;11256
15:32:47;637;810;637;;10388
15:32:48;637;812;638;;11248
15:32:48;637;812;638;;4776
15:32:49;638;812;638;;11020
15:32:49;638;812;638;;4764
15:32:50;638;812;638;;9796
15:32:50;638;812;638;;9276
15:32:51;638;814;638;;4120
15:32:51;638;814;638;;11048
15:32:52;638;814;638;;1320
15:32:52;638;814;638;;1176
15:32:53;638;814;638;;1280
15:32:53;638;814;638;;9892
15:32:54;638;815;639;;9988
15:32:54;638;815;639;;1484
15:32:55;639;815;639;;1200
15:32:55;639;815;639;;1232
15:32:56;639;816;639;;7128
15:32:56;639;816;639;;7864
15:32:57;639;817;639;;1332
15:32:57;639;817;639;;4816
15:32:58;639;818;639;;4740
15:32:58;639;818;639;;9772
15:32:59;640;819;640;;10828
15:32:59;640;819;640;;11096
15:33:00;640;820;640;;9320
15:33:01;640;821;640;;215180
15:33:01;640;821;640;;1536
15:33:02;640;823;641;;4048
15:33:02;640;823;641;;10968
15:33:03;640;821;640;;5988
15:33:03;640;821;640;;214132
15:33:04;640;822;640;;3776
15:33:04;640;822;640;;213988
15:33:05;640;822;640;;4476
15:33:05;640;822;640;;5944
15:33:06;640;822;640;;6380
15:33:06;640;822;640;;2460
15:33:07;641;824;641;;5704
15:33:07;641;824;641;;9236
15:33:08;641;824;641;;9672
15:33:09;641;825;641;;9232
15:33:09;641;825;641;;8268
15:33:10;642;826;642;;3772
15:33:10;642;826;642;;8048
15:33:11;642;827;642;;8024
15:33:11;642;827;642;;8920
15:33:12;642;827;642;;7976
15:33:12;642;827;642;;5612
15:33:13;642;828;642;;6524
15:33:13;642;828;642;;5268
15:33:14;642;828;642;;5376
15:33:14;642;828;642;;5304
15:33:15;642;828;642;;5316
15:33:15;642;828;642;;6704
15:33:16;642;828;642;;8020
15:33:16;642;828;642;;6300
15:33:17;642;829;642;;5452
15:33:17;642;829;642;;6032
15:33:18;642;829;643;;7188
15:33:18;642;829;643;;6304
15:33:19;643;829;643;;6244
15:33:19;643;829;643;;7156
15:33:20;643;830;643;;6172
15:33:20;643;830;643;;3980
15:33:21;643;832;643;;3848
15:33:21;643;832;643;;6264
15:33:22;643;831;643;;6308
15:33:22;643;831;643;;6336
15:33:23;643;832;643;;6200
15:33:23;643;832;643;;7144
15:33:24;643;832;643;;8112
15:33:24;643;832;643;;7000
15:33:25;643;832;643;;6724
15:33:25;643;832;643;;6292
15:33:26;643;832;643;;3780
15:33:26;643;832;643;;7304
15:33:27;643;832;643;;9880
15:33:27;643;832;643;;6088
15:33:28;644;833;644;;3836
15:33:28;644;833;644;;3948
15:33:29;644;834;644;;3912
15:33:29;644;834;644;;6808
15:33:30;644;834;644;;6580
15:33:30;644;834;644;;3744
15:33:31;644;835;644;;3820
15:33:31;644;835;644;;3820
15:33:32;644;836;644;;3744
15:33:32;644;836;644;;3820
15:33:33;644;835;644;;3768
15:33:33;644;835;644;;3768
15:33:34;644;836;644;;3772
15:33:34;644;836;644;;6096
15:33:35;644;836;644;;8156
15:33:35;644;836;644;;6684
15:33:36;644;835;644;;7408
15:33:36;644;835;644;;6680
15:33:37;644;836;644;;8156
15:33:37;644;836;644;;6640
15:33:38;644;837;645;;3756
15:33:38;644;837;645;;3756
15:33:39;644;836;645;;6268
15:33:39;644;836;645;;6472
15:33:40;645;837;645;;6288
15:33:40;645;837;645;;3860
15:33:41;645;838;645;;3804
15:33:41;645;838;645;;3840
15:33:42;645;838;645;;6036
15:33:42;645;838;645;;6376
15:33:43;645;838;645;;6236
15:33:43;645;838;645;;6528
15:33:44;645;838;645;;3784
15:33:44;645;838;645;;3860
15:33:45;645;839;645;;6468
15:33:45;645;839;645;;6536
15:33:46;645;838;645;;6072
15:33:46;645;838;645;;7304
15:33:47;645;839;645;;3812
15:33:47;645;839;645;;6216
15:33:48;645;839;645;;6696
15:33:48;645;839;645;;6052
15:33:49;645;840;645;;8328
15:33:49;645;840;645;;6444
15:33:50;645;839;645;;6104
15:33:50;645;839;645;;6380
15:33:51;645;840;646;;6164
15:33:51;645;840;646;;6248
15:33:52;645;840;646;;6520
15:33:52;645;840;646;;6060
15:33:53;645;840;646;;5808
15:33:53;645;840;646;;8132
15:33:54;645;840;645;;5772
15:33:54;645;840;645;;3792
15:33:55;646;841;646;;3800
15:33:55;646;841;646;;3892
15:33:56;646;840;646;;6960
15:33:56;646;840;646;;10704
15:33:57;646;841;646;;6316
15:33:57;646;841;646;;6216
15:33:58;646;841;646;;6160
15:33:58;646;841;646;;7336
15:33:59;646;842;646;;6308
15:34:00;646;841;646;;6360
15:34:00;646;841;646;;7408
15:34:01;646;841;646;;7612
15:34:01;646;841;646;;6364
15:34:02;646;840;646;;6500
15:34:02;646;840;646;;6476
15:34:03;646;841;646;;7772
15:34:03;646;841;646;;6652
15:34:04;646;841;646;;6908
15:34:04;646;841;646;;6776
15:34:05;646;841;646;;7280
15:34:05;646;841;646;;7884
15:34:06;646;841;646;;6860
15:34:06;646;841;646;;3864
15:34:07;646;842;646;;3976
15:34:07;646;842;646;;6968
15:34:08;646;842;646;;6972
15:34:08;646;842;646;;6660
15:34:09;646;842;646;;5288
15:34:09;646;842;646;;7496
15:34:10;646;842;646;;6796
15:34:10;646;842;646;;7004
15:34:11;646;842;646;;10804
15:34:11;646;842;646;;3944
15:34:12;646;842;646;;3880
15:34:12;646;842;646;;6700
15:34:13;646;843;646;;6572
15:34:13;646;843;646;;5972
15:34:14;646;842;646;;6160
15:34:14;646;842;646;;7312
15:34:15;646;842;646;;5100
15:34:15;646;842;646;;6740
15:34:16;646;843;646;;6012
15:34:16;646;843;646;;6636
15:34:17;646;843;647;;6360
15:34:17;646;843;647;;6344
15:34:18;646;843;647;;8512
15:34:18;646;843;647;;6716
15:34:19;646;844;647;;6804
15:34:19;646;844;647;;7104
15:34:20;646;843;647;;6904
15:34:20;646;843;647;;6256
15:34:21;646;843;647;;4992
15:34:21;646;843;647;;4920
15:34:22;646;844;647;;5896
15:34:22;646;844;647;;8320
15:34:23;646;843;647;;8684
15:34:23;646;843;647;;6492
15:34:24;646;844;647;;6648
15:34:24;646;844;647;;6636
15:34:25;647;844;647;;6784
15:34:25;647;844;647;;6392
15:34:26;647;844;647;;6088
15:34:26;647;844;647;;5880
15:34:27;647;845;647;;7632
15:34:27;647;845;647;;7308
15:34:28;647;845;647;;7208
15:34:28;647;845;647;;10996
15:34:29;647;846;647;;10088
15:34:29;647;846;647;;6552
15:34:30;647;847;647;;6412
15:34:30;647;847;647;;3944
15:34:31;647;847;647;;8192
15:34:31;647;847;647;;8988
15:34:32;647;847;648;;3812
15:34:32;647;847;648;;3832
15:34:33;647;847;648;;3864
15:34:33;647;847;648;;5968
15:34:34;647;847;647;;7068
15:34:34;647;847;647;;8560
15:34:35;647;846;647;;5728
15:34:35;647;846;647;;8640
15:34:36;647;846;647;;3764
15:34:36;647;846;647;;3816
15:34:37;647;848;648;;3764
15:34:37;647;848;648;;3760
15:34:38;648;847;648;;3740
15:34:38;648;847;648;;3760
15:34:39;648;849;648;;3732
15:34:39;648;849;648;;3760
15:34:40;648;849;648;;3756
15:34:40;648;849;648;;3780
15:34:41;648;850;648;;3756
15:34:41;648;850;648;;3728
15:34:42;648;849;648;;3804
15:34:42;648;849;648;;3756
15:34:43;648;849;648;;3728
15:34:43;648;849;648;;3776
15:34:44;648;849;648;;3780
15:34:44;648;849;648;;3728
15:34:45;648;848;648;;3704
15:34:45;648;848;648;;3800
15:34:46;648;848;648;;3776
15:34:46;648;848;648;;3832
15:34:47;647;847;648;;3780
15:34:47;647;847;648;;8484
15:34:48;648;848;648;;8560
15:34:49;648;849;648;;3808
15:34:49;648;849;648;;10940
15:34:50;648;850;648;;3804
15:34:50;648;850;648;;10996
15:34:51;648;850;648;;3780
15:34:51;648;850;648;;3780
15:34:52;648;851;648;;3788
15:34:52;648;851;648;;6608
15:34:53;648;851;648;;8588
15:34:53;648;851;648;;7696
15:34:54;648;851;648;;8064
15:34:54;648;851;648;;10604
15:34:55;648;850;648;;11012
15:34:55;648;850;648;;3848
15:34:56;648;850;648;;3816
15:34:56;648;850;648;;3756
15:34:57;648;849;648;;10672
15:34:57;648;849;648;;9764
15:34:58;648;850;648;;6676
15:34:58;648;850;648;;3844
15:34:59;648;850;648;;6488
15:34:59;648;850;648;;10152
15:35:00;648;851;648;;8476
15:35:00;648;851;648;;8656
15:35:01;648;852;649;;6300
15:35:01;648;852;649;;7176
15:35:02;649;852;649;;8556
15:35:02;649;852;649;;6956
15:35:03;649;851;649;;7444
15:35:03;649;851;649;;8880
15:35:04;649;852;649;;6480
15:35:04;649;852;649;;6560
15:35:05;649;852;649;;7540
15:35:05;649;852;649;;6668
15:35:06;649;851;649;;6600
15:35:06;649;851;649;;7684
15:35:07;649;851;649;;7680
15:35:07;649;851;649;;10876
15:35:08;648;851;649;;7836
15:35:08;648;851;649;;3908
15:35:09;648;851;649;;3724
15:35:09;648;851;649;;11016
15:35:10;649;851;649;;3848
15:35:10;649;851;649;;3820
15:35:11;649;851;649;;3884
15:35:11;649;851;649;;3836
15:35:12;649;852;649;;10996
15:35:12;649;852;649;;3860
15:35:13;649;852;649;;3788
15:35:13;649;852;649;;8580
15:35:14;649;852;649;;9688
15:35:14;649;852;649;;10968
15:35:15;649;851;649;;10996
15:35:15;649;851;649;;10952
15:35:16;649;852;649;;10700
15:35:16;649;852;649;;10568
15:35:17;649;851;649;;6560
15:35:17;649;851;649;;9696
15:35:18;649;851;649;;8584
15:35:18;649;851;649;;7544
15:35:19;649;852;649;;11328
15:35:19;649;852;649;;6884
15:35:20;649;852;649;;7968
15:35:20;649;852;649;;8032
15:35:21;649;851;649;;6664
15:35:21;649;851;649;;6576
15:35:22;649;852;649;;8412
15:35:22;649;852;649;;5456
15:35:23;649;853;649;;5224
15:35:23;649;853;649;;5188
15:35:24;649;852;649;;8148
15:35:24;649;852;649;;5760
15:35:25;649;852;649;;5336
15:35:25;649;852;649;;5204
15:35:26;649;853;649;;8608
15:35:26;649;853;649;;8484
15:35:27;649;853;649;;8536
15:35:27;649;853;649;;5228
15:35:28;649;852;649;;6552
15:35:28;649;852;649;;5188
15:35:29;649;853;649;;6612
15:35:29;649;853;649;;3896
15:35:30;649;853;649;;5364
15:35:31;649;853;649;;6560
15:35:31;649;853;649;;6512
15:35:32;649;854;649;;6268
15:35:32;649;854;649;;5944
15:35:33;649;853;649;;8612
15:35:33;649;853;649;;6184
15:35:34;649;852;649;;7072
15:35:34;649;852;649;;5748
15:35:35;649;853;649;;5788
15:35:35;649;853;649;;6160
15:35:36;649;854;649;;7260
15:35:36;649;854;649;;6200
15:35:37;649;854;649;;8920
15:35:37;649;854;649;;5080
15:35:38;649;854;650;;5396
15:35:38;649;854;650;;5356
15:35:39;649;854;649;;3876
15:35:39;649;854;649;;3800
15:35:40;649;854;649;;3872
15:35:40;649;854;649;;3852
15:35:41;649;854;649;;5576
15:35:41;649;854;649;;5492
15:35:42;649;854;649;;3896
15:35:42;649;854;649;;7052
15:35:43;649;853;649;;10748
15:35:43;649;853;649;;9136
15:35:44;649;853;649;;5612
15:35:44;649;853;649;;6236
15:35:45;649;852;649;;6496
15:35:45;649;852;649;;7100
15:35:46;648;851;649;;6200
15:35:46;648;851;649;;6696
15:35:47;649;851;649;;5992
15:35:47;649;851;649;;6676
15:35:48;649;852;649;;8584
15:35:48;649;852;649;;7956
15:35:49;649;852;649;;6668
15:35:49;649;852;649;;6064
15:35:50;649;852;649;;3996
15:35:50;649;852;649;;7036
15:35:51;649;852;649;;8656
15:35:51;649;852;649;;6872
15:35:52;649;852;649;;6940
15:35:52;649;852;649;;3884
15:35:53;649;852;649;;5944
15:35:53;649;852;649;;8608
15:35:54;649;853;649;;6028
15:35:54;649;853;649;;6012
15:35:55;649;853;649;;5972
15:35:55;649;853;649;;6360
15:35:56;649;853;649;;5120
15:35:56;649;853;649;;3980
15:35:57;649;853;649;;5128
15:35:57;649;853;649;;6904
15:35:58;649;853;649;;5192
15:35:58;649;853;649;;6340
15:35:59;649;853;649;;5252
15:35:59;649;853;649;;5332
15:36:00;649;853;649;;5172
15:36:00;649;853;649;;6380
15:36:01;649;854;649;;6620
15:36:01;649;854;649;;8732
15:36:02;649;854;649;;7576
15:36:02;649;854;649;;7868
15:36:03;649;854;649;;4052
15:36:03;649;854;649;;4016
15:36:04;649;855;650;;7228
15:36:04;649;855;650;;8440
15:36:05;649;854;649;;7064
15:36:05;649;854;649;;4080
15:36:06;649;854;649;;6028
15:36:06;649;854;649;;4088
15:36:07;649;854;649;;7256
15:36:07;649;854;649;;6724
15:36:08;649;854;649;;6284
15:36:08;649;854;649;;5356
15:36:09;649;855;650;;6196
15:36:09;649;855;650;;8400
15:36:10;649;855;650;;6224
15:36:10;649;855;650;;8484
15:36:11;649;855;650;;8504
15:36:11;649;855;650;;7208
15:36:12;650;855;650;;10576
15:36:12;650;855;650;;6316
15:36:13;650;855;650;;7792
15:36:13;650;855;650;;8512
15:36:14;650;855;650;;4032
15:36:14;650;855;650;;10964
15:36:15;650;855;650;;7768
15:36:15;650;855;650;;4060
15:36:16;650;855;650;;4000
15:36:16;650;855;650;;4016
15:36:17;650;856;650;;4080
15:36:18;650;855;650;;4056
15:36:18;650;855;650;;6768
15:36:19;650;856;650;;5204
15:36:19;650;856;650;;4076
15:36:20;650;856;650;;5200
15:36:20;650;856;650;;6172
15:36:21;650;856;650;;3708
15:36:21;650;856;650;;7104
15:36:22;650;856;650;;7180
15:36:22;650;856;650;;8444
15:36:23;650;857;650;;6912
15:36:23;650;857;650;;7308
15:36:24;650;857;650;;7648
15:36:24;650;857;650;;7724
15:36:25;650;857;650;;4072
15:36:25;650;857;650;;5664
15:36:26;650;857;650;;5308
15:36:26;650;857;650;;5216
15:36:27;650;857;650;;5288
15:36:27;650;857;650;;5276
15:36:28;650;858;650;;3888
15:36:28;650;858;650;;5280
15:36:29;650;858;651;;5188
15:36:29;650;858;651;;5372
15:36:30;650;858;651;;5152
15:36:30;650;858;651;;4660
15:36:31;651;859;651;;5220
15:36:31;651;859;651;;5724
15:36:32;651;859;651;;5072
15:36:32;651;859;651;;4860
15:36:33;651;860;651;;3956
15:36:33;651;860;651;;4812
15:36:34;651;859;651;;4864
15:36:34;651;859;651;;5244
15:36:35;651;860;651;;5112
15:36:35;651;860;651;;4984
15:36:36;651;859;651;;6172
15:36:36;651;859;651;;9584
15:36:37;651;860;651;;5196
15:36:37;651;860;651;;5384
15:36:38;651;860;651;;3796
15:36:38;651;860;651;;3828
15:36:39;651;861;651;;3848
15:36:39;651;861;651;;6572
15:36:40;651;860;651;;13500
15:36:40;651;860;651;;13008
15:36:41;651;861;651;;5240
15:36:41;651;861;651;;5176
15:36:42;651;861;651;;5292
15:36:42;651;861;651;;5312
15:36:43;651;861;651;;5300
15:36:43;651;861;651;;5220
15:36:44;651;861;651;;5192
15:36:44;651;861;651;;5388
15:36:45;651;861;651;;5672
15:36:45;651;861;651;;5932
15:36:46;651;860;651;;7788
15:36:46;651;860;651;;8064
15:36:47;651;861;651;;8700
15:36:47;651;861;651;;8528
15:36:48;651;861;651;;8504
15:36:48;651;861;651;;8752
15:36:49;651;861;651;;11016
15:36:49;651;861;651;;8532
15:36:50;651;862;651;;10060
15:36:50;651;862;651;;10612
15:36:51;651;862;652;;8628
15:36:51;651;862;652;;5388
15:36:52;651;861;651;;8600
15:36:52;651;861;651;;8632
15:36:53;651;862;652;;6156
15:36:53;651;862;652;;8580
15:36:54;651;862;652;;5412
15:36:54;651;862;652;;6940
15:36:55;652;862;652;;3900
15:36:55;652;862;652;;5348
15:36:56;652;862;652;;8708
15:36:56;652;862;652;;10680
15:36:57;651;862;652;;10964
15:36:57;651;862;652;;10476
15:36:58;651;862;652;;6616
15:36:58;651;862;652;;11164
15:36:59;652;862;652;;10620
15:36:59;652;862;652;;10236
15:37:00;652;863;652;;10384
15:37:01;652;863;652;;13024
15:37:01;652;863;652;;6300
15:37:02;652;863;652;;10520
15:37:02;652;863;652;;11112
15:37:03;652;864;652;;13028
15:37:03;652;864;652;;11396
15:37:04;652;863;652;;11296
15:37:04;652;863;652;;8680
15:37:05;652;863;652;;8696
15:37:05;652;863;652;;8648
15:37:06;652;863;652;;6912
15:37:06;652;863;652;;6636
15:37:07;652;863;652;;8584
15:37:07;652;863;652;;7336
15:37:08;652;863;652;;8556
15:37:08;652;863;652;;8588
15:37:09;652;864;652;;8604
15:37:09;652;864;652;;8720
15:37:10;652;865;652;;8728
15:37:10;652;865;652;;8656
15:37:11;652;865;652;;8776
15:37:11;652;865;652;;10568
15:37:12;653;866;653;;8712
15:37:12;653;866;653;;10520
15:37:13;653;866;653;;8568
15:37:13;653;866;653;;8568
15:37:14;653;867;653;;10644
15:37:14;653;867;653;;8648
15:37:15;653;866;653;;7560
15:37:15;653;866;653;;13024
15:37:16;653;866;653;;10596
15:37:16;653;866;653;;8664
15:37:17;653;867;653;;8632
15:37:17;653;867;653;;8732
15:37:18;653;867;653;;8688
15:37:18;653;867;653;;8588
15:37:19;653;867;653;;8768
15:37:19;653;867;653;;8672
15:37:20;653;867;653;;8576
15:37:20;653;867;653;;3304
15:37:21;653;867;653;;8824
15:37:21;653;867;653;;4688
15:37:22;653;867;653;;12944
15:37:22;653;867;653;;6228
15:37:23;652;866;653;;6600
15:37:23;652;866;653;;6484
15:37:24;652;866;652;;10616
15:37:24;652;866;652;;8740
15:37:25;653;866;653;;8816
15:37:25;653;866;653;;13024
15:37:26;653;867;653;;13024
15:37:26;653;867;653;;13024
15:37:27;653;867;653;;8972
15:37:27;653;867;653;;7212
15:37:28;653;868;653;;8852
15:37:28;653;868;653;;7540
15:37:29;652;864;652;;8856
15:37:29;652;864;652;;13012
15:37:30;640;817;639;;13032
15:37:30;640;817;639;;10960
15:37:31;616;740;614;;10760
15:37:31;616;740;614;;10732
15:37:32;596;691;595;;10632
15:37:32;596;691;595;;10728
15:37:33;591;680;591;;10680
15:37:34;576;647;576;;7004
15:37:34;576;647;576;;6804
15:37:35;567;629;567;;8592
15:37:35;567;629;567;;8648
15:37:36;561;618;561;;8752
15:37:36;561;618;561;;8572
15:37:37;559;615;559;;10680
15:37:37;559;615;559;;8900
15:37:38;557;611;557;;10456
15:37:38;557;611;557;;8656
15:37:39;555;608;555;;8732
15:37:39;555;608;555;;8524
15:37:40;553;603;553;;8600
15:37:40;553;603;553;;8576
15:37:41;555;608;555;;8548
15:37:41;555;608;555;;8628
15:37:42;558;613;558;;8572
15:37:42;558;613;558;;8644
15:37:43;562;622;563;;8596
15:37:43;562;622;563;;8596
15:37:44;565;626;565;;8752
15:37:44;565;626;565;;8544
15:37:45;566;629;567;;8028
15:37:45;566;629;567;;8572
15:37:46;568;633;568;;8544
15:37:46;568;633;568;;8596
15:37:47;568;632;568;;8672
15:37:47;568;632;568;;8800
15:37:48;542;584;541;;10728
15:37:48;542;584;541;;13056
15:37:49;558;615;559;;8652
15:37:49;558;615;559;;6548
15:37:50;595;703;599;;8648
15:37:50;595;703;599;;8604
15:37:51;641;838;644;;8564
15:37:51;641;838;644;;6616
15:37:52;674;960;676;;8780
15:37:52;674;960;676;;6784
15:37:53;709;1022;710;;8564
15:37:53;709;1022;710;;8608
15:37:54;712;1023;712;;8584
15:37:54;712;1023;712;;8556
15:37:55;712;1023;712;;8540
15:37:55;712;1023;712;;9448
15:37:56;712;1023;712;;10772
15:37:56;712;1023;712;;6376
15:37:57;711;1023;710;;10796
15:37:57;711;1023;710;;8580
15:37:58;701;1022;701;;9068
15:37:58;701;1022;701;;8540
15:37:59;694;1017;694;;8640
15:37:59;694;1017;694;;8864
15:38:00;693;1015;693;;8768
15:38:00;693;1015;693;;8796
15:38:01;692;1015;692;;8764
15:38:01;692;1015;692;;10800
15:38:02;692;1015;693;;11040
15:38:02;692;1015;693;;8768
15:38:03;693;1015;693;;8856
15:38:03;693;1015;693;;6616
15:38:04;693;1015;693;;6620
15:38:04;693;1015;693;;6916
15:38:05;693;1015;693;;8512
15:38:05;693;1015;693;;7768
15:38:06;693;1016;693;;8516
15:38:06;693;1016;693;;7672
15:38:07;693;1016;693;;13088
15:38:08;693;1016;693;;11036
15:38:08;693;1016;693;;6948
15:38:09;693;1017;693;;4256
15:38:09;693;1017;693;;10944
15:38:10;693;1017;693;;10920
15:38:10;693;1017;693;;8948
15:38:11;693;1017;694;;8624
15:38:11;693;1017;694;;8480
15:38:12;694;1017;694;;8588
15:38:12;694;1017;694;;10724
15:38:13;694;1018;694;;10648
15:38:13;694;1018;694;;8640
15:38:14;694;1018;694;;7132
15:38:14;694;1018;694;;7552
15:38:15;694;1018;694;;7608
15:38:15;694;1018;694;;10492
15:38:16;694;1018;694;;10416
15:38:16;694;1018;694;;8576
15:38:17;694;1018;694;;8504
15:38:17;694;1018;694;;7848
15:38:18;694;1019;694;;7792
15:38:18;694;1019;694;;6332
15:38:19;694;1019;694;;5900
15:38:19;694;1019;694;;7020
15:38:20;694;1019;694;;9572
15:38:20;694;1019;694;;9444
15:38:21;694;1019;694;;9496
15:38:21;694;1019;694;;9500
15:38:22;694;1019;695;;9448
15:38:22;694;1019;695;;9472
15:38:23;694;1019;695;;8640
15:38:23;694;1019;695;;9668
15:38:24;695;1019;695;;9500
15:38:24;695;1019;695;;9548
15:38:25;695;1020;695;;9476
15:38:25;695;1020;695;;8588
15:38:26;695;1020;695;;9748
15:38:26;695;1020;695;;9600
15:38:27;695;1020;695;;9452
15:38:27;695;1020;695;;8592
15:38:28;695;1020;695;;8668
15:38:28;695;1020;695;;8624
15:38:29;695;1020;695;;9556
15:38:29;695;1020;695;;3852
15:38:30;695;1020;695;;9480
15:38:30;695;1020;695;;9504
15:38:31;695;1020;695;;3844
15:38:31;695;1020;695;;3888
15:38:32;695;1020;695;;3812
15:38:32;695;1020;695;;4112
15:38:33;695;1020;695;;9432
15:38:33;695;1020;695;;3756
15:38:34;695;1020;695;;3840
15:38:34;695;1020;695;;3844
15:38:35;695;1021;695;;3848
15:38:35;695;1021;695;;9368
15:38:36;695;1021;695;;3880
15:38:36;695;1021;695;;3808
15:38:37;695;1021;695;;3836
15:38:37;695;1021;695;;3940
15:38:38;695;1021;695;;3920
15:38:38;695;1021;695;;3920
15:38:39;695;1021;695;;3896
15:38:39;695;1021;695;;3852
15:38:40;695;1021;695;;3852
15:38:40;695;1021;695;;3876
15:38:41;695;1021;695;;3848
15:38:41;695;1021;695;;3920
15:38:42;695;1021;695;;3904
15:38:42;695;1021;695;;3852
15:38:43;695;1021;696;;3856
15:38:43;695;1021;696;;3884
15:38:44;695;1021;695;;3932
15:38:44;695;1021;695;;3888
15:38:45;695;1021;695;;3888
15:38:45;695;1021;695;;3964
15:38:46;695;1021;696;;7884
15:38:46;695;1021;696;;9480
15:38:47;695;1021;696;;9508
15:38:47;695;1021;696;;3920
15:38:48;695;1021;695;;3952
15:38:48;695;1021;695;;9528
15:38:49;695;1021;696;;9428
15:38:49;695;1021;696;;9556
15:38:50;696;1021;696;;9532
15:38:51;696;1021;696;;9484
15:38:51;696;1021;696;;9464
15:38:52;696;1021;696;;9456
15:38:52;696;1021;696;;7776
15:38:53;696;1021;696;;7780
15:38:53;696;1021;696;;9508
15:38:54;696;1021;696;;3976
15:38:54;696;1021;696;;8640
15:38:55;696;1021;696;;8564
15:38:55;696;1021;696;;8100
15:38:56;696;1021;696;;8616
15:38:56;696;1021;696;;7828
15:38:57;696;1021;696;;8536
15:38:57;696;1021;696;;8636
15:38:58;696;1021;696;;8560
15:38:58;696;1021;696;;9528
15:38:59;696;1022;696;;6676
15:38:59;696;1022;696;;8760
15:39:00;696;1022;696;;8712
15:39:00;696;1022;696;;8632
15:39:01;696;1022;696;;9448
15:39:01;696;1022;696;;8732
15:39:02;696;1022;696;;8620
15:39:02;696;1022;696;;8612
15:39:03;696;1022;696;;8688
15:39:03;696;1022;696;;8640
15:39:04;696;1022;696;;8632
15:39:04;696;1022;696;;8664
15:39:05;696;1022;696;;9620
15:39:05;696;1022;696;;7084
15:39:06;696;1022;696;;8736
15:39:06;696;1022;696;;8612
15:39:07;696;1022;696;;9444
15:39:07;696;1022;696;;8684
15:39:08;696;1022;696;;9556
15:39:08;696;1022;696;;8660
15:39:09;696;1022;696;;8608
15:39:09;696;1022;696;;8656
15:39:10;696;1022;696;;8660
15:39:10;696;1022;696;;8680
15:39:11;696;1022;696;;8680
15:39:11;696;1022;696;;9448
15:39:12;696;1022;696;;9644
15:39:12;696;1022;696;;9476
15:39:13;696;1022;696;;9572
15:39:13;696;1022;696;;9372
15:39:14;696;1022;696;;8588
15:39:14;696;1022;696;;9524
15:39:15;696;1022;696;;8460
15:39:15;696;1022;696;;8000
15:39:16;696;1022;696;;8560
15:39:16;696;1022;696;;9372
15:39:17;696;1022;696;;5884
15:39:17;696;1022;696;;9472
15:39:18;696;1022;696;;5536
15:39:18;696;1022;696;;4516
15:39:19;696;1022;696;;4608
15:39:19;696;1022;696;;6020
15:39:20;696;1021;696;;9428
15:39:20;696;1021;696;;9476
15:39:21;695;1020;696;;3260
15:39:21;695;1020;696;;8180
15:39:22;695;1021;695;;9720
15:39:22;695;1021;695;;4512
15:39:23;695;1021;695;;7572
15:39:23;695;1021;695;;7632
15:39:24;695;1021;696;;7948
15:39:24;695;1021;696;;8684
15:39:25;696;1021;696;;8508
15:39:25;696;1021;696;;6824
15:39:26;696;1021;696;;5616
15:39:26;696;1021;696;;6916
15:39:27;696;1021;696;;7780
15:39:28;696;1021;696;;8560
15:39:28;696;1021;696;;8608
15:39:29;696;1021;696;;9500
15:39:29;696;1021;696;;9424
15:39:30;696;1021;696;;9600
15:39:30;696;1021;696;;9472
15:39:31;696;1021;696;;9524
15:39:31;696;1021;696;;9548
15:39:32;696;1021;696;;9496
15:39:32;696;1021;696;;9568
15:39:33;696;1021;696;;9524
15:39:33;696;1021;696;;9492
15:39:34;696;1021;696;;8656
15:39:34;696;1021;696;;9476
15:39:35;696;1021;696;;9520
15:39:35;696;1021;696;;9516
15:39:36;696;1021;696;;9472
15:39:36;696;1021;696;;9464
15:39:37;696;1021;696;;9568
15:39:37;696;1021;696;;9516
15:39:38;696;1021;696;;8020
15:39:38;696;1021;696;;6968
15:39:39;696;1021;696;;6816
15:39:39;696;1021;696;;6704
15:39:40;696;1021;696;;6648
15:39:40;696;1021;696;;6488
15:39:41;696;1021;696;;6100
15:39:41;696;1021;696;;6708
15:39:42;696;1021;696;;6996
15:39:42;696;1021;696;;8940
15:39:43;696;1021;696;;5384
15:39:43;696;1021;696;;7820
15:39:44;696;1021;696;;8720
15:39:44;696;1021;696;;8100
15:39:45;696;1021;696;;6280
15:39:45;696;1021;696;;4964
15:39:46;696;1021;696;;4816
15:39:46;696;1021;696;;4760
15:39:47;696;1021;696;;4464
15:39:47;696;1021;696;;4684
15:39:48;696;1022;696;;5148
15:39:48;696;1022;696;;5208
15:39:49;696;1022;696;;7800
15:39:49;696;1022;696;;5320
15:39:50;696;1022;696;;5256
15:39:50;696;1022;696;;4416
15:39:51;696;1022;696;;6436
15:39:51;696;1022;696;;4364
15:39:52;696;1022;696;;4208
15:39:52;696;1022;696;;7756
15:39:53;696;1022;696;;9192
15:39:53;696;1022;696;;7192
15:39:54;696;1022;696;;3056
15:39:54;696;1022;696;;2900
15:39:55;696;1022;696;;6184
15:39:55;696;1022;696;;6304
15:39:56;696;1022;696;;7876
15:39:56;696;1022;696;;13632
15:39:57;696;1022;696;;13216
15:39:58;696;1022;696;;213924
15:39:58;696;1022;696;;3812
15:39:59;696;1022;696;;7352
15:39:59;696;1022;696;;214008
15:40:00;696;1022;696;;1940
15:40:00;696;1022;696;;215280
15:40:01;696;1022;696;;2300
15:40:01;696;1022;696;;7728
15:40:02;696;1022;696;;16096
15:40:03;696;1022;696;;215204
15:40:03;696;1022;696;;1788
15:40:04;696;1022;696;;7728
15:40:04;696;1022;696;;1856
15:40:05;696;1022;696;;7800
15:40:05;696;1022;696;;214984
15:40:06;696;1022;696;;1736
15:40:06;696;1022;696;;214744
15:40:07;696;1022;696;;1712
15:40:07;696;1022;696;;7876
15:40:08;696;1022;696;;213384
15:40:09;696;1022;696;;1880
15:40:09;696;1022;696;;7608
15:40:10;696;1022;696;;7696
15:40:10;696;1022;696;;7776
15:40:11;696;1022;696;;6060
15:40:11;696;1022;696;;7748
15:40:12;696;1022;696;;7776
15:40:12;696;1022;696;;7824
15:40:13;696;1022;696;;6836
15:40:13;696;1022;696;;7412
15:40:14;696;1022;696;;13084
15:40:14;696;1022;696;;7684
15:40:15;696;1022;696;;7876
15:40:15;696;1022;696;;7968
15:40:16;696;1022;696;;7832
15:40:16;696;1022;696;;13084
15:40:17;696;1022;696;;13084
15:40:17;696;1022;696;;11868
15:40:18;696;1022;696;;11964
15:40:18;696;1022;696;;11920
15:40:19;696;1022;696;;11768
15:40:19;696;1022;696;;7704
15:40:20;696;1022;696;;13136
15:40:20;696;1022;696;;13064
15:40:21;696;1022;696;;7704
15:40:21;696;1022;696;;13084
15:40:22;696;1022;696;;14624
15:40:22;696;1022;696;;214292
15:40:23;696;1022;696;;1916
15:40:23;696;1022;696;;7804
15:40:24;696;1022;696;;6148
15:40:24;696;1022;696;;6016
15:40:25;696;1022;697;;6164
15:40:26;696;1022;696;;215472
15:40:26;696;1022;696;;3992
15:40:27;696;1022;696;;13256
15:40:27;696;1022;696;;13100
15:40:28;696;1022;696;;13180
15:40:28;696;1022;696;;6892
15:40:29;696;1022;697;;11064
15:40:29;696;1022;697;;13104
15:40:30;696;1022;696;;6876
15:40:30;696;1022;696;;4796
15:40:31;696;1022;697;;13080
15:40:31;696;1022;697;;13056
15:40:32;696;1022;697;;7008
15:40:32;696;1022;697;;13084
15:40:33;696;1022;696;;13080
15:40:33;696;1022;696;;7312
15:40:34;696;1022;697;;7128
15:40:34;696;1022;697;;7068
15:40:35;696;1022;697;;7044
15:40:35;696;1022;697;;7120
15:40:36;696;1022;696;;13136
15:40:36;696;1022;696;;13088
15:40:37;696;1022;697;;4984
15:40:37;696;1022;697;;4904
15:40:38;696;1022;697;;7056
15:40:38;696;1022;697;;7300
15:40:39;696;1022;697;;4896
15:40:39;696;1022;697;;4856
15:40:40;696;1022;697;;4960
15:40:40;696;1022;697;;4824
15:40:41;696;1022;697;;4760
15:40:41;696;1022;697;;4836
15:40:42;696;1022;697;;4824
15:40:42;696;1022;697;;13104
15:40:43;697;1022;697;;4852
15:40:43;697;1022;697;;4944
15:40:44;696;1022;697;;4920
15:40:44;696;1022;697;;7088
15:40:45;697;1022;697;;13056
15:40:45;697;1022;697;;4836
15:40:46;697;1022;697;;13084
15:40:46;697;1022;697;;13104
15:40:47;697;1022;697;;13056
15:40:47;697;1022;697;;4952
15:40:48;697;1022;697;;7080
15:40:48;697;1022;697;;4864
15:40:49;697;1022;697;;4876
15:40:49;697;1022;697;;13048
15:40:50;697;1022;697;;4784
15:40:50;697;1022;697;;7088
15:40:51;697;1022;697;;4836
15:40:51;697;1022;697;;4788
15:40:52;697;1022;697;;5024
15:40:52;697;1022;697;;4828
15:40:53;697;1022;697;;4828
15:40:53;697;1022;697;;4856
15:40:54;697;1022;697;;4848
15:40:54;697;1022;697;;4992
15:40:55;697;1022;697;;7112
15:40:55;697;1022;697;;13084
15:40:56;697;1022;697;;7852
15:40:56;697;1022;697;;7828
15:40:57;697;1022;697;;5160
15:40:58;697;1022;697;;7752
15:40:58;697;1022;697;;17980
15:40:59;697;1022;697;;4128
15:40:59;697;1022;697;;5232
15:41:00;697;1022;697;;5292
15:41:00;697;1022;697;;5336
15:41:01;697;1022;697;;5284
15:41:01;697;1022;697;;11472
15:41:02;697;1022;697;;4800
15:41:02;697;1022;697;;12276
15:41:03;697;1022;697;;11944
15:41:03;697;1022;697;;7012
15:41:04;697;1022;697;;6792
15:41:04;697;1022;697;;9964
15:41:05;697;1022;697;;6800
15:41:05;697;1022;697;;8332
15:41:06;697;1022;697;;8356
15:41:06;697;1022;697;;11844
15:41:07;697;1022;697;;8248
15:41:07;697;1022;697;;8604
15:41:08;697;1022;697;;8340
15:41:08;697;1022;697;;11740
15:41:09;697;1022;697;;11744
15:41:09;697;1022;697;;11720
15:41:10;697;1022;697;;11744
15:41:10;697;1022;697;;11716
15:41:11;697;1022;697;;7852
15:41:11;697;1022;697;;11768
15:41:12;697;1022;697;;7804
15:41:12;697;1022;697;;11692
15:41:13;697;1022;697;;6256
15:41:13;697;1022;697;;6660
15:41:14;697;1022;697;;11796
15:41:14;697;1022;697;;4476
15:41:15;697;1022;697;;1988
15:41:15;697;1022;697;;1820
15:41:16;697;1022;697;;1776
15:41:16;697;1022;697;;3760
15:41:17;697;1022;697;;10260
15:41:17;697;1022;697;;7216
15:41:18;697;1022;697;;10188
15:41:18;697;1022;697;;215868
15:41:19;697;1022;697;;1964
15:41:19;697;1022;697;;6060
15:41:20;697;1022;697;;214328
15:41:21;697;1022;697;;4176
15:41:21;697;1022;697;;3444
15:41:22;697;1022;697;;3320
15:41:22;697;1022;697;;9064
15:41:23;697;1022;697;;7928
15:41:23;697;1022;697;;7716
15:41:24;697;1022;697;;5688
15:41:24;697;1022;697;;5504
15:41:25;697;1022;697;;8128
15:41:25;697;1022;697;;5600
15:41:26;697;1022;697;;5632
15:41:26;697;1022;697;;7856
15:41:27;697;1022;697;;7660
15:41:27;697;1022;697;;7820
15:41:28;697;1022;697;;7664
15:41:28;697;1022;697;;7660
15:41:29;697;1022;697;;7904
15:41:29;697;1022;697;;7684
15:41:30;697;1022;697;;9016
15:41:30;697;1022;697;;7696
15:41:31;697;1022;697;;7828
15:41:31;697;1022;697;;8084
15:41:32;697;1022;697;;7760
15:41:32;697;1022;697;;8200
15:41:33;697;1022;697;;7628
15:41:33;697;1022;697;;7552
15:41:34;697;1022;697;;7700
15:41:34;697;1022;697;;7748
15:41:35;697;1022;697;;7816
15:41:35;697;1022;697;;7760
15:41:36;697;1022;697;;9044
15:41:36;697;1022;697;;7832
15:41:37;697;1022;697;;8916
15:41:37;697;1022;697;;8968
15:41:38;697;1022;697;;6608
15:41:38;697;1022;697;;7340
15:41:39;697;1022;697;;7360
15:41:39;697;1022;697;;8992
15:41:40;697;1022;697;;8960
15:41:40;697;1022;697;;8652
15:41:41;697;1022;697;;7496
15:41:41;697;1022;697;;6856
15:41:42;697;1022;697;;6760
15:41:42;697;1022;697;;6816
15:41:43;697;1022;697;;7080
15:41:43;697;1022;697;;7600
15:41:44;697;1022;697;;9672
15:41:44;697;1022;697;;9656
15:41:45;697;1022;697;;9724
15:41:45;697;1022;697;;9624
15:41:46;697;1022;697;;9772
15:41:46;697;1022;697;;9676
15:41:47;697;1022;697;;9724
15:41:47;697;1022;697;;9720
15:41:48;697;1022;697;;10424
15:41:48;697;1022;697;;9624
15:41:49;697;1022;697;;9648
15:41:49;697;1022;697;;9600
15:41:50;697;1022;697;;9696
15:41:50;697;1022;697;;9768
15:41:51;697;1022;697;;10452
15:41:52;697;1022;697;;9744
15:41:52;697;1022;697;;10400
15:41:53;697;1022;697;;9744
15:41:53;697;1022;697;;9820
15:41:54;697;1022;697;;9816
15:41:54;697;1022;697;;9896
15:41:55;697;1022;697;;8732
15:41:55;697;1022;697;;3908
15:41:56;697;1022;697;;9660
15:41:56;697;1022;697;;9804
15:41:57;697;1022;697;;3824
15:41:57;697;1022;697;;9556
15:41:58;697;1022;697;;8640
15:41:58;697;1022;697;;3916
15:41:59;697;1022;697;;8544
15:41:59;697;1022;697;;8548
15:42:00;697;1022;697;;3900
15:42:00;697;1022;697;;3848
15:42:01;697;1022;697;;3792
15:42:01;697;1022;697;;10412
15:42:02;697;1022;697;;7928
15:42:02;697;1022;697;;7056
15:42:03;697;1022;697;;6512
15:42:03;697;1022;697;;9900
15:42:04;697;1022;697;;10432
15:42:04;697;1022;697;;10456
15:42:05;697;1022;697;;6848
15:42:05;697;1022;697;;8124
15:42:06;697;1022;697;;6924
15:42:06;697;1022;697;;6876
15:42:07;697;1022;697;;6960
15:42:07;697;1022;697;;6832
15:42:08;697;1022;697;;6728
15:42:08;697;1022;697;;6564
15:42:09;697;1022;697;;6340
15:42:09;697;1022;697;;10584
15:42:10;697;1022;697;;9436
15:42:10;697;1022;697;;9676
15:42:11;697;1022;697;;7836
15:42:11;697;1022;697;;10388
15:42:12;697;1022;697;;9624
15:42:12;697;1022;697;;8612
15:42:13;697;1022;697;;9700
15:42:13;697;1022;697;;9776
15:42:14;697;1022;697;;10680
15:42:14;697;1022;697;;8980
15:42:15;697;1022;697;;6372
15:42:15;697;1022;697;;9772
15:42:16;697;1022;697;;9800
15:42:16;697;1022;697;;7236
15:42:17;697;1022;697;;6852
15:42:17;697;1022;697;;7828
15:42:18;697;1022;697;;9624
15:44:44;695;1020;695;;3796
15:44:44;695;1020;695;;8096
15:44:45;695;1019;695;;9164
15:44:45;695;1019;695;;9184
15:44:46;695;1019;695;;7996
15:44:46;695;1019;695;;8096
15:44:47;695;1019;695;;8068
15:44:47;695;1019;695;;8020
15:44:48;695;1019;695;;9212
15:44:49;695;1019;695;;13112
15:44:49;695;1019;695;;13132
15:44:50;695;1019;695;;2732
15:44:50;695;1019;695;;214960
15:44:51;695;1019;695;;3936
15:44:51;695;1019;695;;11020
15:44:52;695;1019;695;;12072
15:44:52;695;1019;695;;13084
15:44:53;695;1019;695;;9204
15:44:53;695;1019;695;;9176
15:44:54;695;1019;695;;9324
15:44:54;695;1019;695;;9428
15:44:55;695;1019;695;;13108
15:44:55;695;1019;695;;13256
15:44:56;695;1019;695;;2544
15:44:56;695;1019;695;;2668
15:44:57;695;1019;695;;6240
15:44:57;695;1019;695;;13156
15:44:58;695;1020;695;;13260
15:44:58;695;1020;695;;13256
15:44:59;695;1020;695;;13184
15:44:59;695;1020;695;;13304
15:45:00;695;1020;695;;13284
15:45:00;695;1020;695;;10980
15:45:01;695;1020;695;;13180
15:45:01;695;1020;695;;13228
15:45:02;695;1020;695;;13180
15:45:02;695;1020;695;;11908
15:45:03;695;1020;696;;13132
15:45:03;695;1020;696;;13232
15:45:04;695;1020;695;;12092
15:45:04;695;1020;695;;12148
15:45:05;695;1020;695;;13236
15:45:05;695;1020;695;;13228
15:45:06;695;1020;696;;12068
15:45:06;695;1020;696;;12192
15:45:07;695;1020;696;;12072
15:45:07;695;1020;696;;11044
15:45:08;695;1020;696;;13136
15:45:09;695;1020;696;;13156
15:45:09;695;1020;696;;13104
15:45:10;695;1020;696;;13104
15:45:10;695;1020;696;;13156
15:45:11;696;1020;696;;10064
15:45:11;696;1020;696;;1428
15:45:12;696;1020;696;;11136
15:45:12;696;1020;696;;13132
15:45:13;696;1020;696;;13128
15:45:13;696;1020;696;;13100
15:45:14;696;1020;696;;13132
15:45:14;696;1020;696;;13208
15:45:15;696;1020;696;;13552
15:45:15;696;1020;696;;13184
15:45:16;696;1021;696;;13240
15:45:16;696;1021;696;;13240
15:45:17;696;1021;696;;10044
15:45:17;696;1021;696;;10052
15:45:18;696;1021;696;;13188
15:45:18;696;1021;696;;13140
15:45:19;696;1021;696;;13112
15:45:19;696;1021;696;;13080
15:45:20;696;1021;696;;13132
15:45:20;696;1021;696;;13136
15:45:21;696;1021;696;;13088
15:45:21;696;1021;696;;13136
15:45:22;696;1021;696;;13136
15:45:22;696;1021;696;;13188
15:45:23;696;1021;696;;13184
15:45:23;696;1021;696;;13156
15:45:24;696;1021;696;;13140
15:45:24;696;1021;696;;9984
15:45:25;696;1021;696;;13088
15:45:25;696;1021;696;;10216
15:45:26;696;1021;696;;10148
15:45:26;696;1021;696;;11128
15:45:27;696;1021;696;;13108
15:45:27;696;1021;696;;13112
15:45:28;696;1021;696;;10048
15:45:28;696;1021;696;;10040
15:45:29;696;1021;696;;10048
15:45:29;696;1021;696;;13160
15:45:30;696;1021;696;;10132
15:45:30;696;1021;696;;13060
15:45:31;696;1021;696;;9328
15:45:31;696;1021;696;;9056
15:45:32;696;1021;696;;7988
15:45:32;696;1021;696;;8072
15:45:33;696;1021;696;;8068
15:45:33;696;1021;696;;8068
15:45:34;696;1021;696;;9056
15:45:34;696;1021;696;;9164
15:45:35;696;1021;696;;9088
15:45:35;696;1021;696;;9012
15:45:36;696;1021;696;;8120
15:45:36;696;1021;696;;8072
15:45:37;696;1021;696;;7992
15:45:37;696;1021;696;;8068
15:45:38;696;1022;696;;8016
15:45:39;696;1022;696;;8068
15:45:39;696;1022;696;;8044
15:45:40;696;1022;696;;10372
15:45:40;696;1022;696;;9308
15:45:41;696;1022;696;;13160
15:45:41;696;1022;696;;13108
15:45:42;696;1022;696;;10208
15:45:42;696;1022;696;;13160
15:45:43;696;1022;696;;10148
15:45:43;696;1022;696;;10084
15:45:44;696;1022;696;;13308
15:45:44;696;1022;696;;13232
15:45:45;696;1022;696;;10020
15:45:45;696;1022;696;;10128
15:45:46;696;1022;696;;213456
15:45:46;696;1022;696;;2396
15:45:47;696;1022;696;;7756
15:45:47;696;1022;696;;9836
15:45:48;696;1022;696;;14188
15:45:48;696;1022;696;;7852
15:45:49;696;1022;696;;13208
15:45:49;696;1022;696;;13108
15:45:50;696;1022;696;;13136
15:45:50;696;1022;696;;7856
15:45:51;696;1022;696;;13108
15:45:51;696;1022;696;;13132
15:45:52;696;1022;696;;13156
15:45:52;696;1022;696;;13204
15:45:53;696;1022;696;;13284
15:45:53;696;1022;696;;13160
15:45:54;696;1022;696;;13152
15:45:54;696;1022;696;;13188
15:45:55;696;1022;696;;13184
15:45:55;696;1022;696;;13160
15:45:56;696;1022;696;;13184
15:45:56;696;1022;696;;13132
15:45:57;696;1022;696;;13132
15:45:57;696;1022;696;;13092
15:45:58;696;1022;696;;13108
15:45:59;696;1022;696;;13136
15:45:59;696;1022;696;;13140
15:46:00;696;1022;696;;9256
15:46:00;696;1022;696;;7992
15:46:01;696;1022;696;;8048
15:46:01;696;1022;696;;8072
15:46:02;696;1022;696;;8044
15:46:02;696;1022;696;;8092
15:46:03;696;1022;696;;8140
15:46:03;696;1022;696;;8092
15:46:04;696;1022;696;;9204
15:46:04;696;1022;696;;9308
15:46:05;696;1022;696;;9288
15:46:05;696;1022;696;;13112
15:46:06;696;1022;696;;13112
15:46:06;696;1022;696;;13256
15:46:07;696;1022;696;;14796
15:46:07;696;1022;696;;8224
15:46:08;696;1022;696;;7800
15:46:08;696;1022;696;;9224
15:46:09;696;1022;696;;6648
15:46:09;696;1022;696;;6732
15:46:10;696;1022;696;;6584
15:46:10;696;1022;696;;6184
15:46:11;696;1022;696;;6180
15:46:11;696;1022;696;;6456
15:46:12;696;1022;696;;6620
15:46:12;696;1022;696;;6716
15:46:13;696;1022;696;;6936
15:46:13;696;1022;696;;7272
15:46:14;696;1022;696;;6772
15:46:14;696;1022;696;;6696
15:46:15;696;1022;696;;6480
15:46:15;696;1022;696;;5036
15:46:16;696;1022;696;;7948
15:46:16;696;1022;696;;7976
15:46:17;696;1022;696;;7976
15:46:17;696;1022;696;;6304
15:46:18;696;1022;696;;6600
15:46:18;696;1022;696;;6736
15:46:19;696;1022;696;;6656
15:46:19;696;1022;696;;6784
15:46:20;696;1022;696;;6736
15:46:20;696;1022;696;;7056
15:46:21;696;1022;696;;6988
15:46:21;696;1022;696;;6948
15:46:22;696;1022;696;;6952
15:46:22;696;1022;696;;6968
15:46:23;696;1022;696;;6964
15:46:23;696;1022;696;;7060
15:46:24;696;1022;696;;7008
15:46:24;696;1022;696;;6984
15:46:25;696;1022;696;;6928
15:46:25;696;1022;696;;9156
15:46:26;696;1022;696;;7288
15:46:26;696;1022;696;;6608
15:46:27;696;1022;696;;6540
15:46:27;696;1022;696;;6316
15:46:28;696;1022;696;;6276
15:46:28;696;1022;696;;6240
15:46:29;696;1022;696;;6520
15:46:29;696;1022;696;;6696
15:46:30;696;1022;696;;6392
15:46:30;696;1022;696;;6364
15:46:31;696;1022;696;;6616
15:46:31;696;1022;696;;6340
15:46:32;696;1022;696;;6372
15:46:32;696;1022;696;;6304
15:46:33;696;1022;696;;6428
15:46:33;696;1022;696;;6332
15:46:34;696;1022;696;;6232
15:46:34;696;1022;696;;6232
15:46:35;696;1022;696;;6964
15:46:35;696;1022;696;;8252
15:46:36;696;1022;696;;7564
15:46:36;696;1022;696;;6900
15:46:37;696;1022;696;;6660
15:46:37;696;1022;696;;8396
15:46:38;696;1022;696;;9096
15:46:38;696;1022;696;;7536
15:46:39;696;1022;696;;5964
15:46:39;696;1022;696;;6548
15:46:40;696;1022;696;;7928
15:46:41;696;1022;696;;9000
15:46:41;696;1022;696;;8760
15:46:42;696;1022;696;;8432
15:46:42;696;1022;696;;8712
15:46:43;696;1022;696;;8764
15:46:43;696;1022;696;;8756
15:46:44;696;1022;696;;8868
15:46:44;696;1022;696;;8716
15:46:45;696;1022;696;;8768
15:46:45;696;1022;696;;9260
15:46:46;696;1022;696;;8532
15:46:46;696;1022;696;;8568
15:46:47;696;1022;696;;8556
15:46:47;696;1022;696;;8664
15:46:48;696;1022;696;;8568
15:46:48;696;1022;696;;8908
15:46:49;696;1022;696;;8588
15:46:49;696;1022;696;;8664
15:46:50;696;1022;696;;8684
15:46:50;696;1022;696;;8700
15:46:51;696;1022;696;;8764
15:46:51;696;1022;696;;8608
15:46:52;696;1022;696;;8356
15:46:52;696;1022;696;;8248
15:46:53;696;1022;696;;7340
15:46:53;696;1022;696;;6912
15:46:54;696;1022;696;;9356
15:46:54;696;1022;696;;8280
15:46:55;696;1022;696;;8308
15:46:55;696;1022;696;;8384
15:46:56;696;1022;696;;8428
15:46:56;696;1022;696;;8380
15:46:57;696;1022;696;;6952
15:46:57;696;1022;696;;8328
15:46:58;696;1022;696;;8380
15:46:58;696;1022;696;;7360
15:46:59;696;1022;696;;8404
15:46:59;696;1022;696;;9308
15:47:00;696;1022;696;;8416
15:47:00;696;1022;696;;8364
15:47:01;696;1022;696;;7796
15:47:01;696;1022;696;;8440
15:47:02;696;1022;696;;8476
15:47:02;696;1022;696;;8392
15:47:03;696;1022;696;;8364
15:47:03;696;1022;696;;10748
15:47:04;696;1022;696;;9148
15:47:04;696;1022;696;;9476
15:47:05;696;1022;696;;9452
15:47:05;696;1022;696;;9404
15:47:06;696;1022;696;;7292
15:47:06;696;1022;696;;7116
15:47:07;696;1022;696;;8088
15:47:07;696;1022;696;;8116
15:47:08;696;1022;696;;9284
15:47:08;696;1022;696;;9188
15:47:09;696;1022;696;;9240
15:47:09;696;1022;696;;9248
15:47:10;696;1022;696;;9160
15:47:10;696;1022;696;;9216
15:47:11;696;1022;696;;9216
15:47:11;696;1022;696;;9240
15:47:12;696;1022;696;;9240
15:47:12;696;1022;696;;8040
15:47:13;696;1022;696;;8040
15:47:13;696;1022;696;;8036
15:47:14;696;1022;696;;8088
15:47:14;696;1022;696;;8112
15:47:15;696;1022;696;;8184
15:47:15;696;1022;696;;9112
15:47:16;696;1022;696;;9288
15:47:17;696;1022;696;;9164
15:47:17;696;1022;696;;9216
15:47:18;696;1022;696;;9168
15:47:18;696;1022;696;;8116
15:47:19;696;1022;696;;8064
15:47:19;696;1022;696;;9392
15:47:20;696;1022;696;;9488
15:47:20;696;1022;696;;9316
15:47:21;696;1022;696;;8088
15:47:21;696;1022;696;;9320
15:47:22;696;1022;696;;8008
15:47:22;696;1022;696;;9216
15:47:23;696;1022;696;;6176
15:47:23;696;1022;696;;8136
15:47:24;696;1022;696;;9216
15:47:24;696;1022;696;;8084
15:47:25;696;1022;696;;8064
15:47:25;696;1022;696;;8136
15:47:26;696;1022;696;;8012
15:47:26;696;1022;696;;9164
15:47:27;696;1022;696;;5928
15:47:27;696;1022;696;;9240
15:47:28;696;1022;696;;8184
15:47:28;696;1022;696;;6456
15:47:29;696;1022;696;;8160
15:47:29;696;1022;696;;6360
15:47:30;696;1022;696;;6080
15:47:30;696;1022;696;;8060
15:47:31;696;1022;696;;9340
15:47:31;696;1022;696;;8084
15:47:32;696;1022;696;;9192
15:47:32;696;1022;696;;9192
15:47:33;696;1022;696;;9188
15:47:33;696;1022;696;;8064
15:47:34;696;1022;696;;6796
15:47:34;696;1022;696;;8116
15:47:35;696;1022;696;;8216
15:47:35;696;1022;696;;9140
15:47:36;696;1022;696;;8140
15:47:36;696;1022;696;;9192
15:47:37;696;1022;696;;8164
15:47:37;696;1022;696;;9172
15:47:38;696;1022;696;;8636
15:47:38;696;1022;696;;8308
15:47:39;696;1022;696;;8056
15:47:39;696;1022;696;;8056
15:47:40;696;1022;696;;7980
15:47:40;696;1022;696;;8080
15:47:41;696;1022;696;;8032
15:47:41;696;1022;696;;8032
15:47:42;696;1022;696;;8056
15:47:42;696;1022;696;;8004
15:47:43;696;1022;696;;7956
15:47:43;696;1022;696;;7952
15:47:44;696;1022;696;;8012
15:47:44;696;1022;696;;7980
15:47:45;696;1022;696;;7980
15:47:45;696;1022;696;;7928
15:47:46;696;1022;696;;8004
15:47:46;696;1022;696;;7956
15:47:47;696;1022;696;;8032
15:47:47;696;1022;696;;7424
15:47:48;696;1022;696;;6664
15:47:48;696;1022;696;;6208
15:47:49;696;1022;696;;7976
15:47:49;696;1022;696;;8028
15:47:50;696;1022;696;;8280
15:47:50;696;1022;696;;8056
15:47:51;696;1022;696;;6792
15:47:51;696;1022;696;;8084
15:47:52;696;1022;696;;6464
15:47:52;696;1022;696;;7904
15:47:53;696;1022;696;;6400
15:47:53;696;1022;696;;6800
15:47:54;696;1022;696;;8080
15:47:54;696;1022;696;;8000
15:47:55;696;1022;696;;8028
15:47:56;696;1022;696;;8080
15:47:56;696;1022;696;;8028
15:47:57;696;1022;696;;8032
15:47:57;696;1022;696;;8064
15:47:58;696;1022;696;;8060
15:47:58;696;1022;696;;8108
15:47:59;696;1022;696;;8108
15:47:59;696;1022;696;;8108
15:48:00;696;1022;696;;8160
15:48:00;696;1022;696;;8080
15:48:01;696;1022;696;;8084
15:48:01;696;1022;696;;8004
15:48:02;696;1022;696;;8080
15:48:02;696;1022;696;;8004
15:48:03;696;1022;696;;8104
15:48:03;696;1022;696;;8028
15:48:04;696;1022;696;;7948
15:48:04;696;1022;696;;8024
15:48:05;696;1022;696;;8152
15:48:05;696;1022;696;;8028
15:48:06;696;1022;696;;8056
15:48:06;696;1022;696;;8004
15:48:07;696;1022;696;;8164
15:48:07;696;1022;696;;8080
15:48:08;696;1022;696;;8080
15:48:08;696;1022;696;;7980
15:48:09;696;1022;696;;8108
15:48:09;696;1022;696;;8052
15:48:10;696;1022;696;;8160
15:48:10;696;1022;696;;8104
15:48:11;696;1022;696;;8084
15:48:11;696;1022;696;;9168
15:48:12;696;1022;696;;8032
15:48:12;696;1022;696;;9192
15:48:13;696;1022;696;;7980
15:48:13;696;1022;696;;8104
15:48:14;696;1022;696;;8080
15:48:14;696;1022;696;;8160
15:48:15;696;1022;696;;8156
15:48:15;696;1022;696;;9116
15:48:16;696;1022;696;;8076
15:48:16;696;1022;696;;8004
15:48:17;696;1022;696;;8176
15:48:17;696;1022;696;;8104
15:48:18;696;1022;696;;8028
15:48:18;696;1022;696;;8132
15:48:19;696;1022;696;;9140
15:48:19;696;1022;696;;8004
15:48:20;696;1022;696;;8008
15:48:20;696;1022;696;;8032
15:48:21;696;1022;696;;8060
15:48:21;696;1022;696;;8156
15:48:22;696;1022;696;;8180
15:48:22;696;1022;696;;8128
15:48:23;696;1022;696;;8080
15:48:23;696;1022;696;;8076
15:48:24;696;1022;696;;8028
15:48:24;696;1022;696;;8032
15:48:25;696;1022;696;;8032
15:48:25;696;1022;696;;8132
15:48:26;696;1022;696;;8108
15:48:26;696;1022;696;;8060
15:48:27;696;1022;696;;8092
15:48:27;696;1022;696;;8000
15:48:28;696;1022;696;;8048
15:48:28;696;1022;696;;8148
15:48:29;696;1022;696;;9196
15:48:29;696;1022;696;;8068
15:48:30;696;1022;696;;7996
15:48:30;696;1022;696;;4200
15:48:31;696;1022;696;;7976
15:48:31;696;1022;696;;7660
15:48:32;696;1022;696;;9172
15:48:32;696;1022;696;;4400
15:48:33;696;1022;696;;7216
15:48:33;696;1022;696;;6976
15:48:34;696;1022;696;;7056
15:48:34;696;1022;696;;7340
15:48:35;696;1022;696;;7852
15:48:36;696;1022;696;;9580
15:48:36;696;1022;696;;10556
15:48:37;696;1022;696;;9556
15:48:37;696;1022;696;;10608
15:48:38;696;1022;696;;10580
15:48:38;696;1022;696;;9552
15:48:39;696;1022;696;;9584
15:48:39;696;1022;696;;10480
15:48:40;696;1022;696;;10508
15:48:40;696;1022;696;;10480
15:48:41;696;1022;696;;10456
15:48:41;696;1022;696;;9508
15:48:42;696;1022;696;;9580
15:48:42;696;1022;696;;10504
15:48:43;696;1022;696;;9588
15:48:43;696;1022;696;;9604
15:48:44;696;1022;696;;10480
15:48:44;696;1022;696;;10552
15:48:45;696;1022;696;;10452
15:48:45;696;1022;696;;10164
15:48:46;696;1022;696;;10428
15:48:46;696;1022;696;;10580
15:48:47;696;1022;696;;10164
15:48:47;696;1022;696;;8616
15:48:48;696;1022;696;;10552
15:48:48;696;1022;696;;8716
15:48:49;696;1022;696;;10528
15:48:49;696;1022;696;;10452
15:48:50;696;1022;696;;10476
15:48:50;696;1022;696;;10528
15:48:51;696;1022;696;;10556
15:48:51;696;1022;696;;10500
15:48:52;696;1022;696;;10600
15:48:52;696;1022;696;;10476
15:48:53;696;1022;696;;10524
15:48:53;696;1022;696;;10600
15:48:54;696;1022;696;;10472
15:48:54;696;1022;696;;10548
15:48:55;696;1022;696;;10548
15:48:55;696;1022;696;;8636
15:48:56;696;1022;696;;10576
15:48:56;696;1022;696;;10604
15:48:57;696;1022;696;;8708
15:48:57;696;1022;696;;10524
15:48:58;696;1022;696;;9624
15:48:58;696;1022;696;;10524
15:48:59;696;1022;696;;9648
15:48:59;696;1022;696;;10524
15:49:00;696;1022;696;;10524
15:49:00;696;1022;696;;8660
15:49:01;696;1022;696;;9576
15:49:01;696;1022;696;;9600
15:49:02;696;1022;696;;8636
15:49:02;696;1022;696;;9576
15:49:03;696;1022;696;;10524
15:49:03;696;1022;696;;10500
15:49:04;696;1022;696;;9600
15:49:04;696;1022;696;;8688
15:49:05;696;1022;696;;10580
15:49:05;696;1022;696;;10576
15:49:06;696;1022;696;;10472
15:49:07;696;1022;696;;10480
15:49:07;696;1022;696;;8692
15:49:08;696;1022;696;;10476
15:49:08;696;1022;696;;10580
15:49:09;696;1022;696;;10580
15:49:09;696;1022;696;;10504
15:49:10;696;1022;696;;9656
15:49:10;696;1022;696;;10452
15:49:11;696;1022;696;;9652
15:49:11;696;1022;696;;8668
15:49:12;696;1022;696;;10472
15:49:12;696;1022;696;;10476
15:49:13;696;1022;696;;10424
15:49:13;696;1022;696;;8664
15:49:14;696;1022;696;;10504
15:49:14;696;1022;696;;10500
15:49:15;696;1022;696;;10504
15:49:15;696;1022;696;;10632
15:49:16;696;1022;696;;8636
15:49:16;696;1022;696;;8640
15:49:17;696;1022;696;;8664
15:49:17;696;1022;696;;10556
15:49:18;696;1022;696;;10476
15:49:18;696;1022;696;;8664
15:49:19;696;1022;696;;10152
15:49:19;696;1022;696;;8688
15:49:20;696;1022;696;;9632
15:49:20;696;1022;696;;8716
15:49:21;696;1022;696;;10504
15:49:21;696;1022;696;;10500
15:49:22;696;1022;696;;8764
15:49:22;696;1022;696;;8668
15:49:23;696;1022;696;;10556
15:49:23;696;1022;696;;10552
15:49:24;696;1022;696;;10580
15:49:24;696;1022;696;;8616
15:49:25;696;1022;696;;10480
15:49:25;696;1022;696;;10580
15:49:26;696;1022;696;;10528
15:49:26;696;1022;696;;8664
15:49:27;696;1022;696;;9660
15:49:27;696;1022;696;;10528
15:49:28;696;1022;696;;10528
15:49:28;696;1022;696;;10476
15:49:29;696;1022;696;;10532
15:49:29;696;1022;696;;10528
15:49:30;696;1022;696;;10556
15:49:30;696;1022;696;;10504
15:49:31;696;1022;696;;10628
15:49:31;696;1022;696;;10476
15:49:32;696;1022;696;;9580
15:49:32;696;1022;696;;8664
15:49:33;696;1022;696;;10476
15:49:33;696;1022;696;;10504
15:49:34;696;1022;696;;9632
15:49:34;696;1022;696;;10528
15:49:35;696;1022;696;;10528
15:49:35;696;1022;696;;10580
15:49:36;696;1022;696;;9580
15:49:37;696;1022;696;;10604
15:49:37;696;1022;696;;10480
15:49:38;696;1022;696;;8692
15:49:38;696;1022;696;;9604
15:49:39;696;1022;696;;9604
15:49:39;696;1022;696;;10480
15:49:40;696;1022;696;;10528
15:49:40;696;1022;696;;10552
15:49:41;696;1022;696;;10528
15:49:41;696;1022;696;;10528
15:49:42;696;1022;696;;10556
15:49:42;696;1022;696;;10556
15:49:43;696;1022;696;;10480
15:49:43;696;1022;696;;10476
15:49:44;696;1022;696;;10528
15:49:44;696;1022;696;;10532
15:49:45;696;1022;696;;10452
15:49:45;696;1022;696;;10556
15:49:46;696;1022;696;;8688
15:49:46;696;1022;696;;8616
15:49:47;696;1022;696;;8660
15:49:47;696;1022;696;;8616
15:49:48;696;1022;696;;10476
15:49:48;696;1022;696;;8636
15:49:49;696;1022;696;;10504
15:49:49;696;1022;696;;10476
15:49:50;696;1022;696;;10452
15:49:50;696;1022;696;;10500
15:49:51;696;1022;696;;9580
15:49:51;696;1022;696;;9580
15:49:52;696;1022;696;;10476
15:49:52;696;1022;696;;8712
15:49:53;696;1022;696;;10524
15:49:53;696;1022;696;;9676
15:49:54;696;1022;696;;10500
15:49:54;696;1022;696;;8612
15:49:55;696;1022;696;;8612
15:49:55;696;1022;696;;9628
15:49:56;696;1022;696;;10500
15:49:56;696;1022;696;;10480
15:49:57;696;1022;696;;10476
15:49:57;696;1022;696;;8716
15:49:58;696;1022;696;;10556
15:49:58;696;1022;696;;10480
15:49:59;696;1022;696;;9632
15:49:59;696;1022;696;;8588
15:50:00;696;1022;696;;8668
15:50:00;696;1022;696;;10504
15:50:01;696;1022;696;;8636
15:50:01;696;1022;696;;10524
15:50:02;696;1022;696;;10528
15:50:02;696;1022;696;;10532
15:50:03;696;1022;696;;10500
15:50:03;696;1022;696;;8688
15:50:04;696;1022;696;;10576
15:50:04;696;1022;696;;10476
15:50:05;696;1022;696;;10528
15:50:05;696;1022;696;;8740
15:50:06;696;1022;696;;10680
15:50:06;696;1022;696;;10556
15:50:07;696;1022;696;;8664
15:50:08;696;1022;696;;8640
15:50:08;696;1022;696;;9652
15:50:09;696;1022;696;;10576
15:50:09;696;1022;696;;10580
15:50:10;696;1022;696;;10504
15:50:10;696;1022;696;;10604
15:50:11;696;1022;696;;8664
15:50:11;696;1022;696;;10580
15:50:12;696;1022;696;;10480
15:50:12;696;1022;696;;10500
15:50:13;696;1022;696;;10508
15:50:13;696;1022;696;;9556
15:50:14;696;1022;696;;10500
15:50:14;696;1022;696;;8744
15:50:15;696;1022;696;;10532
15:50:15;696;1022;696;;10480
15:50:16;696;1022;696;;10480
15:50:16;696;1022;696;;10632
15:50:17;696;1022;696;;10528
15:50:17;696;1022;696;;10504
15:50:18;696;1022;696;;10528
15:50:18;696;1022;696;;10500
15:50:19;696;1022;696;;10476
15:50:19;696;1022;696;;10532
15:50:20;696;1022;696;;9576
15:50:20;696;1022;696;;10508
15:50:21;696;1022;696;;8668
15:50:21;696;1022;696;;9608
15:50:22;696;1022;696;;10428
15:50:22;696;1022;696;;9608
15:50:23;696;1022;696;;10580
15:50:23;696;1022;696;;10604
15:50:24;696;1022;696;;10484
15:50:24;696;1022;696;;10508
15:50:25;696;1022;696;;10480
15:50:25;696;1022;696;;10476
15:50:26;696;1022;696;;10452
15:50:26;696;1022;696;;10504
15:50:27;696;1022;696;;10584
15:50:27;696;1022;696;;8640
15:50:28;696;1022;696;;10528
15:50:28;696;1022;696;;10476
15:50:29;696;1022;696;;9556
15:50:29;696;1022;696;;10560
15:50:30;696;1022;696;;10484
15:50:30;696;1022;696;;9532
15:50:31;696;1022;696;;9528
15:50:31;696;1022;696;;8668
15:50:32;696;1022;696;;10708
15:50:32;696;1022;696;;8692
15:50:33;696;1022;696;;9604
15:50:33;696;1022;696;;10476
15:50:34;696;1022;696;;10528
15:50:34;696;1022;696;;10504
15:50:35;696;1022;696;;10480
15:50:35;696;1022;696;;8712
15:50:36;696;1022;696;;10480
15:50:36;696;1022;696;;10480
15:50:37;696;1022;696;;10556
15:50:38;696;1022;696;;8692
15:50:38;696;1022;696;;9560
15:50:39;696;1022;696;;10556
15:50:39;696;1022;696;;9508
15:50:40;696;1022;696;;8620
15:50:40;696;1022;696;;10532
15:50:41;696;1022;696;;9588
15:50:41;696;1022;696;;9584
15:50:42;696;1022;696;;10564
15:50:42;696;1022;696;;10560
15:50:43;696;1022;696;;8644
15:50:43;696;1022;696;;10608
15:50:44;696;1022;696;;8672
15:50:44;696;1022;696;;9580
15:50:45;696;1022;696;;9588
15:50:45;696;1022;696;;10612
15:50:46;696;1022;696;;8664
15:50:46;696;1022;696;;10532
15:50:47;696;1022;696;;10680
15:50:47;696;1022;696;;10556
15:50:48;696;1022;696;;10580
15:50:48;696;1022;696;;10532
15:50:49;696;1022;696;;10656
15:50:49;696;1022;696;;10512
15:50:50;696;1022;696;;10584
15:50:50;696;1022;696;;9536
15:50:51;696;1022;696;;10584
15:50:51;696;1022;696;;10636
15:50:52;696;1022;696;;10688
15:50:52;696;1022;696;;10688
15:50:53;696;1022;696;;10712
15:50:53;696;1022;696;;10584
15:50:54;696;1022;696;;10608
15:50:54;696;1022;696;;8696
15:50:55;696;1022;696;;10588
15:50:55;696;1022;696;;10596
15:50:56;696;1022;696;;9616
15:50:56;696;1022;696;;10612
15:50:57;696;1022;696;;10564
15:50:57;696;1022;696;;10560
15:50:58;696;1022;696;;10588
15:50:58;696;1022;696;;10536
15:50:59;696;1022;696;;10612
15:50:59;696;1022;696;;10540
15:51:00;696;1022;696;;10560
15:51:00;696;1022;696;;10536
15:51:01;696;1022;696;;10512
15:51:01;696;1022;696;;10536
15:51:02;696;1022;696;;10612
15:51:02;696;1022;696;;10640
15:51:03;696;1022;696;;10592
15:51:03;696;1022;696;;10540
15:51:04;696;1022;696;;10588
15:51:04;696;1022;696;;10536
15:51:05;696;1022;696;;9600
15:51:05;696;1022;696;;10516
15:51:06;696;1022;696;;9616
15:51:06;696;1022;696;;10592
15:51:07;696;1022;696;;9568
15:51:08;696;1022;696;;10568
15:51:08;696;1022;696;;9616
15:51:09;696;1022;696;;9620
15:51:09;696;1022;696;;10540
15:51:10;696;1022;696;;10592
15:51:10;696;1022;696;;10464
15:51:11;696;1022;696;;9588
15:51:11;696;1022;696;;9588
15:51:12;696;1022;696;;9564
15:51:12;696;1022;696;;8728
15:51:13;696;1022;696;;8748
15:51:13;696;1022;696;;9640
15:51:14;696;1022;696;;9568
15:51:14;696;1022;696;;10488
15:51:15;696;1022;696;;9616
15:51:15;696;1022;696;;10488
15:51:16;696;1022;696;;10512
15:51:16;696;1022;696;;10568
15:51:17;696;1022;696;;10492
15:51:17;696;1022;696;;10516
15:51:18;696;1022;696;;10640
15:51:18;696;1022;696;;10516
15:51:19;696;1022;696;;10612
15:51:19;696;1022;696;;10572
15:51:20;696;1022;696;;10644
15:51:20;696;1022;696;;10564
15:51:21;696;1022;696;;8776
15:51:21;696;1022;696;;10540
15:51:22;696;1022;696;;10540
15:51:22;696;1022;696;;10536
15:51:23;696;1022;696;;8696
15:51:23;696;1022;696;;10588
15:51:24;696;1022;696;;10612
15:51:24;696;1022;696;;10612
15:51:25;696;1022;696;;10536
15:51:25;696;1022;696;;8648
15:51:26;696;1022;696;;10560
15:51:26;696;1022;696;;10636
15:51:27;696;1022;696;;9640
15:51:27;696;1022;696;;8700
15:51:28;696;1022;696;;9588
15:51:28;696;1022;696;;9588
15:51:29;696;1022;696;;10588
15:51:29;696;1022;696;;10740
15:51:30;696;1022;696;;8648
15:51:30;696;1022;696;;9588
15:51:31;696;1022;696;;10588
15:51:31;696;1022;696;;10588
15:51:32;696;1022;696;;8648
15:51:32;696;1022;696;;10584
15:51:33;696;1022;696;;8672
15:51:33;696;1022;696;;8672
15:51:34;696;1022;696;;8624
15:51:34;696;1022;696;;9612
15:51:35;696;1022;696;;8672
15:51:35;696;1022;696;;9588
15:51:36;696;1022;696;;9612
15:51:36;696;1022;696;;8620
15:51:37;696;1022;696;;9588
15:51:37;696;1022;696;;8696
15:51:38;696;1022;696;;8672
15:51:39;696;1022;696;;9636
15:51:39;696;1022;696;;10508
15:51:40;696;1022;696;;9612
15:51:40;696;1022;696;;9616
15:51:41;696;1022;696;;9636
15:51:41;696;1022;696;;9588
15:51:42;696;1022;696;;10616
15:51:42;696;1022;696;;10588
15:51:43;696;1022;696;;9616
15:51:43;696;1022;696;;9636
15:51:44;696;1022;696;;10564
15:51:44;696;1022;696;;10640
15:51:45;696;1022;696;;10612
15:51:45;696;1022;696;;10560
15:51:46;696;1022;696;;10588
15:51:46;696;1022;696;;10564
15:51:47;696;1022;696;;8696
15:51:47;696;1022;696;;9612
15:51:48;696;1022;696;;8700
15:51:48;696;1022;696;;9516
15:51:49;696;1022;696;;8748
15:51:49;696;1022;696;;9616
15:51:50;696;1022;696;;9488
15:51:50;696;1022;696;;10596
15:51:51;696;1022;696;;10612
15:51:51;696;1022;696;;9588
15:51:52;696;1022;696;;10716
15:51:52;696;1022;696;;9540
15:51:53;696;1022;696;;10664
15:51:53;696;1022;696;;9568
15:51:54;696;1022;696;;10664
15:51:54;696;1022;696;;10664
15:51:55;696;1022;696;;8648
15:51:55;696;1022;696;;8724
15:51:56;696;1022;696;;10512
15:51:56;696;1022;696;;10612
15:51:57;696;1022;696;;10588
15:51:57;696;1022;696;;9564
15:51:58;696;1022;696;;10564
15:51:58;696;1022;696;;10592
15:51:59;696;1022;696;;10644
15:51:59;696;1022;696;;9640
15:52:00;696;1022;696;;10564
15:52:00;696;1022;696;;10540
15:52:01;696;1022;696;;9616
15:52:01;696;1022;696;;10640
15:52:02;696;1022;696;;10588
15:52:02;696;1022;696;;10668
15:52:03;696;1022;696;;10564
15:52:03;696;1022;696;;10716
15:52:04;696;1022;696;;10544
15:52:04;696;1022;696;;10592
15:52:05;696;1022;696;;10620
15:52:05;696;1022;696;;10516
15:52:06;696;1022;696;;10516
15:52:06;696;1022;696;;10544
15:52:07;696;1022;696;;9596
15:52:07;696;1022;696;;9596
15:52:08;696;1022;696;;9568
15:52:08;696;1022;696;;10616
15:52:09;696;1022;696;;8752
15:52:10;696;1022;696;;9616
15:52:10;696;1022;696;;10516
15:52:11;696;1022;696;;10568
15:52:11;696;1022;696;;10564
15:52:12;696;1022;696;;10488
15:52:12;696;1022;696;;10588
15:52:13;696;1022;696;;8704
15:52:13;696;1022;696;;8652
15:52:14;696;1022;696;;9672
15:52:14;696;1022;696;;9592
15:52:15;696;1022;696;;9616
15:52:15;696;1022;696;;8680
15:52:16;696;1022;696;;9572
15:52:16;696;1022;696;;9592
15:52:17;696;1022;696;;10540
15:52:17;696;1022;696;;10592
15:52:18;696;1022;696;;10564
15:52:18;696;1022;696;;10564
15:52:19;696;1022;696;;10540
15:52:19;696;1022;696;;10568
15:52:20;696;1022;696;;10568
15:52:20;696;1022;696;;10536
15:52:21;696;1022;696;;9564
15:52:21;696;1022;696;;10540
15:52:22;696;1022;696;;10568
15:52:22;696;1022;696;;9672
15:52:23;696;1022;696;;10568
15:52:23;696;1022;696;;10616
15:52:24;696;1022;696;;9620
15:52:24;696;1022;696;;10644
15:52:25;696;1022;696;;9568
15:52:25;696;1022;696;;8680
15:52:26;696;1022;696;;10568
15:52:26;696;1022;696;;10716
15:52:27;696;1022;696;;10596
15:52:27;696;1022;696;;10616
15:52:28;696;1022;696;;10696
15:52:28;696;1022;696;;10544
15:52:29;696;1022;696;;9544
15:52:29;696;1022;696;;10540
15:52:30;696;1022;696;;10520
15:52:30;696;1022;696;;10568
15:52:31;696;1022;696;;10564
15:52:31;696;1022;696;;10544
15:52:32;696;1022;696;;9592
15:52:32;696;1022;696;;9620
15:52:33;696;1022;696;;10548
15:52:33;696;1022;696;;9624
15:52:34;696;1022;696;;9568
15:52:34;696;1022;696;;9624
15:52:35;696;1022;696;;10728
15:52:35;696;1022;696;;10600
15:52:36;696;1022;696;;9696
15:52:36;696;1022;696;;10648
15:52:37;696;1022;696;;10748
15:52:37;696;1022;696;;9548
15:52:38;696;1022;696;;9620
15:52:38;696;1022;696;;10676
15:52:39;696;1022;696;;8704
15:52:39;696;1022;696;;8732
15:52:40;696;1022;696;;10696
15:52:41;696;1022;696;;10676
15:52:41;696;1022;696;;10672
15:52:42;696;1022;696;;9576
15:52:42;696;1022;696;;10652
15:52:43;696;1022;696;;10648
15:52:43;696;1022;696;;10676
15:52:44;696;1022;696;;10600
15:52:44;696;1022;696;;10572
15:52:45;696;1022;696;;10572
15:52:45;696;1022;696;;10672
15:52:46;696;1022;696;;8732
15:52:46;696;1022;696;;10548
15:52:47;696;1022;696;;10544
15:52:47;696;1022;696;;10544
15:52:48;696;1022;696;;8684
15:52:48;696;1022;696;;9596
15:52:49;696;1022;696;;10600
15:52:49;696;1022;696;;8704
15:52:50;696;1022;696;;10596
15:52:50;696;1022;696;;10548
15:52:51;696;1022;696;;10572
15:52:51;696;1022;696;;8732
15:52:52;696;1022;696;;10600
15:52:52;696;1022;696;;10648
15:52:53;696;1022;696;;9624
15:52:53;696;1022;696;;10648
15:52:54;696;1022;696;;10596
15:52:54;696;1022;696;;8684
15:52:55;696;1022;696;;8684
15:52:55;696;1022;696;;9624
15:52:56;696;1022;696;;10572
15:52:56;696;1022;696;;9624
15:52:57;696;1022;696;;10676
15:52:57;696;1022;696;;10628
15:52:58;696;1022;696;;10548
15:52:58;696;1022;696;;10624
15:52:59;696;1022;696;;9576
15:52:59;696;1022;696;;9520
15:53:00;696;1022;696;;8680
15:53:00;696;1022;696;;10568
15:53:01;696;1022;696;;10544
15:53:01;696;1022;696;;10644
15:53:02;696;1022;696;;9620
15:53:02;696;1022;696;;10592
15:53:03;696;1022;696;;9500
15:53:03;696;1022;696;;8680
15:53:04;696;1022;696;;9616
15:53:04;696;1022;696;;9524
15:53:05;696;1022;696;;9548
15:53:05;696;1022;696;;10544
15:53:06;696;1022;696;;9668
15:53:06;696;1022;696;;10668
15:53:07;696;1022;696;;9664
15:53:07;696;1022;696;;10572
15:53:08;696;1022;696;;9572
15:53:08;696;1022;696;;10620
15:53:09;696;1022;696;;9544
15:53:09;696;1022;696;;9568
15:53:10;696;1022;696;;10568
15:53:11;696;1022;696;;9568
15:53:11;696;1022;696;;10620
15:53:12;696;1022;696;;10516
15:53:12;696;1022;696;;10520
15:53:13;696;1022;696;;9668
15:53:13;696;1022;696;;9544
15:53:14;696;1022;696;;10520
15:53:14;696;1022;696;;9616
15:53:15;696;1022;696;;10568
15:53:15;696;1022;696;;10544
15:53:16;696;1022;696;;10540
15:53:16;696;1022;696;;10592
15:53:17;696;1022;696;;10592
15:53:17;696;1022;696;;10668
15:53:18;696;1022;696;;10544
15:53:18;696;1022;696;;9592
15:53:19;696;1022;696;;10620
15:53:19;696;1022;696;;10544
15:53:20;696;1022;696;;10572
15:53:20;696;1022;696;;10516
15:53:21;696;1022;696;;10492
15:53:21;696;1022;696;;8596
15:53:22;696;1022;696;;9644
15:53:22;696;1022;696;;9672
15:53:23;696;1022;696;;9612
15:53:23;696;1022;696;;10616
15:53:24;696;1022;696;;10516
15:53:24;696;1022;696;;10540
15:53:25;696;1022;696;;10592
15:53:25;696;1022;696;;10588
15:53:26;696;1022;696;;10560
15:53:26;696;1022;696;;10616
15:53:27;696;1022;696;;8748
15:53:27;696;1022;696;;8700
15:53:28;696;1022;696;;10616
15:53:28;696;1022;696;;10588
15:53:29;696;1022;696;;10512
15:53:29;696;1022;696;;8700
15:53:30;696;1022;696;;10616
15:53:30;696;1022;696;;10620
15:53:31;696;1022;696;;10536
15:53:31;696;1022;696;;10640
15:53:32;696;1022;696;;10640
15:53:32;696;1022;696;;9616
15:53:33;696;1022;696;;10612
15:53:33;696;1022;696;;10568
15:53:34;696;1022;696;;10620
15:53:34;696;1022;696;;10516
15:53:35;696;1022;696;;8648
15:53:35;696;1022;696;;10564
15:53:36;696;1022;696;;10592
15:53:36;696;1022;696;;10560
15:53:37;696;1022;696;;8700
15:53:37;696;1022;696;;10588
15:53:38;696;1022;696;;10512
15:53:38;696;1022;696;;10516
15:53:39;696;1022;696;;10512
15:53:39;696;1022;696;;8624
15:53:40;696;1022;696;;10488
15:53:41;696;1022;696;;10564
15:53:41;696;1022;696;;10564
15:53:42;696;1022;696;;10512
15:53:42;696;1022;696;;10508
15:53:43;696;1022;696;;10612
15:53:43;696;1022;696;;10536
15:53:44;696;1022;696;;10536
15:53:44;696;1022;696;;8744
15:53:45;696;1022;696;;10532
15:53:45;696;1022;696;;9636
15:53:46;696;1022;696;;9560
15:53:46;696;1022;696;;9636
15:53:47;696;1022;696;;8724
15:53:47;696;1022;696;;8628
15:53:48;696;1022;696;;10512
15:53:48;696;1022;696;;9564
15:53:49;696;1022;696;;10516
15:53:49;696;1022;696;;9536
15:53:50;696;1022;696;;10508
15:53:50;696;1022;696;;9568
15:53:51;696;1022;696;;9536
15:53:51;696;1022;696;;8672
15:53:52;696;1022;696;;8744
15:53:52;696;1022;696;;9612
15:53:53;696;1022;696;;8640
15:53:53;696;1022;696;;10532
15:53:54;696;1022;696;;9644
15:53:54;696;1022;696;;9584
15:53:55;696;1022;696;;8668
15:53:55;696;1022;696;;9560
15:53:56;696;1022;696;;9536
15:53:56;696;1022;696;;10584
15:53:57;696;1022;696;;10660
15:53:57;696;1022;696;;10512
15:53:58;696;1022;696;;10636
15:53:58;696;1022;696;;8720
15:53:59;696;1022;696;;10508
15:53:59;696;1022;696;;10536
15:54:00;696;1022;696;;8672
15:54:00;696;1022;696;;9536
15:54:01;696;1022;696;;10536
15:54:01;696;1022;696;;10560
15:54:02;696;1022;696;;8692
15:54:02;696;1022;696;;10612
15:54:03;696;1022;696;;9636
15:54:03;696;1022;696;;10488
15:54:04;696;1022;696;;10616
15:54:04;696;1022;696;;10588
15:54:05;696;1022;696;;10516
15:54:05;696;1022;696;;10536
15:54:06;696;1022;696;;10560
15:54:06;696;1022;696;;8644
15:54:07;696;1022;696;;9612
15:54:07;696;1022;696;;10512
15:54:08;696;1022;696;;10540
15:54:08;696;1022;696;;10536
15:54:09;696;1022;696;;10536
15:54:09;696;1022;696;;10588
15:54:10;696;1022;696;;10536
15:54:10;696;1022;696;;10488
15:54:11;696;1022;696;;10484
15:54:12;696;1022;696;;9592
15:54:12;696;1022;696;;10536
15:54:13;696;1022;696;;9612
15:54:13;696;1022;696;;10512
15:54:14;696;1022;696;;10564
15:54:14;696;1022;696;;8696
15:54:15;696;1022;696;;8672
15:54:15;696;1022;696;;10512
15:54:16;696;1022;696;;10640
15:54:16;696;1022;696;;10564
15:54:17;696;1022;696;;9660
15:54:17;696;1022;696;;9512
15:54:18;696;1022;696;;9612
15:54:18;696;1022;696;;9584
15:54:19;696;1022;696;;9612
15:54:19;696;1022;696;;9536
15:54:20;696;1022;696;;10536
15:54:20;696;1022;696;;9584
15:54:21;696;1022;696;;10508
15:54:21;696;1022;696;;10460
15:54:22;696;1022;696;;8668
15:54:22;696;1022;696;;10616
15:54:23;696;1022;696;;10488
15:54:23;696;1022;696;;8696
15:54:24;696;1022;696;;9584
15:54:24;696;1022;696;;9568
15:54:25;696;1022;696;;8644
15:54:25;696;1022;696;;9584
15:54:26;696;1022;696;;9560
15:54:26;696;1022;696;;9564
15:54:27;696;1022;696;;9564
15:54:27;696;1022;696;;9532
15:54:28;696;1022;696;;9608
15:54:28;696;1022;696;;9560
15:54:29;696;1022;696;;8644
15:54:29;696;1022;696;;10508
15:54:30;696;1022;696;;9684
15:54:30;696;1022;696;;9584
15:54:31;696;1022;696;;10532
15:54:31;696;1022;696;;9580
15:54:32;696;1022;696;;9536
15:54:32;696;1022;696;;8648
15:54:33;696;1022;696;;9636
15:54:33;696;1022;696;;10560
15:54:34;696;1022;696;;10508
15:54:34;696;1022;696;;8720
15:54:35;696;1022;696;;10536
15:54:35;696;1022;696;;9588
15:54:36;696;1022;696;;8720
15:54:36;696;1022;696;;10488
15:54:37;696;1022;696;;10508
15:54:37;696;1022;696;;9608
15:54:38;696;1022;696;;8724
15:54:38;696;1022;696;;10484
15:54:39;696;1022;696;;8672
15:54:39;696;1022;696;;10532
15:54:40;696;1022;696;;8668
15:54:40;696;1022;696;;9588
15:54:41;696;1022;696;;10564
15:54:41;696;1022;696;;8644
15:54:42;696;1022;696;;9612
15:54:42;696;1022;696;;10584
15:54:43;696;1022;696;;10584
15:54:44;696;1022;696;;10640
15:54:44;696;1022;696;;9584
15:54:45;696;1022;696;;10508
15:54:45;696;1022;696;;8648
15:54:46;696;1022;696;;8748
15:54:46;696;1022;696;;10508
15:54:47;696;1022;696;;10564
15:54:47;696;1022;696;;9580
15:54:48;696;1022;696;;10536
15:54:48;696;1022;696;;10560
15:54:49;696;1022;696;;10536
15:54:49;696;1022;696;;10564
15:54:50;696;1022;696;;10588
15:54:50;696;1022;696;;10612
15:54:51;696;1022;696;;10536
15:54:51;696;1022;696;;10560
15:54:52;696;1022;696;;10512
15:54:52;696;1022;696;;9592
15:54:53;696;1022;696;;8720
15:54:53;696;1022;696;;9568
15:54:54;696;1022;696;;10688
15:54:54;696;1022;696;;9564
15:54:55;696;1022;696;;10564
15:54:55;696;1022;696;;10536
15:54:56;696;1022;696;;10564
15:54:56;696;1022;696;;10512
15:54:57;696;1022;696;;8748
15:54:57;696;1022;696;;10588
15:54:58;696;1022;696;;10512
15:54:58;696;1022;696;;10612
15:54:59;696;1022;696;;10588
15:54:59;696;1022;696;;10612
15:55:00;696;1022;696;;9536
15:55:00;696;1022;696;;10556
15:55:01;696;1022;696;;9684
15:55:01;696;1022;696;;9584
15:55:02;696;1022;696;;9608
15:55:02;696;1022;696;;9608
15:55:03;696;1022;696;;9540
15:55:03;696;1022;696;;10608
15:55:04;696;1022;696;;9564
15:55:04;696;1022;696;;9632
15:55:05;696;1022;696;;9568
15:55:05;696;1022;696;;8720
15:55:06;696;1022;696;;9584
15:55:06;696;1022;696;;9588
15:55:07;696;1022;696;;10584
15:55:07;696;1022;696;;9584
15:55:08;696;1022;696;;9612
15:55:08;696;1022;696;;10536
15:55:09;696;1022;696;;9588
15:55:09;696;1022;696;;10588
15:55:10;696;1022;696;;8648
15:55:10;696;1022;696;;8696
15:55:11;696;1022;696;;9584
15:55:11;696;1022;696;;10612
15:55:12;696;1022;696;;10536
15:55:12;696;1022;696;;10612
15:55:13;696;1022;696;;10564
15:55:13;696;1022;696;;10560
15:55:14;696;1022;697;;10612
15:55:15;696;1022;696;;8720
15:55:15;696;1022;696;;10612
15:55:16;696;1022;697;;8696
15:55:16;696;1022;697;;10540
15:55:17;696;1022;697;;10640
15:55:17;696;1022;697;;10484
15:55:18;696;1022;696;;9560
15:55:18;696;1022;696;;9612
15:55:19;696;1022;697;;10512
15:55:19;696;1022;697;;8672
15:55:20;696;1022;697;;10460
15:55:20;696;1022;697;;9540
15:55:21;696;1022;696;;9612
15:55:21;696;1022;696;;10540
15:55:22;696;1022;697;;10488
15:55:22;696;1022;697;;10536
15:55:23;696;1022;696;;10532
15:55:23;696;1022;696;;10712
15:55:24;696;1022;696;;10584
15:55:24;696;1022;696;;9560
15:55:25;696;1022;696;;10536
15:55:25;696;1022;696;;10556
15:55:26;696;1022;697;;10560
15:55:26;696;1022;697;;10560
15:55:27;696;1022;696;;9584
15:55:27;696;1022;696;;10508
15:55:28;696;1022;696;;10536
15:55:28;696;1022;696;;8700
15:55:29;696;1022;696;;10540
15:55:29;696;1022;696;;10512
15:55:30;696;1022;696;;10508
15:55:30;696;1022;696;;9664
15:55:31;696;1022;697;;10508
15:55:31;696;1022;697;;9612
15:55:32;696;1022;696;;10516
15:55:32;696;1022;696;;10588
15:55:33;696;1022;697;;10560
15:55:33;696;1022;697;;9636
15:55:34;696;1022;697;;9612
15:55:34;696;1022;697;;9636
15:55:35;696;1022;697;;10584
15:55:35;696;1022;697;;10536
15:55:36;696;1022;697;;9560
15:55:36;696;1022;697;;10508
15:55:37;696;1022;697;;10564
15:55:37;696;1022;697;;10588
15:55:38;696;1022;696;;9636
15:55:38;696;1022;696;;10564
15:55:39;696;1022;697;;10536
15:55:39;696;1022;697;;10560
15:55:40;696;1022;697;;10612
15:55:40;696;1022;697;;8668
15:55:41;696;1022;696;;9560
15:55:41;696;1022;696;;9584
15:55:42;696;1022;697;;10560
15:55:42;696;1022;697;;9584
15:55:43;696;1022;697;;10532
15:55:43;696;1022;697;;9612
15:55:44;696;1022;697;;10592
15:55:45;696;1022;697;;8644
15:55:45;696;1022;697;;8696
15:55:46;696;1022;697;;10612
15:55:46;696;1022;697;;10536
15:55:47;696;1022;697;;10532
15:55:47;696;1022;697;;10560
15:55:48;696;1022;697;;10564
15:55:48;696;1022;697;;9564
15:55:49;696;1022;697;;10556
15:55:49;696;1022;697;;10564
15:55:50;696;1022;697;;10560
15:55:50;696;1022;697;;9588
15:55:51;696;1022;697;;8644
15:55:51;696;1022;697;;10564
15:55:52;696;1022;697;;10560
15:55:52;696;1022;697;;10540
15:55:53;696;1022;697;;10536
15:55:53;696;1022;697;;10660
15:55:54;696;1022;697;;10488
15:55:54;696;1022;697;;10512
15:55:55;696;1022;697;;10612
15:55:55;696;1022;697;;10560
15:55:56;696;1022;697;;10540
15:55:56;696;1022;697;;10512
15:55:57;696;1022;697;;10560
15:55:57;696;1022;697;;10536
15:55:58;696;1022;697;;10616
15:55:58;696;1022;697;;10512
15:55:59;696;1022;697;;10560
15:55:59;696;1022;697;;10512
15:56:00;696;1022;697;;9560
15:56:00;696;1022;697;;10536
15:56:01;696;1022;697;;10484
15:56:01;696;1022;697;;8696
15:56:02;696;1022;697;;10608
15:56:02;696;1022;697;;9612
15:56:03;696;1022;697;;10488
15:56:03;696;1022;697;;10536
15:56:04;696;1022;697;;10508
15:56:04;696;1022;697;;8772
15:56:05;697;1022;697;;10588
15:56:05;697;1022;697;;10588
15:56:06;696;1022;697;;10508
15:56:06;696;1022;697;;10488
15:56:07;696;1022;697;;8672
15:56:07;696;1022;697;;8644
15:56:08;697;1022;697;;9636
15:56:08;697;1022;697;;10564
15:56:09;697;1022;697;;10584
15:56:09;697;1022;697;;8692
15:56:10;697;1022;697;;9584
15:56:10;697;1022;697;;10580
15:56:11;697;1022;697;;9612
15:56:11;697;1022;697;;8692
15:56:12;697;1022;697;;10532
15:56:12;697;1022;697;;10480
15:56:13;697;1022;697;;10512
15:56:13;697;1022;697;;8648
15:56:14;697;1022;697;;8672
15:56:15;697;1022;697;;10608
15:56:15;697;1022;697;;10508
15:56:16;696;1022;697;;10528
15:56:16;696;1022;697;;10660
15:56:17;696;1022;697;;10532
15:56:17;696;1022;697;;10584
15:56:18;697;1022;697;;10536
15:56:18;697;1022;697;;10584
15:56:19;696;1022;697;;10480
15:56:19;696;1022;697;;9608
15:56:20;697;1022;697;;10580
15:56:20;697;1022;697;;10584
15:56:21;696;1022;697;;10560
15:56:21;696;1022;697;;10632
15:56:22;697;1022;697;;10584
15:56:22;697;1022;697;;10564
15:56:23;697;1022;697;;10484
15:56:23;697;1022;697;;10608
15:56:24;697;1022;697;;9632
15:56:24;697;1022;697;;10536
15:56:25;697;1022;697;;10512
15:56:25;697;1022;697;;8668
15:56:26;697;1022;697;;10512
15:56:26;697;1022;697;;10612
15:56:27;697;1022;697;;9512
15:56:27;697;1022;697;;10492
15:56:28;697;1022;697;;10612
15:56:28;697;1022;697;;10560
15:56:29;696;1022;696;;10592
15:56:29;696;1022;696;;10664
15:56:30;696;1022;696;;10536
15:56:30;696;1022;696;;10536
15:56:31;696;1022;696;;10588
15:56:31;696;1022;696;;10536
15:56:32;696;1022;696;;10664
15:56:32;696;1022;696;;8596
15:56:33;696;1022;696;;10508
15:56:33;696;1022;696;;9608
15:56:34;696;1022;696;;8696
15:56:34;696;1022;696;;10512
15:56:35;696;1022;696;;10608
15:56:35;696;1022;696;;9616
15:56:36;696;1022;696;;9608
15:56:36;696;1022;696;;9560
15:56:37;696;1022;696;;9512
15:56:37;696;1022;696;;10508
15:56:38;696;1022;696;;10636
15:56:38;696;1022;696;;10536
15:56:39;696;1022;696;;10536
15:56:39;696;1022;696;;10560
15:56:40;696;1022;696;;10512
15:56:40;696;1022;696;;10560
15:56:41;696;1022;696;;10532
15:56:41;696;1022;696;;8716
15:56:42;696;1022;696;;10612
15:56:42;696;1022;696;;10556
15:56:43;696;1022;696;;10532
15:56:43;696;1022;696;;10608
15:56:44;696;1022;696;;10508
15:56:45;696;1022;696;;8720
15:56:45;696;1022;696;;10560
15:56:46;696;1022;696;;10560
15:56:46;696;1022;696;;10532
15:56:47;696;1022;696;;9536
15:56:47;696;1022;696;;9612
15:56:48;696;1022;696;;9560
15:56:48;696;1022;696;;10560
15:56:49;696;1022;696;;10536
15:56:49;696;1022;696;;10616
15:56:50;696;1022;696;;10560
15:56:50;696;1022;696;;10612
15:56:51;696;1022;696;;10560
15:56:51;696;1022;696;;10560
15:56:52;696;1022;696;;8620
15:56:52;696;1022;696;;10692
15:56:53;696;1022;696;;10612
15:56:53;696;1022;696;;10536
15:56:54;696;1022;696;;10584
15:56:54;696;1022;696;;10560
15:56:55;696;1022;696;;10612
15:56:55;696;1022;696;;10564
15:56:56;696;1022;696;;10484
15:56:56;696;1022;696;;9608
15:56:57;696;1022;696;;10612
15:56:57;696;1022;696;;10508
15:56:58;696;1022;696;;10536
15:56:58;696;1022;696;;10488
15:56:59;696;1022;696;;10564
15:56:59;696;1022;696;;8720
15:57:00;696;1022;696;;10612
15:57:00;696;1022;696;;10508
15:57:01;696;1022;696;;10480
15:57:01;696;1022;696;;10532
15:57:02;696;1022;696;;8644
15:57:02;696;1022;696;;10564
15:57:03;696;1022;696;;8700
15:57:03;696;1022;696;;10512
15:57:04;696;1022;696;;10540
15:57:04;696;1022;696;;10584
15:57:05;696;1022;696;;10484
15:57:05;696;1022;696;;8696
15:57:06;696;1022;696;;10560
15:57:06;696;1022;696;;8668
15:57:07;696;1022;696;;10508
15:57:07;696;1022;696;;8668
15:57:08;696;1022;696;;10560
15:57:08;696;1022;696;;10560
15:57:09;696;1022;696;;10488
15:57:09;696;1022;696;;8668
15:57:10;696;1022;696;;10560
15:57:10;696;1022;696;;10508
15:57:11;696;1022;696;;10540
15:57:11;696;1022;696;;10584
15:57:12;696;1022;696;;10556
15:57:12;696;1022;696;;10484
15:57:13;696;1022;696;;10508
15:57:13;696;1022;696;;9568
15:57:14;696;1022;696;;9532
15:57:15;696;1022;696;;8692
15:57:15;696;1022;696;;10584
15:57:16;696;1022;696;;9608
15:57:16;696;1022;696;;10484
15:57:17;696;1022;696;;10508
15:57:17;696;1022;696;;9656
15:57:18;696;1022;696;;9636
15:57:18;696;1022;696;;9636
15:57:19;696;1022;696;;9584
15:57:19;696;1022;696;;9584
15:57:20;696;1022;696;;9584
15:57:20;696;1022;696;;10560
15:57:21;696;1022;696;;10584
15:57:21;696;1022;696;;9612
15:57:22;696;1022;696;;10532
15:57:22;696;1022;696;;9584
15:57:23;696;1022;696;;8648
15:57:23;696;1022;696;;10636
15:57:24;696;1022;696;;10560
15:57:24;696;1022;696;;10536
15:57:25;696;1022;696;;10560
15:57:25;696;1022;696;;10564
15:57:26;696;1022;696;;9640
15:57:26;696;1022;696;;8648
15:57:27;696;1022;696;;10688
15:57:27;696;1022;696;;10508
15:57:28;696;1022;696;;10588
15:57:28;696;1022;696;;10508
15:57:29;696;1022;696;;10588
15:57:29;696;1022;696;;10556
15:57:30;696;1022;696;;10584
15:57:30;696;1022;696;;10560
15:57:31;696;1022;696;;10612
15:57:31;696;1022;696;;10612
15:57:32;696;1022;696;;9584
15:57:32;696;1022;696;;10564
15:57:33;696;1022;696;;10564
15:57:33;696;1022;696;;8696
15:57:34;696;1022;696;;10536
15:57:34;696;1022;696;;10536
15:57:35;696;1022;696;;8648
15:57:35;696;1022;696;;9612
15:57:36;696;1022;696;;10536
15:57:36;696;1022;696;;10588
15:57:37;696;1022;696;;10536
15:57:37;696;1022;696;;10512
15:57:38;696;1022;696;;8668
15:57:38;696;1022;696;;10536
15:57:39;696;1022;696;;10640
15:57:39;696;1022;696;;10588
15:57:40;696;1022;696;;8720
15:57:40;696;1022;696;;10512
15:57:41;696;1022;696;;10536
15:57:41;696;1022;696;;9584
15:57:42;696;1022;696;;8696
15:57:42;696;1022;696;;10536
15:57:43;696;1022;696;;8672
15:57:43;696;1022;696;;10540
15:57:44;696;1022;696;;10688
15:57:44;696;1022;696;;9488
15:57:45;696;1022;696;;10536
15:57:46;696;1022;696;;9636
15:57:46;696;1022;696;;10536
15:57:47;696;1022;696;;10636
15:57:47;696;1022;696;;10712
15:57:48;696;1022;696;;10512
15:57:48;696;1022;696;;10516
15:57:49;696;1022;696;;9588
15:57:49;696;1022;696;;10512
15:57:50;696;1022;696;;10612
15:57:50;696;1022;696;;10512
15:57:51;696;1022;696;;10532
15:57:51;696;1022;696;;10560
15:57:52;696;1022;696;;10512
15:57:52;696;1022;696;;10564
15:57:53;696;1022;696;;10512
15:57:53;696;1022;696;;10512
15:57:54;696;1022;696;;10560
15:57:54;696;1022;696;;10560
15:57:55;696;1022;696;;10588
15:57:55;696;1022;696;;10560
15:57:56;696;1022;696;;10608
15:57:56;696;1022;696;;9636
15:57:57;696;1022;696;;10536
15:57:57;696;1022;696;;10560
15:57:58;696;1022;696;;10540
15:57:58;696;1022;696;;10508
15:57:59;696;1022;696;;10484
15:57:59;696;1022;696;;9588
15:58:00;696;1022;696;;9564
15:58:00;696;1022;696;;10564
15:58:01;696;1022;696;;9664
15:58:01;696;1022;696;;10560
15:58:02;696;1022;696;;8624
15:58:02;696;1022;696;;10536
15:58:03;696;1022;696;;9636
15:58:03;696;1022;696;;9588
15:58:04;696;1022;696;;10584
15:58:04;696;1022;696;;8668
15:58:05;696;1022;696;;10504
15:58:05;696;1022;696;;10488
15:58:06;696;1022;696;;10532
15:58:06;696;1022;696;;10532
15:58:07;696;1022;696;;8668
15:58:07;696;1022;696;;10584
15:58:08;696;1022;696;;10508
15:58:08;696;1022;696;;10532
15:58:09;696;1022;696;;10532
15:58:09;696;1022;696;;9560
15:58:10;696;1022;696;;9612
15:58:10;696;1022;696;;10456
15:58:11;696;1022;696;;9608
15:58:11;696;1022;696;;9632
15:58:12;696;1022;696;;10588
15:58:12;696;1022;696;;10712
15:58:13;696;1022;696;;10636
15:58:13;696;1022;696;;10560
15:58:14;696;1022;696;;9584
15:58:14;696;1022;696;;10564
15:58:15;696;1022;696;;10612
15:58:16;696;1022;696;;8668
15:58:16;696;1022;696;;10536
15:58:17;696;1022;696;;10536
15:58:17;696;1022;696;;10512
15:58:18;696;1022;696;;9572
15:58:18;696;1022;696;;10540
15:58:19;696;1022;696;;10660
15:58:19;696;1022;696;;9636
15:58:20;696;1022;696;;10640
15:58:20;696;1022;696;;10712
15:58:21;696;1022;696;;10588
15:58:21;696;1022;696;;8572
15:58:22;696;1022;696;;10636
15:58:22;696;1022;696;;10536
15:58:23;696;1022;696;;10512
15:58:23;696;1022;696;;10564
15:58:24;696;1022;696;;10536
15:58:24;696;1022;696;;9536
15:58:25;696;1022;696;;10612
15:58:25;696;1022;696;;8648
15:58:26;696;1022;696;;8644
15:58:26;696;1022;696;;9588
15:58:27;696;1022;696;;10508
15:58:27;696;1022;696;;9636
15:58:28;696;1022;696;;8700
15:58:28;696;1022;696;;10536
15:58:29;696;1022;696;;8652
15:58:29;696;1022;696;;9588
15:58:30;696;1022;696;;10560
15:58:30;696;1022;696;;9560
15:58:31;696;1022;696;;10536
15:58:31;696;1022;696;;10564
15:58:32;696;1022;696;;10664
15:58:32;696;1022;696;;8724
15:58:33;696;1022;696;;10540
15:58:33;696;1022;696;;9612
15:58:34;696;1022;696;;10512
15:58:34;696;1022;696;;10584
15:58:35;696;1022;696;;10564
15:58:35;696;1022;696;;10640
15:58:36;696;1022;696;;10536
15:58:36;696;1022;696;;9612
15:58:37;696;1022;696;;8724
15:58:37;696;1022;696;;8648
15:58:38;696;1022;696;;10640
15:58:38;696;1022;696;;9688
15:58:39;696;1022;696;;8796
15:58:39;696;1022;696;;10536
15:58:40;696;1022;696;;10692
15:58:40;696;1022;696;;10512
15:58:41;696;1022;696;;10508
15:58:41;696;1022;696;;10488
15:58:42;696;1022;696;;10564
15:58:42;696;1022;696;;10612
15:58:43;696;1022;696;;10484
15:58:43;696;1022;696;;10512
15:58:44;696;1022;696;;10588
15:58:44;696;1022;696;;8624
15:58:45;696;1022;696;;10584
15:58:46;696;1022;696;;10588
15:58:46;696;1022;696;;9488
15:58:47;696;1022;696;;9560
15:58:47;696;1022;696;;10564
15:58:48;696;1022;696;;10564
15:58:48;696;1022;696;;9612
15:58:49;696;1022;696;;9584
15:58:49;696;1022;696;;9572
15:58:50;696;1022;696;;9588
15:58:50;696;1022;696;;10560
15:58:51;696;1022;696;;9612
15:58:51;696;1022;696;;10612
15:58:52;696;1022;696;;10516
15:58:52;696;1022;696;;10560
15:58:53;696;1022;696;;10512
15:58:53;696;1022;696;;8648
15:58:54;696;1022;696;;10532
15:58:54;696;1022;696;;10588
15:58:55;696;1022;696;;9568
15:58:55;696;1022;696;;8720
15:58:56;696;1022;696;;10532
15:58:56;696;1022;696;;8644
15:58:57;696;1022;696;;10536
15:58:57;696;1022;696;;8668
15:58:58;696;1022;696;;8696
15:58:58;696;1022;696;;10560
15:58:59;696;1022;696;;9536
15:58:59;696;1022;696;;10612
15:59:00;696;1022;696;;10636
15:59:00;696;1022;696;;9608
15:59:01;696;1022;696;;10612
15:59:01;696;1022;696;;9636
15:59:02;696;1022;696;;10560
15:59:02;696;1022;696;;10564
15:59:03;696;1022;696;;10560
15:59:03;696;1022;696;;8696
15:59:04;696;1022;696;;9684
15:59:04;696;1022;696;;10608
15:59:05;696;1022;696;;10588
15:59:05;696;1022;696;;10560
15:59:06;696;1022;696;;10608
15:59:06;696;1022;696;;8644
15:59:07;696;1022;696;;10564
15:59:07;696;1022;696;;9612
15:59:08;696;1022;696;;10584
15:59:08;696;1022;696;;10512
15:59:09;696;1022;696;;9664
15:59:09;696;1022;696;;9564
15:59:10;696;1022;696;;8648
15:59:10;696;1022;696;;10536
15:59:11;696;1022;696;;10560
15:59:11;696;1022;696;;9636
15:59:12;696;1022;696;;9564
15:59:12;696;1022;696;;8696
15:59:13;696;1022;696;;10484
15:59:13;696;1022;696;;8596
15:59:14;696;1022;696;;10536
15:59:14;696;1022;696;;10512
15:59:15;696;1022;696;;10588
15:59:15;696;1022;696;;10536
15:59:16;696;1022;696;;10512
15:59:17;696;1022;696;;9612
15:59:17;696;1022;696;;10588
15:59:18;696;1022;696;;10512
15:59:18;696;1022;696;;10564
15:59:19;696;1022;696;;10512
15:59:19;696;1022;696;;10516
15:59:20;696;1022;696;;10588
15:59:20;696;1022;696;;10588
15:59:21;696;1022;696;;10536
15:59:21;696;1022;696;;10588
15:59:22;696;1022;696;;10564
15:59:22;696;1022;696;;8672
15:59:23;696;1022;696;;10584
15:59:23;696;1022;696;;9632
15:59:24;696;1022;696;;10556
15:59:24;696;1022;696;;10536
15:59:25;696;1022;696;;10512
15:59:25;696;1022;696;;9632
15:59:26;696;1022;696;;10512
15:59:26;696;1022;696;;10560
15:59:27;696;1022;696;;10560
15:59:27;696;1022;696;;10536
15:59:28;696;1022;696;;10592
15:59:28;696;1022;696;;10584
15:59:29;696;1022;696;;10508
15:59:29;696;1022;696;;10508
15:59:30;696;1022;696;;8720
15:59:30;696;1022;696;;9560
15:59:31;696;1022;696;;9584
15:59:31;696;1022;696;;10536
15:59:32;696;1022;696;;9560
15:59:32;696;1022;696;;9584
15:59:33;696;1022;696;;9560
15:59:33;696;1022;696;;10536
15:59:34;696;1022;696;;9608
15:59:34;696;1022;696;;8772
15:59:35;696;1022;696;;9512
15:59:35;696;1022;696;;10148
15:59:36;696;1022;696;;10512
15:59:36;696;1022;696;;9588
15:59:37;696;1022;696;;8720
15:59:37;696;1022;696;;10588
15:59:38;696;1022;696;;8716
15:59:38;696;1022;696;;10560
15:59:39;696;1022;696;;10588
15:59:39;696;1022;696;;10512
15:59:40;696;1022;696;;8748
15:59:40;696;1022;696;;9636
15:59:41;696;1022;696;;10536
15:59:41;696;1022;696;;10564
15:59:42;696;1022;696;;9564
15:59:42;696;1022;696;;10536
15:59:43;696;1022;696;;10636
15:59:43;696;1022;696;;9588
15:59:44;696;1022;696;;10564
15:59:44;696;1022;696;;10588
15:59:45;696;1022;696;;10540
15:59:45;696;1022;696;;10536
15:59:46;696;1022;696;;10564
15:59:47;696;1022;696;;10536
15:59:47;696;1022;696;;10560
15:59:48;696;1022;696;;10660
15:59:48;696;1022;696;;8824
15:59:49;696;1022;696;;10592
15:59:49;696;1022;696;;10540
15:59:50;696;1022;696;;10640
15:59:50;696;1022;696;;10564
15:59:51;696;1022;696;;10592
15:59:51;696;1022;696;;10560
15:59:52;696;1022;696;;9540
15:59:52;696;1022;696;;10540
15:59:53;696;1022;696;;8728
15:59:53;696;1022;696;;10616
15:59:54;696;1022;696;;10664
15:59:54;696;1022;696;;10560
15:59:55;696;1022;696;;10588
15:59:55;696;1022;696;;9688
15:59:56;696;1022;696;;10640
15:59:56;696;1022;696;;9660
15:59:57;696;1022;696;;9616
15:59:57;696;1022;696;;10584
15:59:58;696;1022;696;;8672
15:59:58;696;1022;696;;8696
15:59:59;696;1022;696;;10692
15:59:59;696;1022;696;;8644
