15:38:52;640;831;642;;20672
15:38:52;640;831;642;;724
15:38:53;644;841;645;;8324
15:38:54;649;860;650;;12780
15:38:54;649;860;650;;12784
15:38:55;653;874;653;;12704
15:38:55;653;874;653;;13580
15:38:56;655;883;656;;12904
15:38:56;655;883;656;;12852
15:38:57;657;890;658;;12776
15:38:57;657;890;658;;12736
15:38:58;659;896;659;;8324
15:38:58;659;896;659;;12704
15:38:59;660;900;660;;8504
15:38:59;660;900;660;;12776
15:39:00;661;904;661;;12828
15:39:00;661;904;661;;12776
15:39:01;661;907;662;;12804
15:39:01;661;907;662;;12740
15:39:02;662;910;662;;8428
15:39:02;662;910;662;;12876
15:39:03;663;912;663;;11920
15:39:03;663;912;663;;12856
15:39:04;663;914;663;;12776
15:39:04;663;914;663;;12784
15:39:05;664;916;664;;5892
15:39:05;664;916;664;;12852
15:39:06;664;917;664;;11664
15:39:06;664;917;664;;12932
15:39:07;664;919;664;;12956
15:39:07;664;919;664;;12880
15:50:26;672;974;676;;86696
15:50:27;674;966;674;;724
15:50:27;674;966;674;;4496
15:50:34;677;972;675;;86368
15:50:35;676;975;676;;724
15:50:35;676;975;676;;4544
15:50:36;676;975;676;;6300
15:50:36;676;975;676;;7492
15:50:37;676;974;676;;7864
15:50:37;676;974;676;;7576
15:50:38;676;974;676;;7532
15:50:40;676;971;675;;86564
15:50:41;676;973;676;;724
15:50:41;676;973;676;;7676
15:50:42;676;972;676;;7536
15:50:42;676;972;676;;7532
15:50:43;676;971;675;;7724
15:50:43;676;971;675;;7584
15:50:44;675;971;675;;7580
15:50:44;675;971;675;;8476
15:50:45;675;970;675;;7724
15:50:45;675;970;675;;8412
15:50:46;675;970;675;;7632
15:50:46;675;970;675;;7584
15:50:47;675;969;675;;7548
15:50:47;675;969;675;;7500
15:50:48;675;969;675;;5196
15:50:48;675;969;675;;4512
15:50:49;675;968;675;;4392
15:50:49;675;968;675;;10228
15:50:50;675;967;675;;10124
15:50:50;675;967;675;;8496
15:50:51;675;966;674;;9632
15:50:51;675;966;674;;8368
15:50:52;674;966;674;;10252
15:50:52;674;966;674;;8420
15:50:53;674;965;674;;10052
15:50:53;674;965;674;;10096
15:50:54;674;965;674;;9304
15:50:54;674;965;674;;9868
15:50:55;674;964;674;;4456
15:50:55;674;964;674;;8668
15:50:56;674;964;674;;8544
15:50:56;674;964;674;;4388
15:50:57;674;963;674;;4392
15:50:57;674;963;674;;4392
15:50:58;674;962;674;;4440
15:50:58;674;962;674;;4340
15:50:59;674;961;673;;4336
15:50:59;674;961;673;;4336
15:51:00;673;961;673;;4364
15:51:00;673;961;673;;4332
15:51:01;673;961;673;;4316
15:51:01;673;961;673;;4252
15:51:02;673;960;673;;4380
15:51:02;673;960;673;;9872
15:51:03;673;959;673;;7604
15:51:03;673;959;673;;10096
15:51:04;673;959;673;;4400
15:51:04;673;959;673;;4480
15:51:05;673;958;673;;4424
15:51:05;673;958;673;;4512
15:51:06;673;958;673;;8396
15:51:06;673;958;673;;4460
15:51:07;673;957;673;;8492
15:51:07;673;957;673;;4252
15:51:08;673;957;672;;8420
15:51:08;673;957;672;;10172
15:51:09;672;956;672;;4444
15:51:09;672;956;672;;4424
15:51:10;672;956;672;;10024
15:51:10;672;956;672;;4416
15:51:11;672;955;672;;10100
15:51:11;672;955;672;;10200
15:51:12;672;955;672;;4408
15:51:12;672;955;672;;4228
15:51:13;672;954;672;;10040
15:51:13;672;954;672;;4284
15:51:14;672;954;672;;4300
15:51:14;672;954;672;;4500
15:51:15;672;953;672;;4520
15:51:15;672;953;672;;7404
15:51:16;672;953;672;;8264
15:51:16;672;953;672;;9272
15:51:17;672;953;672;;9504
15:51:17;672;953;672;;7456
15:51:18;672;953;672;;4556
15:51:18;672;953;672;;4364
15:51:19;672;952;672;;8396
15:51:19;672;952;672;;8456
15:51:20;672;952;671;;8364
15:51:20;672;952;671;;8416
15:51:21;672;952;671;;8216
15:51:21;672;952;671;;8368
15:51:22;671;951;671;;7896
15:51:22;671;951;671;;7300
15:51:23;671;951;671;;8416
15:51:24;671;951;671;;8344
15:51:24;671;951;671;;8288
15:51:25;671;951;671;;8340
15:51:25;671;951;671;;8368
15:51:26;671;951;671;;8292
15:51:26;671;951;671;;8452
15:51:27;671;950;671;;8320
15:51:27;671;950;671;;7504
15:51:28;671;950;671;;8520
15:51:28;671;950;671;;6712
15:51:29;671;950;671;;7884
15:51:29;671;950;671;;6756
15:51:30;671;949;671;;6860
15:51:30;671;949;671;;8344
15:51:31;671;949;671;;6848
15:51:31;671;949;671;;7672
15:51:32;671;949;671;;7072
15:51:32;671;949;671;;7104
15:51:33;672;955;672;;7132
15:51:33;672;955;672;;8260
15:51:34;674;963;674;;7164
15:51:34;674;963;674;;7092
15:51:35;672;955;672;;7196
15:51:35;672;955;672;;7120
15:51:36;671;948;671;;7344
15:51:36;671;948;671;;7200
15:51:37;670;946;670;;7152
15:51:37;670;946;670;;7076
15:51:38;671;952;671;;7128
15:51:38;671;952;671;;7104
15:51:39;672;956;672;;7080
15:51:39;672;956;672;;7156
15:51:40;672;956;672;;7076
15:51:40;672;956;672;;7040
15:51:41;690;1015;691;;8420
15:51:41;690;1015;691;;7040
15:51:42;694;1023;694;;7160
15:51:42;694;1023;694;;7624
15:51:43;695;1023;696;;6880
15:51:43;695;1023;696;;8412
15:51:44;698;1023;698;;5120
15:51:44;698;1023;698;;6480
15:51:45;699;1023;699;;4460
15:51:45;699;1023;699;;6616
15:51:46;700;1023;700;;8136
15:51:46;700;1023;700;;4556
15:51:47;700;1023;700;;7984
15:51:47;700;1023;700;;4516
15:51:48;700;1023;700;;4516
15:51:48;700;1023;700;;4548
15:51:49;700;1023;700;;4480
15:51:49;700;1023;700;;8656
15:51:50;699;1023;699;;7564
15:51:50;699;1023;699;;8536
15:51:51;699;1023;699;;8540
15:51:51;699;1023;699;;6856
15:51:52;699;1023;699;;6800
15:51:52;699;1023;699;;6896
15:51:53;699;1023;699;;8448
15:51:53;699;1023;699;;8392
15:51:54;698;1023;698;;8364
15:51:54;698;1023;698;;8468
15:51:55;698;1023;698;;6832
15:51:55;698;1023;698;;7920
15:51:56;698;1023;698;;7252
15:51:56;698;1023;698;;7128
15:51:57;697;1023;697;;7188
15:51:57;697;1023;697;;7224
15:51:58;697;1023;697;;7324
15:51:58;697;1023;697;;9552
15:51:59;697;1023;697;;7332
15:51:59;697;1023;697;;8460
15:52:00;697;1023;697;;8340
15:52:00;697;1023;697;;6940
15:52:01;696;1023;696;;10272
15:52:01;696;1023;696;;9968
15:52:02;696;1023;696;;7060
15:52:02;696;1023;696;;8180
15:52:03;696;1023;696;;7420
15:52:03;696;1023;696;;6840
15:52:04;696;1023;695;;8292
15:52:04;696;1023;695;;4792
15:52:05;695;1023;695;;8416
15:52:06;695;1023;695;;5852
15:52:06;695;1023;695;;4844
15:52:07;695;1023;695;;10152
15:52:07;695;1023;695;;8416
15:52:08;694;1023;694;;8396
15:52:08;694;1023;694;;8476
15:52:09;694;1023;694;;9332
15:52:09;694;1023;694;;10196
15:52:10;694;1023;694;;10096
15:52:10;694;1023;694;;10244
15:52:11;694;1023;694;;10072
15:52:11;694;1023;694;;10088
15:52:12;694;1023;694;;9764
15:52:12;694;1023;694;;8628
15:52:13;693;1023;693;;4368
15:52:13;693;1023;693;;4436
15:52:14;693;1023;693;;4520
15:52:14;693;1023;693;;5572
15:52:15;693;1023;693;;5868
15:52:15;693;1023;693;;7528
15:52:16;693;1023;693;;8504
15:52:16;693;1023;693;;8284
15:52:17;693;1023;693;;6268
15:52:17;693;1023;693;;4368
15:52:18;693;1023;693;;9236
15:52:18;693;1023;693;;8428
15:52:19;693;1023;693;;8456
15:52:19;693;1023;693;;8480
15:52:20;693;1023;693;;10324
15:52:20;693;1023;693;;10172
15:52:21;693;1023;692;;10128
15:52:21;693;1023;692;;10176
15:52:22;693;1023;692;;10276
15:52:22;693;1023;692;;10156
15:52:23;693;1023;692;;10152
15:52:23;693;1023;692;;10300
15:52:24;692;1023;692;;10080
15:52:24;692;1023;692;;10224
15:52:25;692;1023;692;;10072
15:52:25;692;1023;692;;10176
15:52:26;692;1023;692;;10160
15:52:26;692;1023;692;;10052
15:52:27;692;1023;692;;10124
15:52:27;692;1023;692;;10124
15:52:28;692;1023;692;;10052
15:52:28;692;1023;692;;10052
15:52:29;692;1023;692;;10100
15:52:29;692;1023;692;;10100
15:52:30;692;1023;692;;10100
15:52:30;692;1023;692;;10052
15:52:31;692;1023;692;;10048
15:52:31;692;1023;692;;9996
15:52:32;692;1023;692;;4524
15:52:32;692;1023;692;;10000
15:52:33;692;1023;692;;5868
15:52:33;692;1023;692;;6924
15:52:34;692;1023;691;;9284
15:52:34;692;1023;691;;10200
15:52:35;691;1023;691;;10048
15:52:35;691;1023;691;;6920
15:52:36;691;1023;691;;7000
15:52:36;691;1023;691;;7100
15:52:37;691;1023;691;;7924
15:52:37;691;1023;691;;10048
15:52:38;691;1023;691;;7924
15:52:38;691;1023;691;;10052
15:52:39;691;1023;691;;6928
15:52:39;691;1023;691;;6788
15:52:40;691;1023;691;;7180
15:52:40;691;1023;691;;7868
15:52:41;691;1023;690;;7608
15:52:41;691;1023;690;;9980
15:52:42;690;1023;690;;9288
15:52:43;690;1023;690;;9436
15:52:43;690;1023;690;;7848
15:52:44;690;1023;690;;8512
15:52:44;690;1023;690;;9780
15:52:45;690;1023;690;;8460
15:52:45;690;1023;690;;8048
15:52:46;690;1023;690;;10004
15:52:46;690;1023;690;;9192
15:52:47;690;1023;690;;9308
15:52:47;690;1023;690;;7900
15:52:48;690;1023;690;;9724
15:52:48;690;1023;690;;9208
15:52:49;689;1023;689;;9356
15:52:49;689;1023;689;;9800
15:52:50;689;1023;689;;9856
15:52:50;689;1023;689;;8052
15:52:51;689;1023;689;;8404
15:52:51;689;1023;689;;10052
15:52:52;689;1022;689;;6584
15:52:52;689;1022;689;;5280
15:52:53;689;1022;689;;9388
15:52:53;689;1022;689;;5520
15:52:54;689;1022;689;;7156
15:52:54;689;1022;689;;5820
15:52:55;689;1022;689;;5204
15:52:55;689;1022;689;;9900
15:52:56;689;1022;689;;8560
15:52:56;689;1022;689;;6768
15:52:57;689;1022;689;;8476
15:52:57;689;1022;689;;6888
15:52:58;688;1022;688;;6688
15:52:58;688;1022;688;;8380
15:52:59;688;1022;688;;6716
15:52:59;688;1022;688;;6768
15:53:00;688;1022;688;;6704
15:53:00;688;1022;688;;8456
15:53:01;688;1022;688;;5288
15:53:01;688;1022;688;;6884
15:53:02;688;1022;688;;6960
15:53:02;688;1022;688;;5280
15:53:03;688;1022;688;;6908
15:53:03;688;1022;688;;10120
15:53:04;688;1022;688;;7076
15:53:04;688;1022;688;;5732
15:53:05;688;1022;688;;10024
15:53:05;688;1022;688;;5228
15:53:06;688;1022;688;;5224
15:53:06;688;1022;688;;5284
15:53:07;688;1022;688;;10020
15:53:07;688;1022;688;;6608
15:53:08;688;1022;688;;6664
15:53:08;688;1022;688;;6860
15:53:09;688;1022;688;;5184
15:53:09;688;1022;688;;6644
15:53:10;687;1022;687;;6676
15:53:10;687;1022;687;;8556
15:53:11;687;1022;687;;10076
15:53:11;687;1022;687;;6732
15:53:12;687;1022;687;;6924
15:53:12;687;1022;687;;6940
15:53:13;687;1021;687;;6756
15:53:13;687;1021;687;;6948
15:53:14;687;1021;687;;10096
15:53:14;687;1021;687;;10100
15:53:15;687;1021;687;;6944
15:53:15;687;1021;687;;10028
15:53:16;687;1021;687;;6504
15:53:16;687;1021;687;;5932
15:53:17;687;1021;687;;5208
15:53:17;687;1021;687;;6800
15:53:18;687;1021;687;;6864
15:53:18;687;1021;687;;5208
15:53:19;687;1021;687;;5184
15:53:19;687;1021;687;;5208
15:53:20;687;1021;687;;6788
15:53:20;687;1021;687;;6772
15:53:21;687;1020;687;;6780
15:53:21;687;1020;687;;6804
15:53:22;687;1020;686;;5256
15:53:22;687;1020;686;;10028
15:53:23;687;1020;686;;7920
15:53:24;687;1020;686;;5204
15:53:24;687;1020;686;;5268
15:53:25;686;1020;686;;10072
15:53:25;686;1020;686;;5244
15:53:26;686;1020;686;;5312
15:53:26;686;1020;686;;5264
15:53:27;686;1020;686;;6732
15:53:27;686;1020;686;;6752
15:53:28;686;1019;686;;5156
15:53:28;686;1019;686;;5108
15:53:29;686;1019;686;;5116
15:53:29;686;1019;686;;5108
15:53:30;686;1019;686;;5176
15:53:30;686;1019;686;;5112
15:53:31;686;1019;686;;5152
15:53:31;686;1019;686;;5252
15:53:32;686;1018;686;;6712
15:53:32;686;1018;686;;5180
15:53:33;686;1018;686;;5208
15:53:33;686;1018;686;;5160
15:53:34;686;1018;686;;5136
15:53:34;686;1018;686;;5136
15:53:35;686;1018;686;;6716
15:53:35;686;1018;686;;5160
15:53:36;686;1018;686;;9808
15:53:36;686;1018;686;;10156
15:53:37;686;1018;686;;7656
15:53:37;686;1018;686;;5236
15:53:38;686;1018;686;;8476
15:53:38;686;1018;686;;10176
15:53:39;686;1017;685;;7788
15:53:39;686;1017;685;;10104
15:53:40;686;1017;685;;8500
15:53:40;686;1017;685;;5220
15:53:41;685;1017;685;;5264
15:53:41;685;1017;685;;5208
15:53:42;685;1017;685;;5188
15:53:42;685;1017;685;;5128
15:53:43;685;1017;685;;5132
15:53:43;685;1017;685;;5156
15:53:44;685;1016;685;;5180
15:53:44;685;1016;685;;5156
15:53:45;685;1016;685;;5160
15:53:45;685;1016;685;;5232
15:53:46;685;1016;685;;5228
15:53:46;685;1016;685;;6920
15:53:47;685;1016;685;;8420
15:53:47;685;1016;685;;8544
15:53:48;685;1016;685;;8420
15:53:48;685;1016;685;;7924
15:53:49;685;1016;685;;8112
15:53:49;685;1016;685;;10076
15:53:50;685;1016;685;;6552
15:53:50;685;1016;685;;6464
15:53:51;685;1015;685;;6564
15:53:51;685;1015;685;;6640
15:53:52;685;1015;685;;6572
15:53:52;685;1015;685;;6740
15:53:53;685;1015;685;;10124
15:53:53;685;1015;685;;10152
15:53:54;685;1015;685;;10056
15:53:54;685;1015;685;;10028
15:53:55;685;1015;685;;9976
15:53:55;685;1015;685;;10052
15:53:56;685;1015;685;;9976
15:53:56;685;1015;685;;10000
15:53:57;684;1015;685;;10180
15:53:57;684;1015;685;;10028
15:53:58;684;1015;685;;8180
15:53:58;684;1015;685;;8128
15:53:59;685;1015;685;;8084
15:53:59;685;1015;685;;8180
15:54:00;685;1015;685;;8132
15:54:00;685;1015;685;;10136
15:54:01;685;1015;685;;9584
15:54:01;685;1015;685;;10104
15:54:02;685;1015;685;;10100
15:54:02;685;1015;685;;8080
15:54:03;685;1015;685;;6640
15:54:03;685;1015;685;;8148
15:54:04;685;1015;685;;5316
15:54:04;685;1015;685;;5200
15:54:05;685;1014;684;;5240
15:54:05;685;1014;684;;5328
15:54:06;685;1014;684;;8572
15:54:07;684;1014;684;;8496
15:54:07;684;1014;684;;8156
15:54:08;684;1014;684;;10300
15:54:08;684;1014;684;;8320
15:54:09;684;1014;684;;7076
15:54:09;684;1014;684;;10224
15:54:10;684;1013;684;;8124
15:54:10;684;1013;684;;8196
15:54:11;684;1013;684;;8368
15:54:11;684;1013;684;;8292
15:54:12;684;1013;684;;8392
15:54:12;684;1013;684;;8348
15:54:13;684;1013;684;;8348
15:54:13;684;1013;684;;8324
15:54:14;684;1013;684;;10124
15:54:14;684;1013;684;;8296
15:54:15;684;1013;684;;10124
15:54:15;684;1013;684;;10304
15:54:16;684;1013;684;;10128
15:54:16;684;1013;684;;10100
15:54:17;684;1013;684;;10204
15:54:17;684;1013;684;;8248
15:54:18;684;1012;684;;8304
15:54:18;684;1012;684;;8296
15:54:19;684;1012;684;;10080
15:54:19;684;1012;684;;8404
15:54:20;684;1012;684;;6468
15:54:20;684;1012;684;;8232
15:54:21;684;1011;684;;10232
15:54:21;684;1011;684;;8052
15:54:22;684;1012;684;;8048
15:54:22;684;1012;684;;8052
15:54:23;684;1011;684;;8432
15:54:23;684;1011;684;;10200
15:54:24;684;1011;684;;10276
15:54:24;684;1011;684;;10276
15:54:25;684;1011;684;;10124
15:54:25;684;1011;684;;10252
15:54:26;684;1011;684;;10300
15:54:26;684;1011;684;;10124
15:54:27;684;1011;683;;6984
15:54:27;684;1011;683;;10124
15:54:28;683;1010;683;;10276
15:54:28;683;1010;683;;10204
15:54:29;683;1010;683;;10176
15:54:29;683;1010;683;;10224
15:54:30;684;1011;683;;10176
15:54:30;684;1011;683;;10096
15:54:31;683;1011;683;;10076
15:54:31;683;1011;683;;10204
15:54:32;683;1010;683;;8104
15:54:32;683;1010;683;;10300
15:54:33;683;1010;683;;10280
15:54:33;683;1010;683;;5384
15:54:34;683;1010;683;;10332
15:54:34;683;1010;683;;5352
15:54:35;683;1009;683;;5328
15:54:35;683;1009;683;;5368
15:54:36;683;1009;683;;5384
15:54:36;683;1009;683;;6924
15:54:37;683;1009;683;;7104
15:54:37;683;1009;683;;6900
15:54:38;683;1009;683;;6776
15:54:38;683;1009;683;;6804
15:54:39;683;1009;683;;6784
15:54:39;683;1009;683;;6708
15:54:40;683;1008;683;;6860
15:54:40;683;1008;683;;6732
15:54:41;683;1008;683;;7996
15:54:41;683;1008;683;;10224
15:54:42;683;1008;683;;10124
15:54:43;683;1008;683;;10096
15:54:43;683;1008;683;;10124
15:54:44;683;1008;683;;8320
15:54:44;683;1008;683;;8368
15:54:45;683;1008;683;;8244
15:54:45;683;1008;683;;8344
15:54:46;683;1008;683;;8372
15:54:46;683;1008;683;;8520
15:54:47;683;1007;683;;8344
15:54:47;683;1007;683;;10100
15:54:48;683;1007;683;;10176
15:54:48;683;1007;683;;9708
15:54:49;683;1007;683;;10140
15:54:49;683;1007;683;;6400
15:54:50;683;1007;683;;6828
15:54:50;683;1007;683;;10300
15:54:51;683;1007;683;;8320
15:54:51;683;1007;683;;10304
15:54:52;683;1007;682;;8224
15:54:52;683;1007;682;;8460
15:54:53;683;1007;682;;8420
15:54:53;683;1007;682;;8296
15:54:54;683;1007;682;;8316
15:54:54;683;1007;682;;8244
15:54:55;682;1006;682;;8244
15:54:55;682;1006;682;;8296
15:54:56;682;1006;682;;10100
15:54:56;682;1006;682;;10100
15:54:57;682;1005;682;;10100
15:54:57;682;1005;682;;8348
15:54:58;682;1005;682;;8300
15:54:58;682;1005;682;;8252
15:54:59;682;1005;682;;8400
15:54:59;682;1005;682;;8300
15:55:00;682;1005;682;;8252
15:55:00;682;1005;682;;8300
15:55:01;682;1004;682;;8248
15:55:01;682;1004;682;;8252
15:55:02;682;1004;682;;8376
15:55:02;682;1004;682;;8276
15:55:03;682;1004;682;;8272
15:55:03;682;1004;682;;8352
15:55:04;682;1004;682;;8276
15:55:04;682;1004;682;;8196
15:55:05;682;1004;682;;8372
15:55:05;682;1004;682;;8220
15:55:06;682;1004;682;;8224
15:55:06;682;1004;682;;8248
15:55:07;682;1004;682;;8272
15:55:07;682;1004;682;;8348
15:55:08;682;1003;682;;8220
15:55:08;682;1003;682;;8320
15:55:09;682;1004;682;;8372
15:55:09;682;1004;682;;8572
15:55:10;682;1003;682;;8376
15:55:10;682;1003;682;;8460
15:55:11;682;1004;682;;10176
15:55:11;682;1004;682;;8476
15:55:12;682;1004;682;;10328
15:55:12;682;1004;682;;7920
15:55:13;682;1003;682;;10180
15:55:13;682;1003;682;;10128
15:55:14;682;1003;682;;10124
15:55:14;682;1003;682;;10228
15:55:15;682;1003;682;;10200
15:55:15;682;1003;682;;8428
15:55:16;682;1003;682;;10204
15:55:16;682;1003;682;;10076
15:55:17;682;1003;682;;10000
15:55:17;682;1003;682;;10000
15:55:18;682;1002;682;;10128
15:55:18;682;1002;682;;10096
15:55:19;682;1002;681;;10276
15:55:19;682;1002;681;;10104
15:55:20;681;1001;681;;10124
15:55:21;681;1002;681;;6532
15:55:21;681;1002;681;;8464
15:55:22;681;1001;681;;6512
15:55:22;681;1001;681;;6664
15:55:23;681;1001;681;;6592
15:55:23;681;1001;681;;8348
15:55:24;681;1000;681;;8292
15:55:24;681;1000;681;;10076
15:55:25;681;1001;681;;10024
15:55:25;681;1001;681;;10024
15:55:26;681;1001;681;;10200
15:55:26;681;1001;681;;10020
15:55:27;681;1001;681;;9288
15:55:27;681;1001;681;;9768
15:55:28;681;1001;681;;9824
15:55:28;681;1001;681;;9796
15:55:29;681;1001;681;;9992
15:55:29;681;1001;681;;10076
15:55:30;681;1000;681;;6880
15:55:30;681;1000;681;;10200
15:55:31;681;1000;681;;6900
15:55:31;681;1000;681;;6860
15:55:32;681;1000;681;;6856
15:55:32;681;1000;681;;6760
15:55:33;681;1000;681;;7308
15:55:33;681;1000;681;;10104
15:55:34;681;1000;681;;10176
15:55:34;681;1000;681;;7012
15:55:35;681;1000;681;;10176
15:55:35;681;1000;681;;10152
15:55:36;681;999;681;;10304
15:55:36;681;999;681;;7132
15:55:37;681;999;681;;10180
15:55:37;681;999;681;;10300
15:55:38;681;999;681;;10248
15:55:38;681;999;681;;10148
15:55:39;681;1000;681;;9976
15:55:39;681;1000;681;;10076
15:55:40;681;999;681;;10164
15:55:40;681;999;681;;10024
15:55:41;681;998;681;;10028
15:55:41;681;998;681;;7972
15:55:42;681;998;681;;10120
15:55:42;681;998;681;;10104
15:55:43;681;998;681;;10100
15:55:43;681;998;681;;10100
15:55:44;681;998;681;;8004
15:55:44;681;998;681;;7900
15:55:45;681;998;681;;10204
15:55:45;681;998;681;;10156
15:55:46;681;997;680;;10180
15:55:46;681;997;680;;10176
15:55:47;681;997;680;;10304
15:55:47;681;997;680;;10080
15:55:48;680;997;680;;10280
15:55:48;680;997;680;;10076
15:55:49;680;997;680;;10156
15:55:49;680;997;680;;7952
15:55:50;680;996;680;;10048
15:55:50;680;996;680;;10256
15:55:51;680;996;680;;10200
15:55:51;680;996;680;;10176
15:55:52;680;995;680;;10104
15:55:52;680;995;680;;10128
15:55:53;680;996;680;;10124
15:55:53;680;996;680;;10076
15:55:54;680;995;680;;10144
15:55:54;680;995;680;;10080
15:55:55;680;995;680;;8032
15:55:56;680;995;680;;5428
15:55:56;680;995;680;;5432
15:55:57;680;996;680;;9684
15:55:57;680;996;680;;10104
15:55:58;680;995;680;;7404
15:55:58;680;995;680;;9564
15:55:59;680;995;680;;10004
15:55:59;680;995;680;;7028
15:56:00;680;995;680;;7104
15:56:00;680;995;680;;9804
15:56:01;680;995;680;;6420
15:56:01;680;995;680;;6924
15:56:02;680;994;680;;6452
15:56:02;680;994;680;;5556
15:56:03;680;994;680;;7132
15:56:03;680;994;680;;5472
15:56:04;680;994;680;;9708
15:56:04;680;994;680;;10028
15:56:05;680;994;680;;10076
15:56:05;680;994;680;;10128
15:56:06;680;994;680;;9776
15:56:06;680;994;680;;5480
15:56:07;680;993;680;;5488
15:56:07;680;993;680;;5540
15:56:08;680;994;680;;7104
15:56:08;680;994;680;;7084
15:56:09;680;993;680;;5592
15:56:09;680;993;680;;5476
15:56:10;680;992;679;;7148
15:56:10;680;992;679;;5424
15:56:11;680;992;679;;5484
15:56:11;680;992;679;;9312
15:56:12;680;993;680;;6812
15:56:12;680;993;680;;7108
15:56:13;680;992;679;;7052
15:56:13;680;992;679;;6964
15:56:14;679;992;679;;6964
15:56:14;679;992;679;;6944
15:56:15;680;992;679;;8256
15:56:15;680;992;679;;5304
15:56:16;679;992;679;;5280
15:56:16;679;992;679;;5276
15:56:17;679;991;679;;7060
15:56:17;679;991;679;;5252
15:56:18;679;991;679;;7016
15:56:18;679;991;679;;10196
15:56:19;679;992;679;;8320
15:56:19;679;992;679;;6980
15:56:20;679;991;679;;10072
15:56:20;679;991;679;;7008
15:56:21;679;991;679;;6828
15:56:21;679;991;679;;6976
15:56:22;679;991;679;;10200
15:56:22;679;991;679;;7980
15:56:23;679;991;679;;10020
15:56:23;679;991;679;;6896
15:56:24;679;991;679;;7148
15:56:24;679;991;679;;6900
15:56:25;679;991;679;;6932
15:56:25;679;991;679;;6904
15:56:26;679;991;679;;7080
15:56:26;679;991;679;;6932
15:56:27;679;991;679;;7008
15:56:27;679;991;679;;7088
15:56:28;679;990;679;;7848
15:56:28;679;990;679;;10280
15:56:29;679;990;679;;5340
15:56:29;679;990;679;;6864
15:56:30;679;990;679;;6996
15:56:30;679;990;679;;5220
15:56:31;679;990;679;;6920
15:56:31;679;990;679;;5268
15:56:32;679;990;679;;5356
15:56:32;679;990;679;;5180
15:56:33;679;990;679;;7076
15:56:33;679;990;679;;7036
15:56:34;679;989;679;;5340
15:56:34;679;989;679;;5352
15:56:35;679;990;679;;5428
15:56:35;679;990;679;;5404
15:56:36;679;989;679;;5300
15:56:37;679;989;679;;10152
15:56:37;679;989;679;;10076
15:56:38;679;989;679;;8068
15:56:38;679;989;679;;6880
15:56:39;679;989;679;;6932
15:56:39;679;989;679;;9484
15:56:40;679;989;679;;6836
15:56:40;679;989;679;;10300
15:56:41;679;989;679;;7072
15:56:41;679;989;679;;5284
15:56:42;679;989;679;;5288
15:56:42;679;989;679;;7996
15:56:43;679;989;679;;6812
15:56:43;679;989;679;;10208
15:56:44;679;989;679;;10252
15:56:44;679;989;679;;5352
15:56:45;679;988;679;;8316
15:56:45;679;988;679;;10076
15:56:46;679;988;678;;7960
15:56:46;679;988;678;;5384
15:56:47;679;987;678;;5204
15:56:47;679;987;678;;5280
15:56:48;679;988;678;;5324
15:56:48;679;988;678;;5244
15:56:49;679;987;678;;5264
15:56:49;679;987;678;;5320
15:56:50;679;987;678;;6980
15:56:50;679;987;678;;5348
15:56:51;679;987;678;;10252
15:56:51;679;987;678;;5364
15:56:52;678;987;678;;5304
15:56:52;678;987;678;;7004
15:56:53;679;988;678;;10228
15:56:53;679;988;678;;5388
15:56:54;679;988;678;;7032
15:56:54;679;988;678;;5292
15:56:55;678;987;678;;5288
15:56:55;678;987;678;;7108
15:56:56;678;987;678;;10076
15:56:56;678;987;678;;9996
15:56:57;678;987;678;;5360
15:56:57;678;987;678;;5424
15:56:58;678;985;678;;5388
15:56:58;678;985;678;;10300
15:56:59;678;987;678;;10228
15:56:59;678;987;678;;9388
15:57:00;678;986;678;;6876
15:57:00;678;986;678;;7056
15:57:01;678;987;678;;7004
15:57:01;678;987;678;;7024
15:57:02;678;986;678;;6072
15:57:02;678;986;678;;6884
15:57:03;678;986;678;;8396
15:57:03;678;986;678;;5412
15:57:04;678;986;678;;5360
15:57:04;678;986;678;;7176
15:57:05;678;986;678;;7000
15:57:05;678;986;678;;7048
15:57:06;678;986;678;;7068
15:57:06;678;986;678;;7072
15:57:07;678;985;678;;10124
15:57:07;678;985;678;;8024
15:57:08;678;984;678;;9488
15:57:08;678;984;678;;6884
15:57:09;678;984;678;;7044
15:57:09;678;984;678;;5480
15:57:10;678;985;678;;8152
15:57:10;678;985;678;;5536
15:57:11;678;984;678;;7040
15:57:11;678;984;678;;8404
15:57:12;678;984;678;;8608
15:57:12;678;984;678;;9256
15:57:13;678;985;678;;9512
15:57:13;678;985;678;;8532
15:57:14;678;985;678;;8528
15:57:14;678;985;678;;9360
15:57:15;678;985;678;;9308
15:57:15;678;985;678;;9332
15:57:16;678;985;678;;10120
15:57:17;678;984;678;;5652
15:57:17;678;984;678;;10096
15:57:18;678;984;678;;10120
15:57:18;678;984;678;;10096
15:57:19;678;983;678;;7132
15:57:19;678;983;678;;5852
15:57:20;678;983;678;;10196
15:57:20;678;983;678;;10100
15:57:21;678;984;678;;10048
15:57:21;678;984;678;;7800
15:57:22;678;983;677;;7524
15:57:22;678;983;677;;7436
15:57:23;678;983;677;;7616
15:57:23;678;983;677;;7376
15:57:24;678;983;677;;7716
15:57:24;678;983;677;;7600
15:57:25;678;983;677;;7208
15:57:25;678;983;677;;7732
15:57:26;677;982;677;;7696
15:57:26;677;982;677;;7580
15:57:27;678;983;677;;7820
15:57:27;678;983;677;;7844
15:57:28;677;982;677;;7564
15:57:28;677;982;677;;7608
15:57:29;677;982;677;;7804
15:57:29;677;982;677;;7828
15:57:30;677;982;677;;7864
15:57:30;677;982;677;;7588
15:57:31;677;982;677;;8372
15:57:31;677;982;677;;7848
15:57:32;677;981;677;;7636
15:57:32;677;981;677;;6844
15:57:33;677;982;677;;7740
15:57:33;677;982;677;;6712
15:57:34;677;982;677;;6860
15:57:34;677;982;677;;10048
15:57:35;677;982;677;;6928
15:57:35;677;982;677;;7504
15:57:36;677;981;677;;7792
15:57:36;677;981;677;;7480
15:57:37;677;981;677;;7848
15:57:37;677;981;677;;10096
15:57:38;677;982;677;;10048
15:57:38;677;982;677;;7408
15:57:39;677;982;677;;10128
15:57:39;677;982;677;;10124
15:57:40;677;981;677;;9136
15:57:40;677;981;677;;10100
15:57:41;677;981;677;;6528
15:57:41;677;981;677;;8604
15:57:42;677;981;677;;10140
15:57:42;677;981;677;;10104
15:57:43;677;981;677;;10228
15:57:43;677;981;677;;9256
15:57:44;677;981;677;;8712
15:57:44;677;981;677;;7048
15:57:45;677;980;677;;6784
15:57:45;677;980;677;;6788
15:57:46;677;981;677;;6840
15:57:46;677;981;677;;9412
15:57:47;677;981;677;;7176
15:57:47;677;981;677;;8780
15:57:48;677;981;677;;6816
15:57:48;677;981;677;;10180
15:57:49;677;981;677;;8000
15:57:49;677;981;677;;7576
15:57:50;677;980;677;;7628
15:57:50;677;980;677;;7608
15:57:51;677;980;677;;7692
15:57:51;677;980;677;;9388
15:57:52;677;979;677;;7852
15:57:52;677;979;677;;8632
15:57:53;677;980;677;;7676
15:57:53;677;980;677;;8128
15:57:54;677;980;677;;9780
15:57:55;677;980;677;;4624
15:57:55;677;980;677;;8176
15:57:56;677;980;677;;10028
15:57:56;677;980;677;;6408
15:57:57;677;980;677;;9972
15:57:57;677;980;677;;9972
15:57:58;677;979;677;;9752
15:57:58;677;979;677;;9100
15:57:59;677;980;677;;10048
15:57:59;677;980;677;;10156
15:58:00;677;980;677;;9828
15:58:00;677;980;677;;10152
15:58:01;677;979;677;;9780
15:58:01;677;979;677;;6408
15:58:02;676;978;676;;10072
15:58:02;676;978;676;;8124
15:58:03;676;978;676;;8132
15:58:03;676;978;676;;4856
15:58:04;676;978;676;;9084
15:58:04;676;978;676;;8508
15:58:05;676;978;676;;8604
15:58:05;676;978;676;;9776
15:58:06;676;977;676;;8580
15:58:06;676;977;676;;9752
15:58:07;677;978;676;;9896
15:58:07;677;978;676;;9896
15:58:08;676;978;676;;9824
15:58:08;676;978;676;;10000
15:58:09;676;977;676;;9956
15:58:09;676;977;676;;9900
15:58:10;676;977;676;;10000
15:58:10;676;977;676;;9904
15:58:11;676;978;676;;9832
15:58:11;676;978;676;;7224
15:58:12;677;978;676;;4440
15:58:12;677;978;676;;4584
15:58:13;676;978;676;;9804
15:58:13;676;978;676;;9776
15:58:14;676;977;676;;9872
15:58:14;676;977;676;;9800
15:58:15;676;977;676;;9864
15:58:15;676;977;676;;10000
15:58:16;676;977;676;;9928
15:58:16;676;977;676;;9904
15:58:17;676;978;676;;10028
15:58:17;676;978;676;;9852
15:58:18;676;978;676;;10004
15:58:18;676;978;676;;9952
15:58:19;677;978;676;;9828
15:58:19;677;978;676;;9928
15:58:20;677;978;676;;9904
15:58:20;677;978;676;;9828
15:58:21;676;977;676;;10000
15:58:21;676;977;676;;9952
15:58:22;677;978;676;;9948
15:58:22;677;978;676;;9976
15:58:23;676;978;676;;9876
15:58:23;676;978;676;;9976
15:58:24;676;977;676;;9976
15:58:24;676;977;676;;9980
15:58:25;677;978;676;;9828
15:58:25;677;978;676;;10004
15:58:26;676;978;676;;10004
15:58:26;676;978;676;;10028
15:58:27;676;977;676;;9928
15:58:27;676;977;676;;9980
15:58:28;676;977;676;;9880
15:58:28;676;977;676;;10000
15:58:29;676;977;676;;10056
15:58:30;676;977;676;;9804
15:58:30;676;977;676;;9856
15:58:31;676;977;676;;9928
15:58:31;676;977;676;;9884
15:58:32;676;977;676;;9904
15:58:32;676;977;676;;9908
15:58:33;676;976;676;;9928
15:58:33;676;976;676;;9928
15:58:34;676;976;676;;9976
15:58:34;676;976;676;;10104
15:58:35;676;975;676;;9976
15:58:35;676;975;676;;9976
15:58:36;676;976;676;;9980
15:58:36;676;976;676;;9952
15:58:37;676;977;676;;10080
15:58:37;676;977;676;;9980
15:58:38;676;976;676;;9980
15:58:38;676;976;676;;10032
15:58:39;676;976;676;;10032
15:58:39;676;976;676;;9904
15:58:40;676;976;676;;10056
15:58:40;676;976;676;;10028
15:58:41;676;976;676;;10052
15:58:41;676;976;676;;10080
15:58:42;676;975;676;;10008
15:58:42;676;975;676;;9936
15:58:43;676;975;676;;9956
15:58:43;676;975;676;;10060
15:58:44;676;975;676;;9984
15:58:44;676;975;676;;9984
15:58:45;676;975;676;;9956
15:58:45;676;975;676;;9984
15:58:46;676;975;676;;9984
15:58:46;676;975;676;;9960
15:58:47;676;974;676;;9880
15:58:47;676;974;676;;9880
15:58:48;676;974;676;;10012
15:58:48;676;974;676;;9808
15:58:49;676;974;676;;10012
15:58:49;676;974;676;;9836
15:58:50;676;974;676;;9836
15:58:50;676;974;676;;9836
15:58:51;676;974;676;;9884
15:58:51;676;974;676;;9864
15:58:52;676;974;676;;9908
15:58:52;676;974;676;;9940
15:58:53;676;974;676;;9860
15:58:53;676;974;676;;9964
15:58:54;676;974;676;;10012
15:58:54;676;974;676;;9912
15:58:55;676;975;676;;9964
15:58:55;676;975;676;;9912
15:58:56;676;975;676;;10012
15:58:56;676;975;676;;9884
15:58:57;676;975;676;;9888
15:58:57;676;975;676;;9860
15:58:58;676;975;676;;9912
15:58:58;676;975;676;;9860
15:58:59;676;975;676;;9936
15:58:59;676;975;676;;9836
15:59:00;676;975;676;;9840
15:59:00;676;975;676;;9912
15:59:01;676;975;676;;10016
15:59:01;676;975;676;;9912
15:59:02;676;974;676;;9888
15:59:02;676;974;676;;10012
15:59:03;676;975;676;;9912
15:59:04;676;975;676;;9888
15:59:04;676;975;676;;10012
15:59:05;676;975;676;;9836
15:59:05;676;975;676;;9908
15:59:06;676;974;676;;10064
15:59:06;676;974;676;;9964
15:59:07;676;975;676;;9856
15:59:07;676;975;676;;9836
15:59:08;676;974;676;;10084
15:59:08;676;974;676;;9988
15:59:09;676;974;676;;9936
15:59:09;676;974;676;;9908
15:59:10;676;974;676;;9884
15:59:10;676;974;676;;9812
15:59:11;676;974;676;;9912
15:59:11;676;974;676;;9964
15:59:12;676;974;676;;9884
15:59:12;676;974;676;;9936
15:59:13;676;974;676;;10012
15:59:13;676;974;676;;10060
15:59:14;676;975;676;;9884
15:59:14;676;975;676;;9884
15:59:15;676;974;676;;9836
15:59:15;676;974;676;;9908
15:59:16;675;973;675;;9808
15:59:16;675;973;675;;9836
15:59:17;676;973;675;;9760
15:59:17;676;973;675;;9840
15:59:18;675;973;675;;9836
15:59:18;675;973;675;;9912
15:59:19;676;973;675;;10112
15:59:19;676;973;675;;9988
15:59:20;676;974;676;;9832
15:59:20;676;974;676;;9788
15:59:21;676;974;676;;9960
15:59:21;676;974;676;;9836
15:59:22;676;973;675;;9860
15:59:22;676;973;675;;10064
15:59:23;675;972;675;;10088
15:59:23;675;972;675;;9912
15:59:24;675;973;675;;9836
15:59:24;675;973;675;;9836
15:59:25;675;973;675;;9836
15:59:25;675;973;675;;8612
15:59:26;676;973;675;;9940
15:59:26;676;973;675;;10168
15:59:27;676;973;675;;9940
15:59:27;676;973;675;;9836
15:59:28;675;973;675;;9836
15:59:28;675;973;675;;10032
15:59:29;676;973;675;;9936
15:59:29;676;973;675;;10036
15:59:30;675;973;675;;9836
15:59:30;675;973;675;;9860
15:59:31;675;973;675;;10040
15:59:31;675;973;675;;9836
15:59:32;675;972;675;;9864
15:59:32;675;972;675;;9964
15:59:33;675;972;675;;9888
15:59:33;675;972;675;;10012
15:59:34;675;973;675;;9812
15:59:34;675;973;675;;9836
15:59:35;675;971;675;;9936
15:59:35;675;971;675;;9788
15:59:36;675;971;675;;9836
15:59:36;675;971;675;;10064
15:59:37;675;972;675;;9864
15:59:38;675;973;675;;9916
15:59:38;675;973;675;;9984
15:59:39;675;973;675;;9884
15:59:39;675;973;675;;9860
15:59:40;675;972;675;;9960
15:59:40;675;972;675;;10012
15:59:41;675;972;675;;9912
15:59:41;675;972;675;;9960
15:59:42;675;972;675;;9888
15:59:42;675;972;675;;9832
15:59:43;675;972;675;;9888
15:59:43;675;972;675;;9984
15:59:44;675;971;675;;9912
15:59:44;675;971;675;;9936
15:59:45;675;971;675;;9884
15:59:45;675;971;675;;9944
15:59:46;675;972;675;;9888
15:59:46;675;972;675;;9864
15:59:47;675;971;675;;9932
15:59:47;675;971;675;;9988
15:59:48;675;971;675;;10012
15:59:48;675;971;675;;9864
15:59:49;675;971;675;;9884
15:59:49;675;971;675;;9884
15:59:50;675;972;675;;9836
15:59:50;675;972;675;;9864
15:59:51;675;971;675;;9912
15:59:51;675;971;675;;9864
15:59:52;675;972;675;;9884
15:59:52;675;972;675;;9988
15:59:53;675;972;675;;9944
15:59:53;675;972;675;;9912
15:59:54;675;971;675;;9892
15:59:54;675;971;675;;9964
15:59:55;675;971;675;;9864
15:59:55;675;971;675;;10008
15:59:56;675;971;675;;9960
15:59:56;675;971;675;;10088
15:59:57;675;971;675;;9860
15:59:57;675;971;675;;10012
15:59:58;675;971;675;;9912
15:59:58;675;971;675;;10012
15:59:59;675;971;675;;9964
15:59:59;675;971;675;;10012
