06:00:00;713;1023;713;;13236
06:00:00;713;1023;713;;13188
06:00:01;713;1023;713;;7684
06:00:01;713;1023;713;;13212
06:00:02;713;1023;713;;13268
06:00:02;713;1023;713;;13240
06:00:03;713;1023;713;;7704
06:00:03;713;1023;713;;13240
06:00:04;713;1023;713;;13188
06:00:04;713;1023;713;;13240
06:00:05;713;1023;713;;13220
06:00:05;713;1023;713;;7704
06:00:06;713;1023;713;;7804
06:00:06;713;1023;713;;13216
06:00:07;713;1023;713;;13288
06:00:07;713;1023;713;;7732
06:00:08;713;1023;713;;13188
06:00:08;713;1023;713;;11820
06:00:09;713;1023;713;;13212
06:00:09;713;1023;713;;7704
06:00:10;713;1023;713;;7704
06:00:10;713;1023;713;;7784
06:00:11;713;1023;713;;13216
06:00:11;713;1023;713;;13208
06:00:12;713;1023;713;;13316
06:00:12;713;1023;713;;13240
06:00:13;713;1023;713;;13212
06:00:13;713;1023;713;;13188
06:00:14;713;1023;713;;13188
06:00:15;713;1023;713;;13212
06:00:15;713;1023;713;;13216
06:00:16;713;1023;713;;13212
06:00:16;713;1023;713;;13264
06:00:17;713;1023;713;;13224
06:00:17;713;1023;713;;13220
06:00:18;713;1023;713;;13240
06:00:18;713;1023;713;;13216
06:00:19;713;1023;713;;7704
06:00:19;713;1023;713;;13188
06:00:20;713;1023;713;;13240
06:00:20;713;1023;713;;13216
06:00:21;713;1023;713;;13188
06:00:21;713;1023;713;;13188
06:00:22;713;1023;713;;13192
06:00:22;713;1023;713;;13240
06:00:23;713;1023;713;;13216
06:00:23;713;1023;713;;13240
06:00:24;713;1023;713;;7708
06:00:24;713;1023;713;;13188
06:00:25;713;1023;713;;13188
06:00:25;713;1023;713;;13264
06:00:26;713;1023;713;;7704
06:00:26;713;1023;713;;7676
06:00:27;713;1023;713;;13192
06:00:27;713;1023;713;;13244
06:00:28;713;1023;713;;13264
06:00:28;713;1023;713;;13240
06:00:29;713;1023;713;;13212
06:00:29;713;1023;713;;7752
06:00:30;713;1023;713;;13216
06:00:30;713;1023;713;;7680
06:00:31;713;1023;713;;7704
06:00:31;713;1023;713;;13240
06:00:32;713;1023;713;;13212
06:00:32;713;1023;713;;13208
06:00:33;713;1023;713;;13216
06:00:33;713;1023;713;;7756
06:00:34;713;1023;713;;13240
06:00:34;713;1023;713;;13212
06:00:35;713;1023;713;;13184
06:00:35;713;1023;713;;13216
06:00:36;713;1023;713;;13216
06:00:36;713;1023;713;;13212
06:00:37;713;1023;713;;13264
06:00:37;713;1023;713;;13240
06:00:38;713;1023;713;;13212
06:00:38;713;1023;713;;13216
06:00:39;713;1023;713;;13216
06:00:39;713;1023;713;;13324
06:00:40;713;1023;713;;13264
06:00:40;713;1023;713;;13212
06:00:41;713;1023;713;;7780
06:00:42;713;1023;713;;13212
06:00:42;713;1023;713;;7804
06:00:43;713;1023;713;;7708
06:00:43;713;1023;713;;13240
06:00:44;713;1023;713;;13184
06:00:44;713;1023;713;;13216
06:00:45;713;1023;713;;13264
06:00:45;713;1023;713;;13240
06:00:46;713;1023;713;;13188
06:00:46;713;1023;713;;13212
06:00:47;713;1023;713;;13188
06:00:47;713;1023;713;;13188
06:00:48;713;1023;713;;13216
06:00:48;713;1023;713;;13228
06:00:49;713;1023;713;;7732
06:00:49;713;1023;713;;13188
06:00:50;713;1023;713;;13192
06:00:50;713;1023;713;;13188
06:00:51;713;1023;713;;13212
06:00:51;713;1023;713;;7784
06:00:52;713;1023;713;;13216
06:00:52;713;1023;713;;13216
06:00:53;713;1023;713;;13264
06:00:53;713;1023;713;;13240
06:00:54;713;1023;713;;7756
06:00:54;713;1023;713;;13244
06:00:55;713;1023;713;;13240
06:00:55;713;1023;713;;13244
06:00:56;713;1023;713;;13216
06:00:56;713;1023;713;;13212
06:00:57;713;1023;713;;7732
06:00:57;713;1023;713;;7756
06:00:58;713;1023;713;;13212
06:00:58;713;1023;713;;13236
06:00:59;713;1023;713;;13216
06:00:59;713;1023;713;;7684
06:01:00;713;1023;713;;13220
06:01:00;713;1023;713;;13240
06:01:01;713;1023;713;;13312
06:01:01;713;1023;713;;13212
06:01:02;713;1023;713;;7728
06:01:02;713;1023;713;;13264
06:01:03;713;1023;713;;13188
06:01:03;713;1023;713;;13240
06:01:04;713;1023;713;;13216
06:01:04;713;1023;713;;13212
06:01:05;713;1023;713;;13212
06:01:05;713;1023;713;;7704
06:01:06;713;1023;713;;13184
06:01:06;713;1023;713;;13216
06:01:07;713;1023;713;;7780
06:01:07;713;1023;713;;13264
06:01:08;713;1023;713;;13212
06:01:09;713;1023;713;;13212
06:01:09;713;1023;713;;13212
06:01:10;713;1023;713;;13184
06:01:10;713;1023;713;;13264
06:01:11;713;1023;713;;13212
06:01:11;713;1023;713;;13264
06:01:12;713;1023;713;;7828
06:01:12;713;1023;713;;13236
06:01:13;713;1023;713;;13184
06:01:13;713;1023;713;;13216
06:01:14;713;1023;713;;13216
06:01:14;713;1023;713;;7708
06:01:15;713;1023;713;;13264
06:01:15;713;1023;713;;13188
06:01:16;713;1023;713;;13188
06:01:16;713;1023;713;;13216
06:01:17;713;1023;713;;13188
06:01:17;713;1023;713;;13236
06:01:18;713;1023;713;;13264
06:01:18;713;1023;713;;7684
06:01:19;713;1023;713;;13188
06:01:19;713;1023;713;;13216
06:01:20;713;1023;713;;13212
06:01:20;713;1023;713;;13188
06:01:21;713;1023;713;;7732
06:01:21;713;1023;713;;7704
06:01:22;713;1023;713;;13216
06:01:22;713;1023;713;;13192
06:01:23;713;1023;713;;13240
06:01:23;713;1023;713;;13264
06:01:24;713;1023;713;;7756
06:01:24;713;1023;713;;13212
06:01:25;713;1023;713;;13188
06:01:25;713;1023;713;;13192
06:01:26;713;1023;713;;7760
06:01:26;713;1023;713;;13216
06:01:27;713;1023;713;;13240
06:01:27;713;1023;713;;13240
06:01:28;713;1023;713;;13240
06:01:28;713;1023;713;;13188
06:01:29;713;1023;713;;7704
06:01:29;713;1023;713;;13240
06:01:30;713;1023;713;;13348
06:01:30;713;1023;713;;13264
06:01:31;713;1023;713;;13216
06:01:31;713;1023;713;;13216
06:01:32;713;1023;713;;13216
06:01:32;713;1023;713;;13244
06:01:33;713;1023;713;;13240
06:01:33;713;1023;713;;7680
06:01:34;713;1023;713;;13212
06:01:34;713;1023;713;;13240
06:01:35;713;1023;713;;13216
06:01:36;713;1023;713;;13212
06:01:36;713;1023;713;;13212
06:01:37;713;1023;713;;13264
06:01:37;713;1023;713;;13216
06:01:38;713;1023;713;;7704
06:01:38;713;1023;713;;13216
06:01:39;713;1023;713;;13268
06:01:39;713;1023;713;;7728
06:01:40;713;1023;713;;13216
06:01:40;713;1023;713;;7752
06:01:41;713;1023;713;;13216
06:01:41;713;1023;713;;7732
06:01:42;713;1023;713;;11848
06:01:42;713;1023;713;;7756
06:01:43;713;1023;713;;13216
06:01:43;713;1023;713;;13212
06:01:44;713;1023;713;;13212
06:01:44;713;1023;713;;13240
06:01:45;713;1023;713;;13240
06:01:45;713;1023;713;;13268
06:01:46;713;1023;713;;13212
06:01:46;713;1023;713;;13184
06:01:47;713;1023;713;;13184
06:01:47;713;1023;713;;13264
06:01:48;713;1023;713;;13192
06:01:48;713;1023;713;;7704
06:01:49;713;1023;713;;13344
06:01:49;713;1023;713;;13212
06:01:50;713;1023;713;;13216
06:01:50;713;1023;713;;13188
06:01:51;713;1023;713;;13188
06:01:51;713;1023;713;;13184
06:01:52;713;1023;713;;13236
06:01:52;713;1023;713;;13212
06:01:53;713;1023;713;;7684
06:01:53;713;1023;713;;7732
06:01:54;713;1023;713;;7756
06:01:54;713;1023;713;;13212
06:01:55;713;1023;713;;13212
06:01:55;713;1023;713;;13240
06:01:56;713;1023;713;;13252
06:01:56;713;1023;713;;13188
06:01:57;713;1023;713;;7804
06:01:57;713;1023;713;;13264
06:01:58;713;1023;713;;13216
06:01:58;713;1023;713;;13212
06:01:59;713;1023;713;;13240
06:01:59;713;1023;713;;7704
06:02:00;713;1023;713;;7684
06:02:00;713;1023;713;;13216
06:02:01;713;1023;713;;13244
06:02:01;713;1023;713;;7852
06:02:02;713;1023;713;;13240
06:02:02;713;1023;713;;13212
06:02:03;713;1023;713;;13216
06:02:03;713;1023;713;;7808
06:02:04;713;1023;713;;13208
06:02:05;713;1023;713;;13288
06:02:05;713;1023;713;;13244
06:02:06;713;1023;713;;7680
06:02:06;713;1023;713;;11720
06:02:07;713;1023;713;;13240
06:02:07;713;1023;713;;7780
06:02:08;713;1023;713;;13216
06:02:08;713;1023;713;;13292
06:02:09;713;1023;713;;13240
06:02:09;713;1023;713;;13208
06:02:10;713;1023;713;;13236
06:02:10;713;1023;713;;13224
06:02:11;713;1023;713;;13240
06:02:11;713;1023;713;;7708
06:02:12;713;1023;713;;13312
06:02:12;713;1023;713;;13264
06:02:13;713;1023;713;;7676
06:02:13;713;1023;713;;13216
06:02:14;713;1023;713;;13216
06:02:14;713;1023;713;;13344
06:02:15;713;1023;713;;13240
06:02:15;713;1023;713;;7728
06:02:16;713;1023;713;;13188
06:02:16;713;1023;713;;13240
06:02:17;713;1023;713;;13188
06:02:17;713;1023;713;;13240
06:02:18;713;1023;713;;13244
06:02:18;713;1023;713;;7704
06:02:19;713;1023;713;;7780
06:02:19;713;1023;713;;7756
06:02:20;713;1023;713;;13236
06:02:20;713;1023;713;;13212
06:02:21;713;1023;713;;13240
06:02:21;713;1023;713;;13292
06:02:22;713;1023;713;;7832
06:02:22;713;1023;713;;13188
06:02:23;713;1023;713;;7684
06:02:23;713;1023;713;;13244
06:02:24;713;1023;713;;13288
06:02:24;713;1023;713;;7680
06:02:25;713;1023;713;;13292
06:02:25;713;1023;713;;13216
06:02:26;713;1023;713;;13188
06:02:26;713;1023;713;;7760
06:02:27;713;1023;713;;13212
06:02:27;713;1023;713;;13192
06:02:28;713;1023;713;;13320
06:02:28;713;1023;713;;13240
06:02:29;713;1023;713;;13268
06:02:29;713;1023;713;;7712
06:02:30;713;1023;713;;13244
06:02:30;713;1023;713;;7684
06:02:31;713;1023;713;;13216
06:02:31;713;1023;713;;13196
06:02:32;713;1023;713;;13220
06:02:33;713;1023;713;;13212
06:02:33;713;1023;713;;13192
06:02:34;713;1023;713;;13268
06:02:34;713;1023;713;;7780
06:02:35;713;1023;713;;13216
06:02:35;713;1023;713;;13264
06:02:36;713;1023;713;;7684
06:02:36;713;1023;713;;7732
06:02:37;713;1023;713;;13212
06:02:37;713;1023;713;;13216
06:02:38;713;1023;713;;7704
06:02:38;713;1023;713;;13212
06:02:39;713;1023;713;;13244
06:02:39;713;1023;713;;7784
06:02:40;713;1023;713;;13236
06:02:40;713;1023;713;;13212
06:02:41;713;1023;713;;13240
06:02:41;713;1023;713;;7804
06:02:42;713;1023;713;;7656
06:02:42;713;1023;713;;13240
06:02:43;713;1023;713;;13244
06:02:43;713;1023;713;;7736
06:02:44;713;1023;713;;13212
06:02:44;713;1023;713;;7680
06:02:45;713;1023;713;;13216
06:02:45;713;1023;713;;7656
06:02:46;713;1023;713;;13192
06:02:46;713;1023;713;;13192
06:02:47;713;1023;713;;13244
06:02:47;713;1023;713;;7704
06:02:48;713;1023;713;;13212
06:02:48;713;1023;713;;13216
06:02:49;713;1023;713;;13212
06:02:49;713;1023;713;;13292
06:02:50;713;1023;713;;13316
06:02:50;713;1023;713;;13264
06:02:51;713;1023;713;;13244
06:02:51;713;1023;713;;13220
06:02:52;713;1023;713;;13212
06:02:52;713;1023;713;;13216
06:02:53;713;1023;713;;13292
06:02:53;713;1023;713;;13216
06:02:54;713;1023;713;;13240
06:02:54;713;1023;713;;13240
06:02:55;713;1023;713;;13216
06:02:55;713;1023;713;;7688
06:02:56;713;1023;713;;13240
06:02:56;713;1023;713;;13292
06:02:57;713;1023;713;;13216
06:02:57;713;1023;713;;13248
06:02:58;713;1023;713;;13216
06:02:58;713;1023;713;;13216
06:02:59;713;1023;713;;13264
06:02:59;713;1023;713;;13212
06:03:00;713;1023;713;;13240
06:03:01;713;1023;713;;13292
06:03:01;713;1023;713;;13240
06:03:02;713;1023;713;;13188
06:03:02;713;1023;713;;13216
06:03:03;713;1023;713;;13216
06:03:03;713;1023;713;;13212
06:03:04;713;1023;713;;7676
06:03:04;713;1023;713;;13236
06:03:05;713;1023;713;;7788
06:03:05;713;1023;713;;7708
06:03:06;713;1023;713;;13216
06:03:06;713;1023;713;;13216
06:03:07;713;1023;713;;13240
06:03:07;713;1023;713;;13188
06:03:08;713;1023;713;;13288
06:03:08;713;1023;713;;13344
06:03:09;713;1023;713;;13216
06:03:09;713;1023;713;;13220
06:03:10;713;1023;713;;13240
06:03:10;713;1023;713;;13212
06:03:11;713;1023;713;;13244
06:03:11;713;1023;713;;7756
06:03:12;713;1023;713;;13188
06:03:12;713;1023;713;;13212
06:03:13;713;1023;713;;13244
06:03:13;713;1023;713;;13212
06:03:14;713;1023;713;;7732
06:03:14;713;1023;713;;7708
06:03:15;713;1023;713;;7656
06:03:15;713;1023;713;;13264
06:03:16;713;1023;713;;13240
06:03:16;713;1023;713;;13224
06:03:17;713;1023;713;;7684
06:03:17;713;1023;713;;7656
06:03:18;713;1023;713;;13236
06:03:18;713;1023;713;;7704
06:03:19;713;1023;713;;7876
06:03:19;713;1023;713;;13240
06:03:20;713;1023;713;;13292
06:03:20;713;1023;713;;7732
06:03:21;713;1023;713;;13216
06:03:21;713;1023;713;;13240
06:03:22;713;1023;713;;13240
06:03:22;713;1023;713;;13268
06:03:23;713;1023;713;;7676
06:03:23;713;1023;713;;13188
06:03:24;713;1023;713;;13272
06:03:24;713;1023;713;;13212
06:03:25;713;1023;713;;13212
06:03:25;713;1023;713;;7704
06:03:26;713;1023;713;;7732
06:03:26;713;1023;713;;13212
06:03:27;713;1023;713;;13212
06:03:27;713;1023;713;;7804
06:03:28;713;1023;713;;13188
06:03:29;713;1023;713;;7708
06:03:29;713;1023;713;;13216
06:03:30;713;1023;713;;13268
06:03:30;713;1023;713;;13240
06:03:31;713;1023;713;;13188
06:03:31;713;1023;713;;13216
06:03:32;713;1023;713;;13316
06:03:32;713;1023;713;;7728
06:03:33;713;1023;713;;13212
06:03:33;713;1023;713;;13188
06:03:34;713;1023;713;;13216
06:03:34;713;1023;713;;13292
06:03:35;713;1023;713;;13220
06:03:35;713;1023;713;;13216
06:03:36;713;1023;713;;13216
06:03:36;713;1023;713;;13292
06:03:37;713;1023;713;;13188
06:03:37;713;1023;713;;13220
06:03:38;713;1023;713;;7732
06:03:38;713;1023;713;;13220
06:03:39;713;1023;713;;13216
06:03:39;713;1023;713;;13236
06:03:40;713;1023;713;;7780
06:03:40;713;1023;713;;7756
06:03:41;713;1023;713;;13240
06:03:41;713;1023;713;;7828
06:03:42;713;1023;713;;7808
06:03:42;713;1023;713;;13216
06:03:43;713;1023;713;;13316
06:03:43;713;1023;713;;13316
06:03:44;713;1023;713;;13212
06:03:44;713;1023;713;;13208
06:03:45;713;1023;713;;13216
06:03:45;713;1023;713;;13240
06:03:46;713;1023;713;;7808
06:03:46;713;1023;713;;13248
06:03:47;713;1023;713;;7728
06:03:47;713;1023;713;;13188
06:03:48;713;1023;713;;13216
06:03:48;713;1023;713;;7704
06:03:49;713;1023;713;;13216
06:03:49;713;1023;713;;13192
06:03:50;713;1023;713;;7708
06:03:50;713;1023;713;;13216
06:03:51;713;1023;713;;13188
06:03:51;713;1023;713;;7808
06:03:52;713;1023;713;;13188
06:03:52;713;1023;713;;13212
06:03:53;713;1023;713;;13220
06:03:53;713;1023;713;;13188
06:03:54;713;1023;713;;13188
06:03:54;713;1023;713;;13220
06:03:55;713;1023;713;;13212
06:03:55;713;1023;713;;13212
06:03:56;713;1023;713;;7708
06:03:57;713;1023;713;;13228
06:03:57;713;1023;713;;7708
06:03:58;713;1023;713;;13216
06:03:58;713;1023;713;;13240
06:03:59;713;1023;713;;13188
06:03:59;713;1023;713;;13216
06:04:00;713;1023;713;;7680
06:04:00;713;1023;713;;13244
06:04:01;713;1023;713;;7760
06:04:01;713;1023;713;;7732
06:04:02;713;1023;713;;13288
06:04:02;713;1023;713;;13212
06:04:03;713;1023;713;;13244
06:04:03;713;1023;713;;7704
06:04:04;713;1023;713;;7688
06:04:04;713;1023;713;;7784
06:04:05;713;1023;713;;13240
06:04:05;713;1023;713;;13268
06:04:06;713;1023;713;;13240
06:04:06;713;1023;713;;13212
06:04:07;713;1023;713;;13244
06:04:07;713;1023;713;;13240
06:04:08;713;1023;713;;11916
06:04:08;713;1023;713;;13260
06:04:09;713;1023;713;;13216
06:04:09;713;1023;713;;13244
06:04:10;713;1023;713;;13188
06:04:10;713;1023;713;;7708
06:04:11;713;1023;713;;7756
06:04:11;713;1023;713;;13212
06:04:12;713;1023;713;;13188
06:04:12;713;1023;713;;7708
06:04:13;713;1023;713;;13216
06:04:13;713;1023;713;;13240
06:04:14;713;1023;713;;13320
06:04:14;713;1023;713;;13220
06:04:15;713;1023;713;;13244
06:04:15;713;1023;713;;7680
06:04:16;713;1023;713;;13224
06:04:16;713;1023;713;;13216
06:04:17;713;1023;713;;13212
06:04:17;713;1023;713;;13192
06:04:18;713;1023;713;;13244
06:04:18;713;1023;713;;13212
06:04:19;713;1023;713;;13212
06:04:19;713;1023;713;;13216
06:04:20;713;1023;713;;13264
06:04:20;713;1023;713;;13184
06:04:21;713;1023;713;;13244
06:04:21;713;1023;713;;7732
06:04:22;713;1023;713;;13216
06:04:22;713;1023;713;;13216
06:04:23;713;1023;713;;13236
06:04:23;713;1023;713;;13268
06:04:24;713;1023;713;;7680
06:04:25;713;1023;713;;13264
06:04:25;713;1023;713;;7728
06:04:26;713;1023;713;;13248
06:04:26;713;1023;713;;13212
06:04:27;713;1023;713;;13244
06:04:27;713;1023;713;;7684
06:04:28;713;1023;713;;13188
06:04:28;713;1023;713;;13216
06:04:29;713;1023;713;;7684
06:04:29;713;1023;713;;7704
06:04:30;713;1023;713;;13212
06:04:30;713;1023;713;;7780
06:04:31;713;1023;713;;13240
06:04:31;713;1023;713;;13212
06:04:32;713;1023;713;;13212
06:04:32;713;1023;713;;13216
06:04:33;713;1023;713;;13188
06:04:33;713;1023;713;;13188
06:04:34;713;1023;713;;7708
06:04:34;713;1023;713;;7704
06:04:35;713;1023;713;;13244
06:04:35;713;1023;713;;13216
06:04:36;713;1023;713;;13188
06:04:36;713;1023;713;;13188
06:04:37;713;1023;713;;13208
06:04:37;713;1023;713;;13240
06:04:38;713;1023;713;;13220
06:04:38;713;1023;713;;7804
06:04:39;713;1023;713;;13240
06:04:39;713;1023;713;;13188
06:04:40;713;1023;713;;7784
06:04:40;713;1023;713;;13236
06:04:41;713;1023;713;;13188
06:04:41;713;1023;713;;7680
06:04:42;713;1023;713;;13240
06:04:42;713;1023;713;;7704
06:04:43;713;1023;713;;13240
06:04:43;713;1023;713;;13216
06:04:44;713;1023;713;;7684
06:04:44;713;1023;713;;13212
06:04:45;713;1023;713;;13212
06:04:45;713;1023;713;;7732
06:04:46;713;1023;713;;13240
06:04:46;713;1023;713;;7708
06:04:47;713;1023;713;;13240
06:04:47;713;1023;713;;13212
06:04:48;713;1023;713;;13240
06:04:48;713;1023;713;;13240
06:04:49;713;1023;713;;13244
06:04:49;713;1023;713;;13240
06:04:50;713;1023;713;;13268
06:04:50;713;1023;713;;7832
06:04:51;713;1023;713;;13236
06:04:51;713;1023;713;;13216
06:04:52;713;1023;713;;7780
06:04:53;713;1023;713;;13264
06:04:53;713;1023;713;;13236
06:04:54;713;1023;713;;7688
06:04:54;713;1023;713;;13220
06:04:55;713;1023;713;;7684
06:04:55;713;1023;713;;13216
06:04:56;713;1023;713;;13244
06:04:56;713;1023;713;;13240
06:04:57;713;1023;713;;13216
06:04:57;713;1023;713;;13240
06:04:58;713;1023;713;;13208
06:04:58;713;1023;713;;13236
06:04:59;713;1023;713;;13292
06:04:59;713;1023;713;;13212
06:05:00;713;1023;713;;7732
06:05:00;713;1023;713;;7828
06:05:01;713;1023;713;;7760
06:05:01;713;1023;713;;13184
06:05:02;713;1023;713;;13216
06:05:02;713;1023;713;;7704
06:05:03;713;1023;713;;13244
06:05:03;713;1023;713;;13240
06:05:04;713;1023;713;;7760
06:05:04;713;1023;713;;13240
06:05:05;713;1023;713;;13244
06:05:05;713;1023;713;;13216
06:05:06;713;1023;713;;7756
06:05:06;713;1023;713;;13216
06:05:07;713;1023;713;;7780
06:05:07;713;1023;713;;13216
06:05:08;713;1023;713;;13264
06:05:08;713;1023;713;;13220
06:05:09;713;1023;713;;13216
06:05:09;713;1023;713;;13188
06:05:10;713;1023;713;;13240
06:05:10;713;1023;713;;13240
06:05:11;713;1023;713;;13212
06:05:11;713;1023;713;;13216
06:05:12;713;1023;713;;7752
06:05:12;713;1023;713;;13216
06:05:13;713;1023;713;;7680
06:05:13;713;1023;713;;7684
06:05:14;713;1023;713;;7732
06:05:14;713;1023;713;;13188
06:05:15;713;1023;713;;13240
06:05:15;713;1023;713;;7852
06:05:16;713;1023;713;;13212
06:05:16;713;1023;713;;13216
06:05:17;713;1023;713;;13240
06:05:17;713;1023;713;;7688
06:05:18;713;1023;713;;13240
06:05:18;713;1023;713;;13188
06:05:19;713;1023;713;;13220
06:05:19;713;1023;713;;7708
06:05:20;713;1023;713;;13216
06:05:20;713;1023;713;;13188
06:05:21;713;1023;713;;13192
06:05:22;713;1023;713;;7728
06:05:22;713;1023;713;;13220
06:05:23;713;1023;713;;13288
06:05:23;713;1023;713;;7688
06:05:24;713;1023;713;;13212
06:05:24;713;1023;713;;13192
06:05:25;713;1023;713;;7688
06:05:25;713;1023;713;;7804
06:05:26;713;1023;713;;13264
06:05:26;713;1023;713;;13240
06:05:27;713;1023;713;;13272
06:05:27;713;1023;713;;7712
06:05:28;713;1023;713;;7664
06:05:28;713;1023;713;;13292
06:05:29;713;1023;713;;13212
06:05:29;713;1023;713;;13216
06:05:30;713;1023;713;;13292
06:05:30;713;1023;713;;13212
06:05:31;713;1023;713;;7680
06:05:31;713;1023;713;;13216
06:05:32;713;1023;713;;13212
06:05:32;713;1023;713;;13240
06:05:33;713;1023;713;;13288
06:05:33;713;1023;713;;13240
06:05:34;713;1023;713;;7704
06:05:34;713;1023;713;;13216
06:05:35;713;1023;713;;13212
06:05:35;713;1023;713;;13240
06:05:36;713;1023;713;;7680
06:05:36;713;1023;713;;13216
06:05:37;713;1023;713;;13244
06:05:37;713;1023;713;;13208
06:05:38;713;1023;713;;7728
06:05:38;713;1023;713;;13184
06:05:39;713;1023;713;;13236
06:05:39;713;1023;713;;13220
06:05:40;713;1023;713;;13240
06:05:40;713;1023;713;;13268
06:05:41;713;1023;713;;13240
06:05:41;713;1023;713;;13244
06:05:42;713;1023;713;;13260
06:05:42;713;1023;713;;13212
06:05:43;713;1023;713;;13244
06:05:43;713;1023;713;;13188
06:05:44;713;1023;713;;13196
06:05:44;713;1023;713;;7704
06:05:45;713;1023;713;;7728
06:05:45;713;1023;713;;7756
06:05:46;713;1023;713;;13216
06:05:46;713;1023;713;;13212
06:05:47;713;1023;713;;13236
06:05:47;713;1023;713;;13236
06:05:48;713;1023;713;;13244
06:05:48;713;1023;713;;7760
06:05:49;713;1023;713;;13244
06:05:50;713;1023;713;;13244
06:05:50;713;1023;713;;13188
06:05:51;713;1023;713;;13216
06:05:51;713;1023;713;;7708
06:05:52;713;1023;713;;13248
06:05:52;713;1023;713;;13316
06:05:53;713;1023;713;;7732
06:05:53;713;1023;713;;11916
06:05:54;713;1023;713;;13216
06:05:54;713;1023;713;;13240
06:05:55;713;1023;713;;13264
06:05:55;713;1023;713;;13216
06:05:56;713;1023;713;;13188
06:05:56;713;1023;713;;13216
06:05:57;713;1023;713;;13216
06:05:57;713;1023;713;;7676
06:05:58;713;1023;713;;13212
06:05:58;713;1023;713;;13212
06:05:59;713;1023;713;;13212
06:05:59;713;1023;713;;13312
06:06:00;713;1023;713;;13316
06:06:00;713;1023;713;;13216
06:06:01;713;1023;713;;13212
06:06:01;713;1023;713;;13212
06:06:02;713;1023;713;;13240
06:06:02;713;1023;713;;7756
06:06:03;713;1023;713;;7732
06:06:03;713;1023;713;;13216
06:06:04;713;1023;713;;13216
06:06:04;713;1023;713;;13192
06:06:05;713;1023;713;;13212
06:06:05;713;1023;713;;13240
06:06:06;713;1023;713;;13240
06:06:06;713;1023;713;;13220
06:06:07;713;1023;713;;13184
06:06:07;713;1023;713;;13244
06:06:08;713;1023;713;;13240
06:06:08;713;1023;713;;7732
06:06:09;713;1023;713;;13248
06:06:09;713;1023;713;;13292
06:06:10;713;1023;713;;13264
06:06:10;713;1023;713;;13216
06:06:11;713;1023;713;;13188
06:06:11;713;1023;713;;13240
06:06:12;713;1023;713;;13216
06:06:12;713;1023;713;;13216
06:06:13;713;1023;713;;13240
06:06:13;713;1023;713;;7704
06:06:14;713;1023;713;;13236
06:06:14;713;1023;713;;13236
06:06:15;713;1023;713;;13248
06:06:16;713;1023;713;;13212
06:06:16;713;1023;713;;13240
06:06:17;713;1023;713;;13216
06:06:17;713;1023;713;;13216
06:06:18;713;1023;713;;7756
06:06:18;713;1023;713;;13212
06:06:19;713;1023;713;;7804
06:06:19;713;1023;713;;7728
06:06:20;713;1023;713;;13192
06:06:20;713;1023;713;;13220
06:06:21;713;1023;713;;13212
06:06:21;713;1023;713;;13188
06:06:22;713;1023;713;;13244
06:06:22;713;1023;713;;13240
06:06:23;713;1023;713;;13248
06:06:23;713;1023;713;;7708
06:06:24;713;1023;713;;13216
06:06:24;713;1023;713;;13216
06:06:25;713;1023;713;;7780
06:06:25;713;1023;713;;7732
06:06:26;713;1023;713;;7804
06:06:26;713;1023;713;;13192
06:06:27;713;1023;713;;13216
06:06:27;713;1023;713;;13216
06:06:28;713;1023;713;;13244
06:06:28;713;1023;713;;7728
06:06:29;713;1023;713;;13188
06:06:29;713;1023;713;;13212
06:06:30;713;1023;713;;13240
06:06:30;713;1023;713;;7680
06:06:31;713;1023;713;;13240
06:06:31;713;1023;713;;7708
06:06:32;713;1023;713;;13268
06:06:32;713;1023;713;;7732
06:06:33;713;1023;713;;7708
06:06:33;713;1023;713;;7728
06:06:34;713;1023;713;;7656
06:06:34;713;1023;713;;7684
06:06:35;713;1023;713;;13240
06:06:35;713;1023;713;;13192
06:06:36;713;1023;713;;7680
06:06:36;713;1023;713;;13216
06:06:37;713;1023;713;;13340
06:06:37;713;1023;713;;13264
06:06:38;713;1023;713;;13244
06:06:38;713;1023;713;;13220
06:06:39;713;1023;713;;13292
06:06:39;713;1023;713;;13268
06:06:40;713;1023;713;;13212
06:06:40;713;1023;713;;13220
06:06:41;713;1023;713;;7656
06:06:41;713;1023;713;;13240
06:06:42;713;1023;713;;13244
06:06:42;713;1023;713;;13236
06:06:43;713;1023;713;;13312
06:06:43;713;1023;713;;13240
06:06:44;713;1023;713;;13236
06:06:45;713;1023;713;;7804
06:06:45;713;1023;713;;13212
06:06:46;713;1023;713;;13244
06:06:46;713;1023;713;;13236
06:06:47;713;1023;713;;13216
06:06:47;713;1023;713;;7688
06:06:48;713;1023;713;;13240
06:06:48;713;1023;713;;13240
06:06:49;713;1023;713;;13344
06:06:49;713;1023;713;;7828
06:06:50;713;1023;713;;13216
06:06:50;713;1023;713;;7712
06:06:51;713;1023;713;;13252
06:06:51;713;1023;713;;7704
06:06:52;713;1023;713;;13240
06:06:52;713;1023;713;;13264
06:06:53;713;1023;713;;7704
06:06:53;713;1023;713;;7756
06:06:54;713;1023;713;;13264
06:06:54;713;1023;713;;13236
06:06:55;713;1023;713;;13240
06:06:55;713;1023;713;;7784
06:06:56;713;1023;713;;13188
06:06:56;713;1023;713;;13212
06:06:57;713;1023;713;;13216
06:06:57;713;1023;713;;7828
06:06:58;713;1023;713;;7780
06:06:58;713;1023;713;;13216
06:06:59;713;1023;713;;13212
06:06:59;713;1023;713;;13212
06:07:00;713;1023;713;;13268
06:07:00;713;1023;713;;13236
06:07:01;713;1023;713;;13212
06:07:01;713;1023;713;;13216
06:07:02;713;1023;713;;13188
06:07:02;713;1023;713;;7728
06:07:03;713;1023;713;;13188
06:07:03;713;1023;713;;13216
06:07:04;713;1023;713;;13264
06:07:04;713;1023;713;;13188
06:07:05;713;1023;713;;13240
06:07:05;713;1023;713;;13244
06:07:06;713;1023;713;;13292
06:07:06;713;1023;713;;13316
06:07:07;713;1023;713;;13216
06:07:07;713;1023;713;;13192
06:07:08;713;1023;713;;13316
06:07:08;713;1023;713;;7756
06:07:09;713;1023;713;;7728
06:07:09;713;1023;713;;7760
06:07:10;713;1023;713;;13240
06:07:10;713;1023;713;;13240
06:07:11;713;1023;713;;13240
06:07:11;713;1023;713;;13268
06:07:12;713;1023;713;;13240
06:07:13;713;1023;713;;13216
06:07:13;713;1023;713;;13240
06:07:14;713;1023;713;;13216
06:07:14;713;1023;713;;13188
06:07:15;713;1023;713;;13244
06:07:15;713;1023;713;;13244
06:07:16;713;1023;713;;13192
06:07:16;713;1023;713;;13212
06:07:17;713;1023;713;;7756
06:07:17;713;1023;713;;13212
06:07:18;713;1023;713;;13240
06:07:18;713;1023;713;;7680
06:07:19;713;1023;713;;13216
06:07:19;713;1023;713;;13240
06:07:20;713;1023;713;;13216
06:07:20;713;1023;713;;13188
06:07:21;713;1023;713;;13216
06:07:21;713;1023;713;;13244
06:07:22;713;1023;713;;7660
06:07:22;713;1023;713;;7760
06:07:23;713;1023;713;;13212
06:07:23;713;1023;713;;7708
06:07:24;713;1023;713;;7708
06:07:24;713;1023;713;;13264
06:07:25;713;1023;713;;13212
06:07:25;713;1023;713;;13292
06:07:26;713;1023;713;;7736
06:07:26;713;1023;713;;13188
06:07:27;713;1023;713;;13212
06:07:27;713;1023;713;;13264
06:07:28;713;1023;713;;7708
06:07:28;713;1023;713;;13272
06:07:29;713;1023;713;;13244
06:07:29;713;1023;713;;13216
06:07:30;713;1023;713;;13236
06:07:30;713;1023;713;;13192
06:07:31;713;1023;713;;13240
06:07:31;713;1023;713;;13188
06:07:32;713;1023;713;;13316
06:07:32;713;1023;713;;7784
06:07:33;713;1023;713;;13316
06:07:33;713;1023;713;;13212
06:07:34;713;1023;713;;13216
06:07:34;713;1023;713;;13212
06:07:35;713;1023;713;;13216
06:07:35;713;1023;713;;13264
06:07:36;713;1023;713;;13216
06:07:36;713;1023;713;;13212
06:07:37;713;1023;713;;13212
06:07:37;713;1023;713;;13236
06:07:38;713;1023;713;;7732
06:07:38;713;1023;713;;7708
06:07:39;713;1023;713;;13216
06:07:39;713;1023;713;;13216
06:07:40;713;1023;713;;13212
06:07:41;713;1023;713;;13240
06:07:41;713;1023;713;;13244
06:07:42;713;1023;713;;13212
06:07:42;713;1023;713;;13268
06:07:43;713;1023;713;;13212
06:07:43;713;1023;713;;13192
06:07:44;713;1023;713;;13220
06:07:44;713;1023;713;;13216
06:07:45;713;1023;713;;13264
06:07:45;713;1023;713;;7784
06:07:46;713;1023;713;;13212
06:07:46;713;1023;713;;13240
06:07:47;713;1023;713;;7708
06:07:47;713;1023;713;;7732
06:07:48;713;1023;713;;13220
06:07:48;713;1023;713;;13240
06:07:49;713;1023;713;;13220
06:07:49;713;1023;713;;13216
06:07:50;713;1023;713;;13192
06:07:50;713;1023;713;;13264
06:07:51;713;1023;713;;13244
06:07:51;713;1023;713;;7680
06:07:52;713;1023;713;;13216
06:07:52;713;1023;713;;13216
06:07:53;713;1023;713;;13184
06:07:53;713;1023;713;;13212
06:07:54;713;1023;713;;13240
06:07:54;713;1023;713;;13216
06:07:55;713;1023;713;;7736
06:07:55;713;1023;713;;13184
06:07:56;713;1023;713;;13216
06:07:56;713;1023;713;;7732
06:07:57;713;1023;713;;7708
06:07:57;713;1023;713;;13268
06:07:58;713;1023;713;;13212
06:07:58;713;1023;713;;13240
06:07:59;713;1023;713;;13216
06:07:59;713;1023;713;;13216
06:08:00;713;1023;713;;13236
06:08:00;713;1023;713;;13216
06:08:01;713;1023;713;;13188
06:08:01;713;1023;713;;13192
06:08:02;713;1023;713;;13216
06:08:02;713;1023;713;;13188
06:08:03;713;1023;713;;13240
06:08:03;713;1023;713;;13220
06:08:04;713;1023;713;;7780
06:08:04;713;1023;713;;13212
06:08:05;713;1023;713;;13220
06:08:05;713;1023;713;;13240
06:08:06;713;1023;713;;13212
06:08:06;713;1023;713;;13312
06:08:07;713;1023;713;;13240
06:08:08;713;1023;713;;7828
06:08:08;713;1023;713;;13244
06:08:09;713;1023;713;;13216
06:08:09;713;1023;713;;13212
06:08:10;713;1023;713;;13240
06:08:10;713;1023;713;;13264
06:08:11;713;1023;713;;13216
06:08:11;713;1023;713;;7732
06:08:12;713;1023;713;;13216
06:08:12;713;1023;713;;13216
06:08:13;713;1023;713;;13348
06:08:13;713;1023;713;;13216
06:08:14;713;1023;713;;13264
06:08:14;713;1023;713;;13216
06:08:15;713;1023;713;;11856
06:08:15;713;1023;713;;7736
06:08:16;713;1023;713;;13240
06:08:16;713;1023;713;;7704
06:08:17;713;1023;713;;13212
06:08:17;713;1023;713;;13216
06:08:18;713;1023;713;;13240
06:08:18;713;1023;713;;13216
06:08:19;713;1023;713;;13192
06:08:19;713;1023;713;;7808
06:08:20;713;1023;713;;7752
06:08:20;713;1023;713;;13212
06:08:21;713;1023;713;;13292
06:08:21;713;1023;713;;13216
06:08:22;713;1023;713;;13236
06:08:22;713;1023;713;;7728
06:08:23;713;1023;713;;7704
06:08:23;713;1023;713;;13216
06:08:24;713;1023;713;;13296
06:08:24;713;1023;713;;13240
06:08:25;713;1023;713;;13212
06:08:25;713;1023;713;;13188
06:08:26;713;1023;713;;13216
06:08:26;713;1023;713;;7828
06:08:27;713;1023;713;;13212
06:08:27;713;1023;713;;7780
06:08:28;713;1023;713;;7832
06:08:28;713;1023;713;;13240
06:08:29;713;1023;713;;13268
06:08:29;713;1023;713;;13188
06:08:30;713;1023;713;;13216
06:08:30;713;1023;713;;13212
06:08:31;713;1023;713;;13216
06:08:31;713;1023;713;;7728
06:08:32;713;1023;713;;13216
06:08:32;713;1023;713;;13240
06:08:33;713;1023;713;;13268
06:08:33;713;1023;713;;13212
06:08:34;713;1023;713;;13264
06:08:34;713;1023;713;;7752
06:08:35;713;1023;713;;13268
06:08:36;713;1023;713;;13264
06:08:36;713;1023;713;;7756
06:08:37;713;1023;713;;13188
06:08:37;713;1023;713;;13220
06:08:38;713;1023;713;;13240
06:08:38;713;1023;713;;7676
06:08:39;713;1023;713;;13216
06:08:39;713;1023;713;;13240
06:08:40;713;1023;713;;7680
06:08:40;713;1023;713;;13216
06:08:41;713;1023;713;;13216
06:08:41;713;1023;713;;7732
06:08:42;713;1023;713;;7732
06:08:42;713;1023;713;;13192
06:08:43;713;1023;713;;13216
06:08:43;713;1023;713;;7680
06:08:44;713;1023;713;;13188
06:08:44;713;1023;713;;13240
06:08:45;713;1023;713;;13216
06:08:45;713;1023;713;;13188
06:08:46;713;1023;713;;13212
06:08:46;713;1023;713;;13244
06:08:47;713;1023;713;;13240
06:08:47;713;1023;713;;13268
06:08:48;713;1023;713;;7732
06:08:48;713;1023;713;;13240
06:08:49;713;1023;713;;13240
06:08:49;713;1023;713;;13212
06:08:50;713;1023;713;;13216
06:08:50;713;1023;713;;7684
06:08:51;713;1023;713;;13216
06:08:51;713;1023;713;;13248
06:08:52;713;1023;713;;13192
06:08:52;713;1023;713;;7732
06:08:53;713;1023;713;;7780
06:08:53;713;1023;713;;13264
06:08:54;713;1023;713;;7828
06:08:54;713;1023;713;;7704
06:08:55;713;1023;713;;7784
06:08:55;713;1023;713;;13264
06:08:56;713;1023;713;;13216
06:08:56;713;1023;713;;13240
06:08:57;713;1023;713;;7736
06:08:57;713;1023;713;;13188
06:08:58;713;1023;713;;13288
06:08:58;713;1023;713;;7732
06:08:59;713;1023;713;;7732
06:08:59;713;1023;713;;7784
06:09:00;713;1023;713;;13240
06:09:00;713;1023;713;;13216
06:09:01;713;1023;713;;13240
06:09:01;713;1023;713;;13220
06:09:02;713;1023;713;;13188
06:09:02;713;1023;713;;13216
06:09:03;713;1023;713;;13324
06:09:04;713;1023;713;;7760
06:09:04;713;1023;713;;13268
06:09:05;713;1023;713;;13220
06:09:05;713;1023;713;;13368
06:09:06;713;1023;713;;13216
06:09:06;713;1023;713;;13240
06:09:07;713;1023;713;;13240
06:09:07;713;1023;713;;13212
06:09:08;713;1023;713;;13244
06:09:08;713;1023;713;;13216
06:09:09;713;1023;713;;13312
06:09:09;713;1023;713;;13216
06:09:10;713;1023;713;;13268
06:09:10;713;1023;713;;13240
06:09:11;713;1023;713;;13216
06:09:11;713;1023;713;;13292
06:09:12;713;1023;713;;7636
06:09:12;713;1023;713;;13240
06:09:13;713;1023;713;;13220
06:09:13;713;1023;713;;13188
06:09:14;713;1023;713;;13216
06:09:14;713;1023;713;;7708
06:09:15;713;1023;713;;13216
06:09:15;713;1023;713;;13216
06:09:16;713;1023;713;;7736
06:09:16;713;1023;713;;13192
06:09:17;713;1023;713;;13240
06:09:17;713;1023;713;;13224
06:09:18;713;1023;713;;13216
06:09:18;713;1023;713;;13244
06:09:19;713;1023;713;;7828
06:09:19;713;1023;713;;7708
06:09:20;713;1023;713;;7756
06:09:20;713;1023;713;;13220
06:09:21;713;1023;713;;13324
06:09:21;713;1023;713;;7660
06:09:22;713;1023;713;;13216
06:09:22;713;1023;713;;13216
06:09:23;713;1023;713;;13192
06:09:23;713;1023;713;;13240
06:09:24;713;1023;713;;7792
06:09:24;713;1023;713;;7708
06:09:25;713;1023;713;;13216
06:09:25;713;1023;713;;13212
06:09:26;713;1023;713;;13212
06:09:26;713;1023;713;;13220
06:09:27;713;1023;713;;13212
06:09:27;713;1023;713;;13188
06:09:28;713;1023;713;;13188
06:09:28;713;1023;713;;7680
06:09:29;713;1023;713;;7708
06:09:29;713;1023;713;;13268
06:09:30;713;1023;713;;13268
06:09:30;713;1023;713;;13240
06:09:31;713;1023;713;;7736
06:09:32;713;1023;713;;7656
06:09:32;713;1023;713;;13220
06:09:33;713;1023;713;;7780
06:09:33;713;1023;713;;13188
06:09:34;713;1023;713;;13216
06:09:34;713;1023;713;;7704
06:09:35;713;1023;713;;13188
06:09:35;713;1023;713;;13240
06:09:36;713;1023;713;;13212
06:09:36;713;1023;713;;7752
06:09:37;713;1023;713;;7780
06:09:37;713;1023;713;;13216
06:09:38;713;1023;713;;13216
06:09:38;713;1023;713;;13348
06:09:39;713;1023;713;;13240
06:09:39;713;1023;713;;7704
06:09:40;713;1023;713;;13216
06:09:40;713;1023;713;;7780
06:09:41;713;1023;713;;13220
06:09:41;713;1023;713;;13240
06:09:42;713;1023;713;;13236
06:09:42;713;1023;713;;13240
06:09:43;713;1023;713;;7756
06:09:43;713;1023;713;;13188
06:09:44;713;1023;713;;7732
06:09:44;713;1023;713;;13192
06:09:45;713;1023;713;;13236
06:09:45;713;1023;713;;13216
06:09:46;713;1023;713;;13288
06:09:46;713;1023;713;;13244
06:09:47;713;1023;713;;13244
06:09:47;713;1023;713;;13188
06:09:48;713;1023;713;;7808
06:09:48;713;1023;713;;7732
06:09:49;713;1023;713;;13216
06:09:49;713;1023;713;;13216
06:09:50;713;1023;713;;13220
06:09:50;713;1023;713;;7704
06:09:51;713;1023;713;;13244
06:09:51;713;1023;713;;13212
06:09:52;713;1023;713;;13188
06:09:52;713;1023;713;;13248
06:09:53;713;1023;713;;13244
06:09:53;713;1023;713;;7680
06:09:54;713;1023;713;;13208
06:09:54;713;1023;713;;13220
06:09:55;713;1023;713;;13216
06:09:55;713;1023;713;;13220
06:09:56;713;1023;713;;7708
06:09:56;713;1023;713;;7704
06:09:57;713;1023;713;;13216
06:09:57;713;1023;713;;13316
06:09:58;713;1023;713;;13216
06:09:58;713;1023;713;;13212
06:09:59;713;1023;713;;7680
06:09:59;713;1023;713;;13192
06:10:00;713;1023;713;;7728
06:10:01;713;1023;713;;13240
06:10:01;713;1023;713;;13244
06:10:02;713;1023;713;;13288
06:10:02;713;1023;713;;13216
06:10:03;713;1023;713;;13188
06:10:03;713;1023;713;;13188
06:10:04;713;1023;713;;7780
06:10:04;713;1023;713;;13220
06:10:05;713;1023;713;;13240
06:10:05;713;1023;713;;13292
06:10:06;713;1023;713;;13240
06:10:06;713;1023;713;;13188
06:10:07;713;1023;713;;13240
06:10:07;713;1023;713;;7684
06:10:08;713;1023;713;;13240
06:10:08;713;1023;713;;13212
06:10:09;713;1023;713;;13240
06:10:09;713;1023;713;;13264
06:10:10;713;1023;713;;13192
06:10:10;713;1023;713;;7680
06:10:11;713;1023;713;;13216
06:10:11;713;1023;713;;7704
06:10:12;713;1023;713;;7780
06:10:12;713;1023;713;;7756
06:10:13;713;1023;713;;13212
06:10:13;713;1023;713;;7732
06:10:14;713;1023;713;;7660
06:10:14;713;1023;713;;13216
06:10:15;714;1023;713;;13216
06:10:15;714;1023;713;;13240
06:10:16;713;1023;713;;13212
06:10:16;713;1023;713;;13216
06:10:17;713;1023;713;;13216
06:10:17;713;1023;713;;13244
06:10:18;713;1023;713;;7688
06:10:18;713;1023;713;;13188
06:10:19;713;1023;713;;13188
06:10:19;713;1023;713;;7708
06:10:20;713;1023;713;;7760
06:10:20;713;1023;713;;13264
06:10:21;713;1023;713;;13220
06:10:21;713;1023;713;;13212
06:10:22;713;1023;713;;13240
06:10:22;713;1023;713;;13220
06:10:23;714;1023;713;;13192
06:10:23;714;1023;713;;13244
06:10:24;713;1023;713;;13216
06:10:24;713;1023;713;;13220
06:10:25;713;1023;713;;13216
06:10:25;713;1023;713;;13216
06:10:26;713;1023;713;;13216
06:10:26;713;1023;713;;13212
06:10:27;713;1023;713;;13184
06:10:28;713;1023;713;;13292
06:10:28;713;1023;713;;7808
06:10:29;713;1023;713;;13216
06:10:29;713;1023;713;;13188
06:10:30;713;1023;713;;7760
06:10:30;713;1023;713;;13188
06:10:31;713;1023;713;;13216
06:10:31;713;1023;713;;13216
06:10:32;713;1023;713;;13216
06:10:32;713;1023;713;;13212
06:10:33;713;1023;713;;7780
06:10:33;713;1023;713;;13216
06:10:34;713;1023;713;;13192
06:10:34;713;1023;713;;13188
06:10:35;713;1023;713;;13220
06:10:35;713;1023;713;;7780
06:10:36;713;1023;713;;13268
06:10:36;713;1023;713;;13196
06:10:37;713;1023;713;;13216
06:10:37;713;1023;713;;13188
06:10:38;714;1023;713;;7728
06:10:38;714;1023;713;;7680
06:10:39;713;1023;713;;13212
06:10:39;713;1023;713;;13216
06:10:40;713;1023;713;;13216
06:10:40;713;1023;713;;13216
06:10:41;713;1023;713;;7728
06:10:41;713;1023;713;;13272
06:10:42;713;1023;713;;13216
06:10:42;713;1023;713;;13192
06:10:43;713;1023;713;;13216
06:10:43;713;1023;713;;13212
06:10:44;713;1023;713;;13212
06:10:44;713;1023;713;;13216
06:10:45;713;1023;713;;7804
06:10:45;713;1023;713;;7628
06:10:46;714;1023;713;;7804
06:10:46;714;1023;713;;13220
06:10:47;713;1023;713;;7728
06:10:47;713;1023;713;;13268
06:10:48;714;1023;713;;13216
06:10:48;714;1023;713;;13248
06:10:49;713;1023;713;;13212
06:10:49;713;1023;713;;13212
06:10:50;714;1023;713;;13216
06:10:50;714;1023;713;;13272
06:10:51;713;1023;713;;7728
06:10:51;713;1023;713;;13216
06:10:52;714;1023;713;;13272
06:10:52;714;1023;713;;13216
06:10:53;713;1023;713;;7756
06:10:53;713;1023;713;;13240
06:10:54;714;1023;713;;13240
06:10:54;714;1023;713;;13264
06:10:55;714;1023;713;;7656
06:10:56;714;1023;713;;13216
06:10:56;714;1023;713;;13240
06:10:57;714;1023;713;;13264
06:10:57;714;1023;713;;13240
06:10:58;713;1023;713;;13240
06:10:58;713;1023;713;;7708
06:10:59;713;1023;713;;13264
06:10:59;713;1023;713;;13240
06:11:00;713;1023;713;;13188
06:11:00;713;1023;713;;13244
06:11:01;714;1023;713;;13268
06:11:01;714;1023;713;;13212
06:11:02;713;1023;713;;13184
06:11:02;713;1023;713;;13188
06:11:03;714;1023;713;;13268
06:11:03;714;1023;713;;13292
06:11:04;714;1023;713;;13216
06:11:04;714;1023;713;;7756
06:11:05;714;1023;713;;7732
06:11:05;714;1023;713;;13188
06:11:06;713;1023;713;;13340
06:11:06;713;1023;713;;13188
06:11:07;714;1023;713;;13212
06:11:07;714;1023;713;;7756
06:11:08;714;1023;713;;7808
06:11:08;714;1023;713;;13296
06:11:09;714;1023;713;;13268
06:11:09;714;1023;713;;13216
06:11:10;714;1023;713;;13236
06:11:10;714;1023;713;;13212
06:11:11;714;1023;713;;7780
06:11:11;714;1023;713;;13188
06:11:12;713;1023;713;;13192
06:11:12;713;1023;713;;13216
06:11:13;713;1023;713;;13240
06:11:13;713;1023;713;;13240
06:11:14;713;1023;713;;13272
06:11:14;713;1023;713;;13288
06:11:15;713;1023;713;;7704
06:11:15;713;1023;713;;13268
06:11:16;714;1023;713;;13216
06:11:16;714;1023;713;;7756
06:11:17;714;1023;713;;13216
06:11:17;714;1023;713;;13188
06:11:18;713;1023;713;;13244
06:11:18;713;1023;713;;13188
06:11:19;714;1023;713;;7784
06:11:19;714;1023;713;;7708
06:11:20;714;1023;713;;13216
06:11:20;714;1023;713;;13292
06:11:21;714;1023;713;;13212
06:11:21;714;1023;713;;13216
06:11:22;714;1023;713;;7756
06:11:22;714;1023;713;;7688
06:11:23;714;1023;713;;13216
06:11:24;713;1023;713;;13196
06:11:24;713;1023;713;;13268
06:11:25;714;1023;713;;13216
06:11:25;714;1023;713;;7804
06:11:26;713;1023;713;;13220
06:11:26;713;1023;713;;13220
06:11:27;713;1023;713;;13216
06:11:27;713;1023;713;;7684
06:11:28;713;1023;713;;13236
06:11:28;713;1023;713;;13240
06:11:29;713;1023;713;;13272
06:11:29;713;1023;713;;7660
06:11:30;713;1023;713;;13244
06:11:30;713;1023;713;;7728
06:11:31;713;1023;713;;13240
06:11:31;713;1023;713;;13244
06:11:32;713;1023;713;;7732
06:11:32;713;1023;713;;13216
06:11:33;713;1023;713;;13220
06:11:33;713;1023;713;;13244
06:11:34;714;1023;713;;7680
06:11:34;714;1023;713;;13272
06:11:35;713;1023;713;;13220
06:11:35;713;1023;713;;7784
06:11:36;713;1023;713;;13192
06:11:36;713;1023;713;;13216
06:11:37;714;1023;713;;7660
06:11:37;714;1023;713;;13244
06:11:38;714;1023;713;;13248
06:11:38;714;1023;713;;7728
06:11:39;714;1023;713;;7680
06:11:39;714;1023;713;;7704
06:11:40;714;1023;713;;7808
06:11:40;714;1023;713;;13216
06:11:41;714;1023;713;;13228
06:11:41;714;1023;713;;13216
06:11:42;713;1023;713;;7660
06:11:42;713;1023;713;;7680
06:11:43;714;1023;713;;7708
06:11:43;714;1023;713;;7756
06:11:44;713;1023;713;;7684
06:11:44;713;1023;713;;13292
06:11:45;713;1023;713;;7756
06:11:45;713;1023;713;;13188
06:11:46;713;1023;713;;13212
06:11:46;713;1023;713;;13216
06:11:47;713;1023;713;;13192
06:11:47;713;1023;713;;7780
06:11:48;713;1023;713;;13212
06:11:48;713;1023;713;;13236
06:11:49;713;1023;713;;13236
06:11:49;713;1023;713;;13212
06:11:50;713;1023;713;;13216
06:11:50;713;1023;713;;13272
06:11:51;713;1023;713;;13216
06:11:51;713;1023;713;;13316
06:11:52;713;1023;713;;7736
06:11:52;713;1023;713;;7680
06:11:53;713;1023;713;;7708
06:11:54;713;1023;713;;7852
06:11:54;713;1023;713;;13212
06:11:55;713;1023;713;;13268
06:11:55;713;1023;713;;7832
06:11:56;713;1023;713;;7684
06:11:56;713;1023;713;;7708
06:11:57;713;1023;713;;13224
06:11:57;713;1023;713;;13216
06:11:58;713;1023;713;;13188
06:11:58;713;1023;713;;13216
06:11:59;713;1023;713;;7828
06:11:59;713;1023;713;;13216
06:12:00;713;1023;713;;13216
06:12:00;713;1023;713;;13268
06:12:01;713;1023;713;;13216
06:12:01;713;1023;713;;13188
06:12:02;713;1023;713;;7756
06:12:02;713;1023;713;;7656
06:12:03;713;1023;713;;13240
06:12:03;713;1023;713;;13212
06:12:04;713;1023;713;;7756
06:12:04;713;1023;713;;7668
06:12:05;713;1023;713;;13216
06:12:05;713;1023;713;;13240
06:12:06;713;1023;713;;13216
06:12:06;713;1023;713;;13240
06:12:07;713;1023;713;;7780
06:12:07;713;1023;713;;7804
06:12:08;713;1023;713;;13220
06:12:08;713;1023;713;;13240
06:12:09;713;1023;713;;13188
06:12:09;713;1023;713;;13240
06:12:10;713;1023;713;;13240
06:12:10;713;1023;713;;13272
06:12:11;713;1023;713;;13236
06:12:11;713;1023;713;;7704
06:12:12;713;1023;713;;13216
06:12:12;713;1023;713;;13292
06:12:13;713;1023;713;;13216
06:12:13;713;1023;713;;13216
06:12:14;713;1023;713;;13216
06:12:14;713;1023;713;;13188
06:12:15;713;1023;713;;7732
06:12:15;713;1023;713;;13244
06:12:16;713;1023;713;;13316
06:12:16;713;1023;713;;13220
06:12:17;713;1023;713;;13192
06:12:17;713;1023;713;;13216
06:12:18;713;1023;713;;7660
06:12:18;713;1023;713;;13216
06:12:19;713;1023;713;;13188
06:12:19;713;1023;713;;13216
06:12:20;713;1023;713;;13216
06:12:20;713;1023;713;;7688
06:12:21;713;1023;713;;13220
06:12:22;713;1023;713;;13212
06:12:22;713;1023;713;;13212
06:12:23;713;1023;713;;13188
06:12:23;713;1023;713;;13188
06:12:24;713;1023;713;;13268
06:12:24;713;1023;713;;13216
06:12:25;713;1023;713;;13236
06:12:25;713;1023;713;;13244
06:12:26;713;1023;713;;13240
06:12:26;713;1023;713;;13216
06:12:27;713;1023;713;;7756
06:12:27;713;1023;713;;13240
06:12:28;713;1023;713;;13216
06:12:28;713;1023;713;;13216
06:12:29;713;1023;713;;13320
06:12:29;713;1023;713;;13216
06:12:30;713;1023;713;;13216
06:12:30;713;1023;713;;13216
06:12:31;713;1023;713;;13220
06:12:31;713;1023;713;;7708
06:12:32;713;1023;713;;13240
06:12:32;713;1023;713;;7688
06:12:33;713;1023;713;;7808
06:12:33;713;1023;713;;13240
06:12:34;713;1023;713;;13316
06:12:34;713;1023;713;;13216
06:12:35;713;1023;713;;7708
06:12:35;713;1023;713;;13212
06:12:36;713;1023;713;;13292
06:12:36;713;1023;713;;7780
06:12:37;713;1023;713;;13216
06:12:37;713;1023;713;;13188
06:12:38;713;1023;713;;13248
06:12:38;713;1023;713;;13292
06:12:39;713;1023;713;;13188
06:12:39;713;1023;713;;13240
06:12:40;713;1023;713;;7856
06:12:40;713;1023;713;;13216
06:12:41;713;1023;713;;7684
06:12:41;713;1023;713;;7732
06:12:42;713;1023;713;;13240
06:12:42;713;1023;713;;13188
06:12:43;713;1023;713;;13212
06:12:43;713;1023;713;;7732
06:12:44;713;1023;713;;13248
06:12:44;713;1023;713;;13240
06:12:45;713;1023;713;;7708
06:12:45;713;1023;713;;13212
06:12:46;713;1023;713;;13212
06:12:46;713;1023;713;;7708
06:12:47;713;1023;713;;13244
06:12:47;713;1023;713;;13292
06:12:48;714;1023;713;;7732
06:12:48;714;1023;713;;13268
06:12:49;713;1023;713;;13216
06:12:50;713;1023;713;;13216
06:12:50;713;1023;713;;13212
06:12:51;713;1023;713;;13244
06:12:51;713;1023;713;;11744
06:12:52;713;1023;713;;11868
06:12:52;713;1023;713;;13212
06:12:53;713;1023;713;;13244
06:12:53;713;1023;713;;7728
06:12:54;713;1023;713;;13244
06:12:54;713;1023;713;;7684
06:12:55;713;1023;713;;13192
06:12:55;713;1023;713;;7732
06:12:56;713;1023;713;;13212
06:12:56;713;1023;713;;7828
06:12:57;713;1023;713;;13216
06:12:57;713;1023;713;;7728
06:12:58;713;1023;713;;13212
06:12:58;713;1023;713;;13240
06:12:59;713;1023;713;;13212
06:12:59;713;1023;713;;13212
06:13:00;713;1023;713;;13236
06:13:00;713;1023;713;;13292
06:13:01;713;1023;713;;13264
06:13:01;713;1023;713;;13244
06:13:02;713;1023;713;;13212
06:13:02;713;1023;713;;13216
06:13:03;713;1023;713;;13196
06:13:03;713;1023;713;;13240
06:13:04;713;1023;713;;13240
06:13:04;713;1023;713;;7708
06:13:05;713;1023;713;;13268
06:13:05;713;1023;713;;13216
06:13:06;713;1023;713;;13188
06:13:06;713;1023;713;;13212
06:13:07;713;1023;713;;7788
06:13:07;713;1023;713;;13212
06:13:08;713;1023;713;;13216
06:13:08;713;1023;713;;7756
06:13:09;713;1023;713;;7756
06:13:09;713;1023;713;;7680
06:13:10;713;1023;713;;13244
06:13:10;713;1023;713;;13244
06:13:11;713;1023;713;;13268
06:13:11;713;1023;713;;13188
06:13:12;713;1023;713;;7828
06:13:12;713;1023;713;;7684
06:13:13;713;1023;713;;7704
06:13:13;713;1023;713;;13188
06:13:14;713;1023;713;;13224
06:13:14;713;1023;713;;7828
06:13:15;713;1023;713;;13216
06:13:15;713;1023;713;;13216
06:13:16;713;1023;713;;13268
06:13:16;713;1023;713;;13188
06:13:17;713;1023;713;;13216
06:13:18;713;1023;713;;13216
06:13:18;713;1023;713;;13272
06:13:19;713;1023;713;;7804
06:13:19;713;1023;713;;13212
06:13:20;713;1023;713;;13188
06:13:20;713;1023;713;;7708
06:13:21;713;1023;713;;13324
06:13:21;713;1023;713;;13216
06:13:22;713;1023;713;;7684
06:13:22;713;1023;713;;13240
06:13:23;713;1023;713;;13316
06:13:23;713;1023;713;;13292
06:13:24;713;1023;713;;13216
06:13:24;713;1023;713;;7708
06:13:25;713;1023;713;;13248
06:13:25;713;1023;713;;13272
06:13:26;713;1023;713;;7684
06:13:26;713;1023;713;;13292
06:13:27;713;1023;713;;7704
06:13:27;713;1023;713;;13244
06:13:28;713;1023;713;;7832
06:13:28;713;1023;713;;13244
06:13:29;713;1023;713;;7708
06:13:29;713;1023;713;;13216
06:13:30;713;1023;713;;13212
06:13:30;713;1023;713;;13240
06:13:31;713;1023;713;;13268
06:13:31;713;1023;713;;13236
06:13:32;713;1023;713;;7756
06:13:32;713;1023;713;;13240
06:13:33;713;1023;713;;11848
06:13:33;713;1023;713;;13212
06:13:34;713;1023;713;;7688
06:13:34;713;1023;713;;13292
06:13:35;713;1023;713;;7708
06:13:35;713;1023;713;;7780
06:13:36;713;1023;713;;7756
06:13:36;713;1023;713;;13216
06:13:37;713;1023;713;;7708
06:13:37;713;1023;713;;7856
06:13:38;713;1023;713;;13236
06:13:38;713;1023;713;;13268
06:13:39;713;1023;713;;13240
06:13:39;713;1023;713;;7808
06:13:40;713;1023;713;;13292
06:13:40;713;1023;713;;13240
06:13:41;713;1023;713;;13212
06:13:41;713;1023;713;;7708
06:13:42;713;1023;713;;13216
06:13:42;713;1023;713;;13188
06:13:43;713;1023;713;;13212
06:13:43;713;1023;713;;13192
06:13:44;713;1023;713;;13216
06:13:44;713;1023;713;;7784
06:13:45;713;1023;713;;13216
06:13:45;713;1023;713;;13192
06:13:46;713;1023;713;;13188
06:13:47;713;1023;713;;7780
06:13:47;713;1023;713;;13216
06:13:48;713;1023;713;;13240
06:13:48;713;1023;713;;7688
06:13:49;713;1023;713;;7804
06:13:49;713;1023;713;;13216
06:13:50;713;1023;713;;7680
06:13:50;713;1023;713;;13192
06:13:51;713;1023;713;;7736
06:13:51;713;1023;713;;7752
06:13:52;713;1023;713;;13216
06:13:52;713;1023;713;;13212
06:13:53;713;1023;713;;7780
06:13:53;713;1023;713;;13188
06:13:54;713;1023;713;;13188
06:13:54;713;1023;713;;13240
06:13:55;713;1023;713;;7660
06:13:55;713;1023;713;;13268
06:13:56;713;1023;713;;13216
06:13:56;713;1023;713;;13244
06:13:57;713;1023;713;;13216
06:13:57;713;1023;713;;13212
06:13:58;713;1023;713;;13240
06:13:58;713;1023;713;;13240
06:13:59;713;1023;713;;13268
06:13:59;713;1023;713;;13216
06:14:00;713;1023;713;;13212
06:14:00;713;1023;713;;13188
06:14:01;714;1023;713;;13240
06:14:01;714;1023;713;;13244
06:14:02;713;1023;713;;13316
06:14:02;713;1023;713;;13216
06:14:03;713;1023;713;;13268
06:14:03;713;1023;713;;13212
06:14:04;713;1023;713;;13212
06:14:04;713;1023;713;;13216
06:14:05;713;1023;713;;13268
06:14:05;713;1023;713;;13244
06:14:06;713;1023;713;;13192
06:14:06;713;1023;713;;13216
06:14:07;713;1023;713;;13216
06:14:07;713;1023;713;;13248
06:14:08;713;1023;713;;13216
06:14:08;713;1023;713;;7780
06:14:09;713;1023;713;;13288
06:14:09;713;1023;713;;13268
06:14:10;713;1023;713;;13292
06:14:10;713;1023;713;;13212
06:14:11;713;1023;713;;13216
06:14:11;713;1023;713;;13248
06:14:12;713;1023;713;;7784
06:14:12;713;1023;713;;13244
06:14:13;713;1023;713;;13220
06:14:14;713;1023;713;;13216
06:14:14;713;1023;713;;13216
06:14:15;714;1023;713;;7680
06:14:15;714;1023;713;;13188
06:14:16;713;1023;713;;13192
06:14:16;713;1023;713;;13192
06:14:17;713;1023;713;;13216
06:14:17;713;1023;713;;13224
06:14:18;714;1023;713;;13216
06:14:18;714;1023;713;;7680
06:14:19;714;1023;713;;7784
06:14:19;714;1023;713;;13216
06:14:20;713;1023;713;;13216
06:14:20;713;1023;713;;13216
06:14:21;713;1023;713;;13212
06:14:21;713;1023;713;;13216
06:14:22;713;1023;713;;7704
06:14:22;713;1023;713;;13216
06:14:23;713;1023;713;;13212
06:14:23;713;1023;713;;7704
06:14:24;713;1023;713;;7728
06:14:24;713;1023;713;;13220
06:14:25;713;1023;713;;13288
06:14:25;713;1023;713;;13248
06:14:26;713;1023;713;;13272
06:14:26;713;1023;713;;7780
06:14:27;713;1023;713;;13188
06:14:27;713;1023;713;;13268
06:14:28;713;1023;713;;7760
06:14:28;713;1023;713;;13216
06:14:29;713;1023;713;;13240
06:14:29;713;1023;713;;13216
06:14:30;713;1023;713;;13216
06:14:30;713;1023;713;;13216
06:14:31;713;1023;713;;13240
06:14:31;713;1023;713;;13240
06:14:32;713;1023;713;;7756
06:14:32;713;1023;713;;7832
06:14:33;713;1023;713;;7672
06:14:33;713;1023;713;;7828
06:14:34;713;1023;713;;7756
06:14:34;713;1023;713;;13212
06:14:35;713;1023;713;;13248
06:14:35;713;1023;713;;7684
06:14:36;713;1023;713;;7660
06:14:36;713;1023;713;;13220
06:14:37;713;1023;713;;13244
06:14:37;713;1023;713;;13212
06:14:38;713;1023;713;;13268
06:14:38;713;1023;713;;13216
06:14:39;713;1023;713;;7704
06:14:39;713;1023;713;;13216
06:14:40;713;1023;713;;7784
06:14:40;713;1023;713;;13192
06:14:41;713;1023;713;;7680
06:14:41;713;1023;713;;7704
06:14:42;713;1023;713;;7704
06:14:42;713;1023;713;;7708
06:14:43;713;1023;713;;7756
06:14:44;713;1023;713;;13192
06:14:44;713;1023;713;;13220
06:14:45;713;1023;713;;13240
06:14:45;713;1023;713;;7680
06:14:46;713;1023;713;;7684
06:14:46;713;1023;713;;13216
06:14:47;713;1023;713;;13244
06:14:47;713;1023;713;;13292
06:14:48;713;1023;713;;13220
06:14:48;713;1023;713;;7708
06:14:49;713;1023;713;;7784
06:14:49;713;1023;713;;13264
06:14:50;713;1023;713;;13220
06:14:50;713;1023;713;;13244
06:14:51;713;1023;713;;13244
06:14:51;713;1023;713;;13216
06:14:52;713;1023;713;;7732
06:14:52;713;1023;713;;13224
06:14:53;714;1023;713;;7708
06:14:53;714;1023;713;;13288
06:14:54;713;1023;713;;7756
06:14:54;713;1023;713;;13192
06:14:55;713;1023;713;;13244
06:14:55;713;1023;713;;13188
06:14:56;713;1023;713;;13212
06:14:56;713;1023;713;;13244
06:14:57;713;1023;713;;13240
06:14:57;713;1023;713;;13212
06:14:58;713;1023;713;;13240
06:14:58;713;1023;713;;13316
06:14:59;713;1023;713;;7756
06:14:59;713;1023;713;;13240
06:15:00;713;1023;713;;13292
06:15:00;713;1023;713;;13216
06:15:01;713;1023;713;;13216
06:15:01;713;1023;713;;13212
06:15:02;713;1023;713;;13216
06:15:02;713;1023;713;;13216
06:15:03;713;1023;713;;13264
06:15:03;713;1023;713;;7656
06:15:04;713;1023;713;;13216
06:15:04;713;1023;713;;7728
06:15:05;713;1023;713;;13216
06:15:05;713;1023;713;;7804
06:15:06;713;1023;713;;7732
06:15:06;713;1023;713;;7784
06:15:07;713;1023;713;;13216
06:15:07;713;1023;713;;13216
06:15:08;713;1023;713;;7788
06:15:08;713;1023;713;;13264
06:15:09;713;1023;713;;7712
06:15:09;713;1023;713;;13240
06:15:10;713;1023;713;;13240
06:15:10;713;1023;713;;7660
06:15:11;713;1023;713;;13240
06:15:12;713;1023;713;;13244
06:15:12;713;1023;713;;7704
06:15:13;713;1023;713;;13244
06:15:13;713;1023;713;;13240
06:15:14;713;1023;713;;13216
06:15:14;713;1023;713;;13240
06:15:15;713;1023;713;;7784
06:15:15;713;1023;713;;13268
06:15:16;713;1023;713;;7656
06:15:16;713;1023;713;;7660
06:15:17;713;1023;713;;7708
06:15:17;713;1023;713;;13216
06:15:18;713;1023;713;;13212
06:15:18;713;1023;713;;13224
06:15:19;713;1023;713;;13192
06:15:19;713;1023;713;;13188
06:15:20;714;1023;713;;13220
06:15:20;714;1023;713;;13212
06:15:21;713;1023;713;;13240
06:15:21;713;1023;713;;13272
06:15:22;714;1023;713;;13216
06:15:22;714;1023;713;;13244
06:15:23;714;1023;713;;13264
06:15:23;714;1023;713;;7760
06:15:24;713;1023;713;;13216
06:15:24;713;1023;713;;13240
06:15:25;713;1023;713;;7684
06:15:25;713;1023;713;;13192
06:15:26;713;1023;713;;7732
06:15:26;713;1023;713;;13220
06:15:27;713;1023;713;;13216
06:15:27;713;1023;713;;13192
06:15:28;713;1023;713;;13188
06:15:28;713;1023;713;;13264
06:15:29;713;1023;713;;13216
06:15:29;713;1023;713;;13240
06:15:30;713;1023;713;;7808
06:15:30;713;1023;713;;7756
06:15:31;713;1023;713;;13268
06:15:31;713;1023;713;;13220
06:15:32;713;1023;713;;13216
06:15:32;713;1023;713;;13244
06:15:33;713;1023;713;;13244
06:15:33;713;1023;713;;7736
06:15:34;713;1023;713;;13240
06:15:34;713;1023;713;;13316
06:15:35;713;1023;713;;7760
06:15:35;713;1023;713;;7784
06:15:36;714;1023;713;;7732
06:15:36;714;1023;713;;13216
06:15:37;713;1023;713;;13216
06:15:37;713;1023;713;;13216
06:15:38;713;1023;713;;7760
06:15:38;713;1023;713;;13192
06:15:39;713;1023;713;;13216
06:15:39;713;1023;713;;7732
06:15:40;713;1023;713;;13212
06:15:41;713;1023;713;;7780
06:15:41;713;1023;713;;13248
06:15:42;713;1023;713;;7780
06:15:42;713;1023;713;;13220
06:15:43;713;1023;713;;7808
06:15:43;713;1023;713;;13220
06:15:44;713;1023;713;;13188
06:15:44;713;1023;713;;13212
06:15:45;713;1023;713;;7804
06:15:45;713;1023;713;;13216
06:15:46;713;1023;713;;13192
06:15:46;713;1023;713;;13216
06:15:47;714;1023;713;;13268
06:15:47;714;1023;713;;7732
06:15:48;714;1023;713;;13220
06:15:48;714;1023;713;;13264
06:15:49;714;1023;713;;13240
06:15:49;714;1023;713;;7756
06:15:50;714;1023;713;;13216
06:15:50;714;1023;713;;7708
06:15:51;714;1023;713;;13216
06:15:51;714;1023;713;;7732
06:15:52;714;1023;713;;13216
06:15:52;714;1023;713;;7804
06:15:53;713;1023;713;;13244
06:15:53;713;1023;713;;13216
06:15:54;714;1023;713;;7660
06:15:54;714;1023;713;;13240
06:15:55;714;1023;713;;7756
06:15:55;714;1023;713;;13240
06:15:56;713;1023;713;;13216
06:15:56;713;1023;713;;13240
06:15:57;713;1023;713;;13212
06:15:57;713;1023;713;;7736
06:15:58;713;1023;713;;13240
06:15:58;713;1023;713;;13244
06:15:59;714;1023;713;;13216
06:15:59;714;1023;713;;13212
06:16:00;714;1023;713;;13240
06:16:00;714;1023;713;;7756
06:16:01;714;1023;713;;7732
06:16:01;714;1023;713;;13240
06:16:02;714;1023;713;;13244
06:16:02;714;1023;713;;13192
06:16:03;714;1023;713;;13244
06:16:03;714;1023;713;;7780
06:16:04;713;1023;713;;13244
06:16:04;713;1023;713;;7760
06:16:05;714;1023;713;;7756
06:16:05;714;1023;713;;13292
06:16:06;714;1023;713;;13212
06:16:06;714;1023;713;;13220
06:16:07;713;1023;713;;13292
06:16:07;713;1023;713;;13216
06:16:08;714;1023;713;;13216
06:16:09;713;1023;713;;13212
06:16:09;713;1023;713;;13248
06:16:10;713;1023;713;;13216
06:16:10;713;1023;713;;13244
06:16:11;713;1023;713;;13240
06:16:11;713;1023;713;;13216
06:16:12;713;1023;713;;13216
06:16:12;713;1023;713;;13212
06:16:13;713;1023;713;;13216
06:16:13;713;1023;713;;7732
06:16:14;713;1023;713;;13216
06:16:14;713;1023;713;;13240
06:16:15;713;1023;713;;13220
06:16:15;713;1023;713;;13216
06:16:16;714;1023;713;;11840
06:16:16;714;1023;713;;13216
06:16:17;713;1023;713;;13216
06:16:17;713;1023;713;;13216
06:16:18;713;1023;713;;13216
06:16:18;713;1023;713;;13244
06:16:19;714;1023;713;;13192
06:16:19;714;1023;713;;13216
06:16:20;714;1023;713;;13216
06:16:20;714;1023;713;;13244
06:16:21;714;1023;713;;13188
06:16:21;714;1023;713;;13264
06:16:22;713;1023;713;;13244
06:16:22;713;1023;713;;13264
06:16:23;714;1023;713;;7780
06:16:23;714;1023;713;;13268
06:16:24;713;1023;713;;7760
06:16:24;713;1023;713;;13268
06:16:25;714;1023;713;;13264
06:16:25;714;1023;713;;13216
06:16:26;714;1023;713;;7780
06:16:26;714;1023;713;;13216
06:16:27;714;1023;713;;13216
06:16:27;714;1023;713;;13312
06:16:28;714;1023;713;;13192
06:16:28;714;1023;713;;13188
06:16:29;714;1023;713;;13240
06:16:29;714;1023;713;;13188
06:16:30;713;1023;713;;13316
06:16:30;713;1023;713;;13268
06:16:31;714;1023;714;;7808
06:16:31;714;1023;714;;7780
06:16:32;714;1023;713;;13240
06:16:32;714;1023;713;;7688
06:16:33;714;1023;713;;7756
06:16:33;714;1023;713;;13216
06:16:34;714;1023;713;;13216
06:16:34;714;1023;713;;13320
06:16:35;714;1023;713;;13220
06:16:35;714;1023;713;;7804
06:16:36;713;1023;713;;13248
06:16:37;714;1023;714;;7808
06:16:37;714;1023;714;;13240
06:16:38;714;1023;713;;13244
06:16:38;714;1023;713;;13216
06:16:39;714;1023;713;;7712
06:16:39;714;1023;713;;13192
06:16:40;714;1023;713;;13292
06:16:40;714;1023;713;;13212
06:16:41;714;1023;713;;13216
06:16:41;714;1023;713;;13192
06:16:42;714;1023;713;;7732
06:16:42;714;1023;713;;13264
06:16:43;714;1023;713;;13244
06:16:43;714;1023;713;;7732
06:16:44;714;1023;713;;13264
06:16:44;714;1023;713;;7792
06:16:45;714;1023;713;;13244
06:16:45;714;1023;713;;13240
06:16:46;713;1023;713;;7704
06:16:46;713;1023;713;;7828
06:16:47;713;1023;713;;7708
06:16:47;713;1023;713;;13216
06:16:48;714;1023;713;;7732
06:16:48;714;1023;713;;13192
06:16:49;713;1023;713;;13216
06:16:49;713;1023;713;;13192
06:16:50;714;1023;713;;13240
06:16:50;714;1023;713;;7704
06:16:51;714;1023;713;;7780
06:16:51;714;1023;713;;13248
06:16:52;714;1023;713;;13216
06:16:52;714;1023;713;;13240
06:16:53;713;1023;713;;13216
06:16:53;713;1023;713;;13212
06:16:54;713;1023;713;;13244
06:16:54;713;1023;713;;13216
06:16:55;713;1023;713;;7760
06:16:55;713;1023;713;;13188
06:16:56;713;1023;713;;13244
06:16:56;713;1023;713;;13268
06:16:57;714;1023;713;;13292
06:16:57;714;1023;713;;13248
06:16:58;713;1023;713;;7732
06:16:58;713;1023;713;;13244
06:16:59;713;1023;713;;13296
06:16:59;713;1023;713;;13272
06:17:00;713;1023;713;;13216
06:17:00;713;1023;713;;13220
06:17:01;714;1023;713;;13268
06:17:01;714;1023;713;;13268
06:17:02;714;1023;713;;13188
06:17:02;714;1023;713;;7688
06:17:03;714;1023;713;;7788
06:17:03;714;1023;713;;7708
06:17:04;714;1023;713;;13212
06:17:05;713;1023;713;;13244
06:17:05;713;1023;713;;13240
06:17:06;713;1023;713;;13216
06:17:06;713;1023;713;;13292
06:17:07;714;1023;713;;7784
06:17:07;714;1023;713;;13292
06:17:08;714;1023;713;;13188
06:17:08;714;1023;713;;13264
06:17:09;713;1023;713;;13312
06:17:09;713;1023;713;;13212
06:17:10;713;1023;713;;13216
06:17:10;713;1023;713;;7680
06:17:11;713;1023;713;;13220
06:17:11;713;1023;713;;13268
06:17:12;713;1023;713;;7756
06:17:12;713;1023;713;;13212
06:17:13;714;1023;713;;13240
06:17:13;714;1023;713;;13244
06:17:14;714;1023;713;;13216
06:17:14;714;1023;713;;7828
06:17:15;713;1023;713;;7680
06:17:15;713;1023;713;;7756
06:17:16;713;1023;713;;13268
06:17:16;713;1023;713;;13288
06:17:17;713;1023;713;;13296
06:17:17;713;1023;713;;13244
06:17:18;713;1023;713;;13240
06:17:18;713;1023;713;;13212
06:17:19;713;1023;713;;13316
06:17:19;713;1023;713;;7756
06:17:20;713;1023;713;;13244
06:17:20;713;1023;713;;7928
06:17:21;713;1023;713;;13240
06:17:21;713;1023;713;;7660
06:17:22;713;1023;713;;13216
06:17:22;713;1023;713;;13192
06:17:23;713;1023;713;;13240
06:17:23;713;1023;713;;13316
06:17:24;713;1023;713;;13288
06:17:24;713;1023;713;;13212
06:17:25;713;1023;713;;13268
06:17:25;713;1023;713;;7760
06:17:26;713;1023;713;;13244
06:17:26;713;1023;713;;13248
06:17:27;713;1023;713;;13216
06:17:27;713;1023;713;;7708
06:17:28;713;1023;713;;13244
06:17:28;713;1023;713;;13212
06:17:29;713;1023;713;;13244
06:17:29;713;1023;713;;13192
06:17:30;714;1023;713;;7856
06:17:30;714;1023;713;;13272
06:17:31;714;1023;713;;13240
06:17:31;714;1023;713;;13220
06:17:32;713;1023;713;;13244
06:17:33;713;1023;713;;13264
06:17:33;713;1023;713;;13188
06:17:34;713;1023;713;;7680
06:17:34;713;1023;713;;13264
06:17:35;713;1023;713;;7760
06:17:35;713;1023;713;;13244
06:17:36;713;1023;713;;13340
06:17:36;713;1023;713;;13248
06:17:37;713;1023;713;;7756
06:17:37;713;1023;713;;13240
06:17:38;713;1023;713;;13192
06:17:38;713;1023;713;;13240
06:17:39;713;1023;713;;13216
06:17:39;713;1023;713;;13244
06:17:40;713;1023;713;;7780
06:17:40;713;1023;713;;13224
06:17:41;713;1023;713;;7732
06:17:41;713;1023;713;;13224
06:17:42;713;1023;713;;13264
06:17:42;713;1023;713;;13268
06:17:43;713;1023;713;;13220
06:17:43;713;1023;713;;13216
06:17:44;713;1023;713;;7756
06:17:44;713;1023;713;;13292
06:17:45;713;1023;713;;13240
06:17:45;713;1023;713;;13220
06:17:46;714;1023;713;;13292
06:17:46;714;1023;713;;13188
06:17:47;713;1023;713;;13268
06:17:47;713;1023;713;;7756
06:17:48;713;1023;713;;7704
06:17:48;713;1023;713;;13316
06:17:49;713;1023;713;;13240
06:17:49;713;1023;713;;13320
06:17:50;713;1023;713;;13192
06:17:50;713;1023;713;;7732
06:17:51;714;1023;713;;13240
06:17:51;714;1023;713;;13220
06:17:52;714;1023;713;;13268
06:17:52;714;1023;713;;7708
06:17:53;713;1023;713;;13236
06:17:53;713;1023;713;;7636
06:17:54;713;1023;713;;13292
06:17:54;713;1023;713;;13220
06:17:55;713;1023;713;;13216
06:17:55;713;1023;713;;7656
06:17:56;713;1023;713;;7708
06:17:56;713;1023;713;;13224
06:17:57;714;1023;713;;13216
06:17:57;714;1023;713;;7732
06:17:58;713;1023;713;;7732
06:17:58;713;1023;713;;13224
06:17:59;713;1023;713;;7704
06:17:59;713;1023;713;;13240
06:18:00;713;1023;713;;7784
06:18:01;713;1023;713;;13268
06:18:01;713;1023;713;;7804
06:18:02;714;1023;713;;13216
06:18:02;714;1023;713;;13192
06:18:03;714;1023;713;;13216
06:18:03;714;1023;713;;7684
06:18:04;713;1023;713;;7780
06:18:04;713;1023;713;;13188
06:18:05;713;1023;713;;7732
06:18:05;713;1023;713;;13244
06:18:06;713;1023;713;;13320
06:18:06;713;1023;713;;13268
06:18:07;714;1023;713;;7808
06:18:07;714;1023;713;;13216
06:18:08;714;1023;713;;13292
06:18:08;714;1023;713;;13244
06:18:09;714;1023;713;;13244
06:18:09;714;1023;713;;7780
06:18:10;714;1023;713;;13212
06:18:10;714;1023;713;;13216
06:18:11;714;1023;713;;7756
06:18:11;714;1023;713;;13248
06:18:12;714;1023;713;;13220
06:18:12;714;1023;713;;13216
06:18:13;713;1023;713;;13216
06:18:13;713;1023;713;;13244
06:18:14;714;1023;713;;13216
06:18:14;714;1023;713;;13212
06:18:15;713;1023;713;;13240
06:18:15;713;1023;713;;13212
06:18:16;714;1023;713;;13192
06:18:16;714;1023;713;;13228
06:18:17;713;1023;713;;13244
06:18:17;713;1023;713;;7760
06:18:18;714;1023;713;;13212
06:18:18;714;1023;713;;13240
06:18:19;714;1023;713;;7684
06:18:19;714;1023;713;;13220
06:18:20;714;1023;713;;13216
06:18:20;714;1023;713;;13244
06:18:21;714;1023;713;;13296
06:18:21;714;1023;713;;7808
06:18:22;713;1023;713;;7792
06:18:22;713;1023;713;;13216
06:18:23;713;1023;713;;13292
06:18:23;713;1023;713;;13252
06:18:24;713;1023;713;;13268
06:18:24;713;1023;713;;7704
06:18:25;713;1023;713;;13220
06:18:25;713;1023;713;;13268
06:18:26;714;1023;713;;13248
06:18:26;714;1023;713;;13220
06:18:27;713;1023;713;;13216
06:18:27;713;1023;713;;7756
06:18:28;713;1023;713;;13244
06:18:29;714;1023;713;;13240
06:18:29;714;1023;713;;13240
06:18:30;713;1023;713;;13220
06:18:30;713;1023;713;;13216
06:18:31;713;1023;713;;13216
06:18:31;713;1023;713;;13248
06:18:32;713;1023;713;;13264
06:18:32;713;1023;713;;13368
06:18:33;713;1023;713;;7732
06:18:33;713;1023;713;;13188
06:18:34;714;1023;713;;13216
06:18:34;714;1023;713;;13252
06:18:35;714;1023;713;;13216
06:18:35;714;1023;713;;7664
06:18:36;714;1023;713;;13244
06:18:36;714;1023;713;;7676
06:18:37;714;1023;713;;13188
06:18:37;714;1023;713;;13268
06:18:38;714;1023;713;;7808
06:18:38;714;1023;713;;13216
06:18:39;713;1023;713;;13212
06:18:39;713;1023;713;;13192
06:18:40;714;1023;713;;13192
06:18:40;714;1023;713;;13192
06:18:41;713;1023;713;;7756
06:18:41;713;1023;713;;13244
06:18:42;714;1023;713;;13316
06:18:42;714;1023;713;;7728
06:18:43;713;1023;713;;13268
06:18:43;713;1023;713;;13244
06:18:44;714;1023;713;;13216
06:18:44;714;1023;713;;13220
06:18:45;714;1023;713;;13220
06:18:45;714;1023;713;;13192
06:18:46;713;1023;713;;13320
06:18:46;713;1023;713;;13240
06:18:47;714;1023;713;;7804
06:18:47;714;1023;713;;13248
06:18:48;713;1023;713;;7704
06:18:48;713;1023;713;;7632
06:18:49;713;1023;713;;13316
06:18:49;713;1023;713;;13268
06:18:50;713;1023;713;;13240
06:18:50;713;1023;713;;13220
06:18:51;713;1023;713;;13212
06:18:51;713;1023;713;;13216
06:18:52;714;1023;713;;13216
06:18:52;714;1023;713;;13264
06:18:53;714;1023;713;;7676
06:18:53;714;1023;713;;13216
06:18:54;714;1023;713;;13240
06:18:54;714;1023;713;;13216
06:18:55;713;1023;713;;7804
06:18:55;713;1023;713;;13248
06:18:56;713;1023;713;;13220
06:18:57;713;1023;713;;13244
06:18:57;713;1023;713;;7712
06:18:58;713;1023;713;;13216
06:18:58;713;1023;713;;13188
06:18:59;714;1023;713;;13292
06:18:59;714;1023;713;;13220
06:19:00;714;1023;713;;13192
06:19:00;714;1023;713;;13216
06:19:01;714;1023;713;;13216
06:19:01;714;1023;713;;7732
06:19:02;714;1023;713;;7708
06:19:02;714;1023;713;;7828
06:19:03;713;1023;713;;7736
06:19:03;713;1023;713;;13244
06:19:04;714;1023;713;;13216
06:19:04;714;1023;713;;13192
06:19:05;713;1023;713;;13248
06:19:05;713;1023;713;;13220
06:19:06;714;1023;713;;13244
06:19:06;714;1023;713;;13216
06:19:07;713;1023;713;;7688
06:19:07;713;1023;713;;13292
06:19:08;714;1023;713;;13216
06:19:08;714;1023;713;;13240
06:19:09;713;1023;713;;13240
06:19:09;713;1023;713;;7732
06:19:10;714;1023;713;;13212
06:19:10;714;1023;713;;13264
06:19:11;714;1023;713;;13188
06:19:11;714;1023;713;;13216
06:19:12;714;1023;713;;7756
06:19:12;714;1023;713;;7732
06:19:13;714;1023;713;;13244
06:19:13;714;1023;713;;7784
06:19:14;714;1023;713;;7732
06:19:14;714;1023;713;;7732
06:19:15;713;1023;713;;13244
06:19:15;713;1023;713;;13244
06:19:16;713;1023;713;;13216
06:19:16;713;1023;713;;13268
06:19:17;714;1023;713;;13220
06:19:17;714;1023;713;;13216
06:19:18;714;1023;713;;13268
06:19:18;714;1023;713;;13268
06:19:19;714;1023;713;;13192
06:19:19;714;1023;713;;7752
06:19:20;713;1023;713;;13216
06:19:20;713;1023;713;;13268
06:19:21;713;1023;713;;13216
06:19:21;713;1023;713;;13216
06:19:22;713;1023;713;;7756
06:19:22;713;1023;713;;13268
06:19:23;714;1023;713;;13240
06:19:23;714;1023;713;;13192
06:19:24;714;1023;713;;7708
06:19:25;714;1023;713;;13220
06:19:25;714;1023;713;;13268
06:19:26;714;1023;713;;13220
06:19:26;714;1023;713;;13212
06:19:27;713;1023;713;;13240
06:19:27;713;1023;713;;13216
06:19:28;713;1023;713;;13216
06:19:28;713;1023;713;;13292
06:19:29;714;1023;713;;13248
06:19:29;714;1023;713;;13216
06:19:30;713;1023;713;;13240
06:19:30;713;1023;713;;13268
06:19:31;713;1023;713;;13248
06:19:31;713;1023;713;;13220
06:19:32;714;1023;713;;13264
06:19:32;714;1023;713;;7760
06:19:33;714;1023;713;;13216
06:19:33;714;1023;713;;13248
06:19:34;714;1023;713;;13216
06:19:34;714;1023;713;;7684
06:19:35;714;1023;713;;7756
06:19:35;714;1023;713;;7756
06:19:36;714;1023;713;;7756
06:19:36;714;1023;713;;13220
06:19:37;713;1023;713;;13216
06:19:37;713;1023;713;;13216
06:19:38;713;1023;713;;13216
06:19:38;713;1023;713;;13212
06:19:39;714;1023;713;;7828
06:19:39;714;1023;713;;13216
06:19:40;714;1023;713;;13268
06:19:40;714;1023;713;;7632
06:19:41;714;1023;713;;13244
06:19:41;714;1023;713;;13216
06:19:42;714;1023;713;;7740
06:19:42;714;1023;713;;13248
06:19:43;714;1023;713;;7756
06:19:43;714;1023;713;;13240
06:19:44;714;1023;713;;13240
06:19:44;714;1023;713;;7780
06:19:45;714;1023;713;;13216
06:19:45;714;1023;713;;7704
06:19:46;714;1023;713;;13216
06:19:46;714;1023;713;;13264
06:19:47;714;1023;713;;13244
06:19:47;714;1023;713;;13212
06:19:48;714;1023;713;;13212
06:19:48;714;1023;713;;13268
06:19:49;714;1023;713;;13268
06:19:49;714;1023;713;;7856
06:19:50;713;1023;713;;13224
06:19:50;713;1023;713;;13272
06:19:51;714;1023;714;;13240
06:19:51;714;1023;714;;13244
06:19:52;713;1023;713;;13264
06:19:53;714;1023;713;;7756
06:19:53;714;1023;713;;13244
06:19:54;714;1023;713;;7708
06:19:54;714;1023;713;;13292
06:19:55;714;1023;713;;7732
06:19:55;714;1023;713;;13244
06:19:56;714;1023;713;;7784
06:19:56;714;1023;713;;13216
06:19:57;714;1023;713;;13244
06:19:57;714;1023;713;;13216
06:19:58;714;1023;713;;13244
06:19:58;714;1023;713;;7784
06:19:59;713;1023;713;;13252
06:19:59;713;1023;713;;13272
06:20:00;714;1023;713;;13216
06:20:00;714;1023;713;;13216
06:20:01;714;1023;713;;13244
06:20:01;714;1023;713;;7756
06:20:02;714;1023;713;;7756
06:20:02;714;1023;713;;13188
06:20:03;714;1023;713;;7704
06:20:03;714;1023;713;;7756
06:20:04;714;1023;713;;13192
06:20:04;714;1023;713;;13220
06:20:05;714;1023;713;;13240
06:20:05;714;1023;713;;7736
06:20:06;714;1023;713;;13220
06:20:06;714;1023;713;;13268
06:20:07;714;1023;713;;13248
06:20:07;714;1023;713;;13252
06:20:08;714;1023;713;;13216
06:20:08;714;1023;713;;7780
06:20:09;714;1023;713;;13240
06:20:09;714;1023;713;;7736
06:20:10;714;1023;714;;13240
06:20:10;714;1023;714;;7780
06:20:11;714;1023;713;;13244
06:20:11;714;1023;713;;13188
06:20:12;714;1023;713;;13268
06:20:12;714;1023;713;;13216
06:20:13;714;1023;713;;13240
06:20:13;714;1023;713;;13248
06:20:14;714;1023;714;;7780
06:20:14;714;1023;714;;13244
06:20:15;714;1023;713;;13240
06:20:15;714;1023;713;;13216
06:20:16;714;1023;713;;13244
06:20:16;714;1023;713;;13212
06:20:17;714;1023;713;;13216
06:20:17;714;1023;713;;13212
06:20:18;714;1023;713;;13248
06:20:18;714;1023;713;;13292
06:20:19;714;1023;713;;13192
06:20:19;714;1023;713;;13240
06:20:20;714;1023;714;;13220
06:20:21;714;1023;713;;13224
06:20:21;714;1023;713;;7756
06:20:22;714;1023;713;;13216
06:20:22;714;1023;713;;13188
06:20:23;714;1023;713;;7660
