08:14:06;641;806;642;;808
08:14:06;641;806;642;;13252
08:14:07;642;807;642;;13248
08:14:07;642;807;642;;7712
08:14:08;642;807;642;;13224
08:14:08;642;807;642;;13224
08:14:09;642;808;642;;13228
08:14:09;642;808;642;;13200
08:14:10;643;809;643;;13228
08:14:10;643;809;643;;13200
08:14:11;643;810;643;;13324
08:14:11;643;810;643;;13228
08:14:12;643;811;643;;13224
08:14:12;643;811;643;;13324
08:14:13;643;811;643;;7712
08:14:13;643;811;643;;13200
08:14:14;644;812;644;;13276
08:14:14;644;812;644;;13228
08:14:15;644;813;644;;13252
08:14:15;644;813;644;;13248
08:14:16;644;814;644;;7712
08:14:16;644;814;644;;13228
08:14:17;644;814;644;;13204
08:14:17;644;814;644;;13252
08:14:18;644;815;644;;13228
08:14:18;644;815;644;;7760
08:14:19;645;816;645;;13228
08:14:19;645;816;645;;7736
08:14:20;645;816;645;;13200
08:14:20;645;816;645;;13224
08:14:21;645;817;645;;13200
08:14:21;645;817;645;;7732
08:14:22;645;818;645;;13196
08:14:22;645;818;645;;7788
08:14:23;645;819;645;;13224
08:14:23;645;819;645;;7716
08:14:24;646;819;646;;13332
08:14:24;646;819;646;;13252
08:14:25;646;820;646;;13252
08:14:26;646;821;646;;7712
08:14:26;646;821;646;;13200
08:14:27;646;821;646;;13228
08:14:27;646;821;646;;13252
08:14:28;646;822;646;;7712
08:14:28;646;822;646;;13300
08:14:29;647;823;647;;13200
08:14:29;647;823;647;;13224
08:14:30;647;823;647;;13228
08:14:30;647;823;647;;13248
08:14:31;647;824;647;;13224
08:14:31;647;824;647;;13200
08:14:32;647;825;647;;13256
08:14:32;647;825;647;;13224
08:14:33;647;825;647;;13256
08:14:33;647;825;647;;13228
08:14:34;647;826;648;;13200
08:14:34;647;826;648;;13224
08:14:35;648;826;648;;7684
08:14:35;648;826;648;;13224
08:14:36;648;827;648;;13200
08:14:36;648;827;648;;13276
08:14:37;648;828;648;;13280
08:14:37;648;828;648;;13300
08:14:38;648;828;648;;13248
08:14:38;648;828;648;;13236
08:14:39;648;829;648;;13200
08:14:39;648;829;648;;13224
08:14:40;649;830;649;;13252
08:14:40;649;830;649;;13276
08:14:41;649;830;649;;13252
08:14:41;649;830;649;;13204
08:14:42;649;831;649;;13200
08:14:42;649;831;649;;13204
08:14:43;649;831;649;;7712
08:14:43;649;831;649;;13200
08:14:44;649;832;649;;13224
08:14:44;649;832;649;;13276
08:14:45;649;832;649;;7712
08:14:45;649;832;649;;13208
08:14:46;650;833;650;;13228
08:14:46;650;833;650;;13224
08:14:47;650;833;650;;13224
08:14:47;650;833;650;;13200
08:14:48;650;834;650;;7712
08:14:48;650;834;650;;13228
08:14:49;650;835;650;;13224
08:14:49;650;835;650;;13256
08:14:50;650;835;650;;11800
08:14:50;650;835;650;;13224
08:14:51;650;836;650;;7736
08:14:51;650;836;650;;13232
08:14:52;650;836;650;;13228
08:14:53;651;837;651;;7712
08:14:53;651;837;651;;13196
08:14:54;651;837;651;;13232
08:14:54;651;837;651;;13252
08:14:55;651;838;651;;13224
08:14:55;651;838;651;;13252
08:14:56;651;838;651;;13352
08:14:56;651;838;651;;13252
08:14:57;651;839;651;;13252
08:14:57;651;839;651;;7740
08:14:58;651;839;651;;13224
08:14:58;651;839;651;;13204
08:14:59;651;840;652;;7788
08:14:59;651;840;652;;13220
08:15:00;652;840;652;;7760
08:15:00;652;840;652;;13248
08:15:01;652;841;652;;13224
08:15:01;652;841;652;;13196
08:15:02;652;842;652;;7788
08:15:02;652;842;652;;13248
08:15:03;652;842;652;;13252
08:15:03;652;842;652;;13228
08:15:04;652;842;652;;7736
08:15:04;652;842;652;;7712
08:15:05;652;843;652;;13220
08:15:05;652;843;652;;7712
08:15:06;653;844;653;;7708
08:15:06;653;844;653;;7672
08:15:07;653;844;653;;13224
08:15:07;653;844;653;;13252
08:15:08;653;845;653;;7764
08:15:08;653;845;653;;13200
08:15:09;653;845;653;;13252
08:15:09;653;845;653;;7792
08:15:10;653;846;653;;7792
08:15:10;653;846;653;;13232
08:15:11;653;846;653;;13228
08:15:11;653;846;653;;13224
08:15:12;653;847;653;;13228
08:15:12;653;847;653;;13252
08:15:13;653;847;654;;7716
08:15:13;653;847;654;;13256
08:15:14;654;848;654;;13252
08:15:14;654;848;654;;7712
08:15:15;654;848;654;;13224
08:15:15;654;848;654;;13196
08:15:16;654;849;654;;13328
08:15:16;654;849;654;;13252
08:15:17;654;849;654;;7688
08:15:17;654;849;654;;13252
08:15:18;654;850;654;;7688
08:15:18;654;850;654;;7764
08:15:19;654;850;654;;13324
08:15:19;654;850;654;;13228
08:15:20;654;851;654;;13224
08:15:20;654;851;654;;13224
08:15:21;654;851;655;;13224
08:15:22;655;852;655;;7812
08:15:22;655;852;655;;7760
08:15:23;655;852;655;;13220
08:15:23;655;852;655;;7712
08:15:24;655;852;655;;13196
08:15:24;655;852;655;;13232
08:15:25;655;853;655;;13256
08:15:25;655;853;655;;13300
08:15:26;655;853;655;;11848
08:15:26;655;853;655;;13224
08:15:27;655;854;655;;13228
08:15:27;655;854;655;;13200
08:15:28;655;854;655;;13252
08:15:28;655;854;655;;13252
08:15:29;655;855;656;;7716
08:15:29;655;855;656;;13256
08:15:30;656;855;656;;13224
08:15:30;656;855;656;;13256
08:15:31;656;856;656;;13224
08:15:31;656;856;656;;13224
08:15:32;656;856;656;;13232
08:15:32;656;856;656;;7788
08:15:33;656;856;656;;13200
08:15:33;656;856;656;;13220
08:15:34;656;857;656;;7688
08:15:34;656;857;656;;13200
08:15:35;656;857;656;;13304
08:15:35;656;857;656;;13224
08:15:36;656;858;656;;13276
08:15:36;656;858;656;;7712
08:15:37;656;858;656;;13224
08:15:37;656;858;656;;13248
08:15:38;657;859;657;;13196
08:15:38;657;859;657;;13224
08:15:39;657;859;657;;13352
08:15:39;657;859;657;;7764
08:15:40;657;860;657;;13196
08:15:40;657;860;657;;7712
08:15:41;657;860;657;;13220
08:15:41;657;860;657;;13252
08:15:42;657;860;657;;13204
08:15:42;657;860;657;;7692
08:15:43;657;861;657;;13328
08:15:43;657;861;657;;13196
08:15:44;657;861;657;;13224
08:15:44;657;861;657;;7712
08:15:45;657;862;657;;13224
08:15:45;657;862;657;;13252
08:15:46;657;862;657;;13252
08:15:46;657;862;657;;13200
08:15:47;657;862;658;;13248
08:15:47;657;862;658;;13224
08:15:48;658;863;658;;13236
08:15:49;658;863;658;;13224
08:15:49;658;863;658;;7716
08:15:50;658;864;658;;7716
08:15:50;658;864;658;;13252
08:15:51;658;864;658;;7860
08:15:51;658;864;658;;13272
08:15:52;658;864;658;;13248
08:15:52;658;864;658;;13220
08:15:53;658;865;658;;13200
08:15:53;658;865;658;;13224
08:15:54;658;865;658;;13256
08:15:54;658;865;658;;13228
08:15:55;658;865;658;;7664
08:15:55;658;865;658;;13232
08:15:56;658;866;658;;13224
08:15:56;658;866;658;;13224
08:15:57;658;866;658;;13224
08:15:57;658;866;658;;11776
08:15:58;659;866;659;;13224
08:15:58;659;866;659;;7784
08:15:59;659;867;659;;13220
08:15:59;659;867;659;;7712
08:16:00;659;867;659;;13228
08:16:00;659;867;659;;13224
08:16:01;659;867;659;;13224
08:16:01;659;867;659;;13328
08:16:02;659;868;659;;13324
08:16:02;659;868;659;;13252
08:16:03;659;868;659;;13224
08:16:03;659;868;659;;13224
08:16:04;659;869;659;;7788
08:16:04;659;869;659;;13276
08:16:05;659;869;659;;13280
08:16:05;659;869;659;;7712
08:16:06;659;869;659;;13276
08:16:06;659;869;659;;11824
08:16:07;659;869;659;;13224
08:16:07;659;869;659;;13224
08:16:08;659;870;659;;13200
08:16:08;659;870;659;;13200
08:16:09;660;870;660;;7720
08:16:09;660;870;660;;7712
08:16:10;660;871;660;;13248
08:16:10;660;871;660;;13200
08:16:11;660;871;660;;13220
08:16:11;660;871;660;;7708
08:16:12;660;871;660;;13300
08:16:12;660;871;660;;13248
08:16:13;660;871;660;;13276
08:16:13;660;871;660;;7664
08:16:14;660;872;660;;13200
08:16:14;660;872;660;;13224
08:16:15;660;872;660;;13228
08:16:15;660;872;660;;7708
08:16:16;660;873;660;;13252
08:16:17;660;873;660;;13248
08:16:17;660;873;660;;13200
08:16:18;660;873;660;;13200
08:16:18;660;873;660;;7768
08:16:19;660;873;660;;13272
08:16:19;660;873;660;;13248
08:16:20;660;874;660;;13228
08:16:20;660;874;660;;13224
08:16:21;660;874;661;;13224
08:16:21;660;874;661;;13220
08:16:22;661;874;661;;13196
08:16:22;661;874;661;;13200
08:16:23;661;875;661;;13252
08:16:23;661;875;661;;13228
08:16:24;661;875;661;;13228
08:16:24;661;875;661;;13224
08:16:25;661;875;661;;13220
08:16:25;661;875;661;;13256
08:16:26;661;876;661;;13200
08:16:26;661;876;661;;13252
08:16:27;661;876;661;;13220
08:16:27;661;876;661;;13248
08:16:28;661;876;661;;7712
08:16:28;661;876;661;;13224
08:16:29;661;876;661;;13224
08:16:29;661;876;661;;13248
08:16:30;661;877;661;;13224
08:16:30;661;877;661;;13256
08:16:31;661;877;661;;13252
08:16:31;661;877;661;;13200
08:16:32;661;877;661;;13232
08:16:32;661;877;661;;7764
08:16:33;661;878;661;;7736
08:16:33;661;878;661;;13328
08:16:34;661;878;662;;7736
08:16:34;661;878;662;;13248
08:16:35;662;878;662;;13224
08:16:35;662;878;662;;13224
08:16:36;662;879;662;;13204
08:16:36;662;879;662;;7740
08:16:37;662;879;662;;13248
08:16:37;662;879;662;;13256
08:16:38;662;879;662;;13280
08:16:38;662;879;662;;13252
08:16:39;662;879;662;;7712
08:16:39;662;879;662;;13228
08:16:40;662;880;662;;13252
08:16:40;662;880;662;;13248
08:16:41;662;880;662;;13276
08:16:41;662;880;662;;7712
08:16:42;662;880;662;;13252
08:16:42;662;880;662;;7760
08:16:43;662;881;662;;13220
08:16:44;662;881;662;;13256
08:16:44;662;881;662;;13248
08:16:45;662;881;662;;13224
08:16:45;662;881;662;;13224
08:16:46;662;882;662;;7708
08:16:46;662;882;662;;13196
08:16:47;662;882;662;;7712
08:16:47;662;882;662;;13220
08:16:48;662;882;662;;7716
08:16:48;662;882;662;;13224
08:16:49;663;882;663;;7740
08:16:49;663;882;663;;13272
08:16:50;663;883;663;;7688
08:16:50;663;883;663;;13300
08:16:51;663;883;663;;13248
08:16:51;663;883;663;;13228
08:16:52;663;883;663;;13248
08:16:52;663;883;663;;7688
08:16:53;663;883;663;;13276
08:16:53;663;883;663;;13200
08:16:54;663;884;663;;13272
08:16:54;663;884;663;;13248
08:16:55;663;884;663;;13224
08:16:55;663;884;663;;7736
08:16:56;663;884;663;;7808
08:16:56;663;884;663;;11876
08:16:57;663;885;663;;13204
08:16:57;663;885;663;;13248
08:16:58;663;885;663;;13232
08:16:58;663;885;663;;13248
08:16:59;663;885;663;;13304
08:16:59;663;885;663;;13200
08:17:00;663;886;663;;13224
08:17:00;663;886;663;;13200
08:17:01;663;886;663;;13224
08:17:01;663;886;663;;13200
08:17:02;663;886;664;;13224
08:17:02;663;886;664;;13200
08:17:03;664;886;664;;13280
08:17:03;664;886;664;;13272
08:17:04;664;887;664;;13200
08:17:04;664;887;664;;13224
08:17:05;664;887;664;;7764
08:17:05;664;887;664;;7692
08:17:06;664;887;664;;7716
08:17:06;664;887;664;;13224
08:17:07;664;888;664;;13196
08:17:07;664;888;664;;7712
08:17:08;664;888;664;;7640
08:17:08;664;888;664;;7712
08:17:09;664;888;664;;13228
08:17:09;664;888;664;;13224
08:17:10;664;888;664;;13220
08:17:10;664;888;664;;13252
08:17:11;664;889;664;;13224
08:17:11;664;889;664;;13276
08:17:12;664;889;664;;13228
08:17:13;664;889;664;;13224
08:17:13;664;889;664;;13324
08:17:14;664;889;664;;7688
08:17:14;664;889;664;;13200
08:17:15;664;890;664;;7712
08:17:15;664;890;664;;13224
08:17:16;664;890;664;;13196
08:17:16;664;890;664;;13276
08:17:17;665;891;665;;13224
08:17:17;665;891;665;;13332
08:17:18;665;891;665;;7712
08:17:18;665;891;665;;13252
08:17:19;665;891;665;;13220
08:17:19;665;891;665;;13304
08:17:20;665;891;665;;7688
08:17:20;665;891;665;;13224
08:17:21;665;892;665;;7812
08:17:21;665;892;665;;13224
08:17:22;665;892;665;;13324
08:17:22;665;892;665;;13252
08:17:23;665;892;665;;7688
08:17:23;665;892;665;;13200
08:17:24;665;892;665;;7712
08:17:24;665;892;665;;13252
08:17:25;665;893;665;;7688
08:17:25;665;893;665;;13224
08:17:26;665;893;665;;13224
08:17:26;665;893;665;;13196
08:17:27;665;893;665;;13228
08:17:27;665;893;665;;13228
08:17:28;665;893;665;;13220
08:17:28;665;893;665;;13196
08:17:29;665;894;665;;13260
08:17:29;665;894;665;;13328
08:17:30;665;894;665;;13224
08:17:30;665;894;665;;13220
08:17:31;665;894;665;;13276
08:17:31;665;894;665;;7688
08:17:32;665;894;665;;13196
08:17:32;665;894;665;;13228
08:17:33;666;895;666;;13200
08:17:33;666;895;666;;13224
08:17:34;666;895;666;;13224
08:17:34;666;895;666;;13220
08:17:35;666;895;666;;13276
08:17:35;666;895;666;;7712
08:17:36;666;895;666;;13276
08:17:36;666;895;666;;13232
08:17:37;666;896;666;;13224
08:17:37;666;896;666;;13224
08:17:38;666;896;666;;7736
08:17:38;666;896;666;;13228
08:17:39;666;896;666;;13228
08:17:40;666;896;666;;7688
08:17:40;666;896;666;;13276
08:17:41;666;897;666;;7764
08:17:41;666;897;666;;7792
08:17:42;666;897;666;;13220
08:17:42;666;897;666;;7760
08:17:43;666;897;666;;7688
08:17:43;666;897;666;;7660
08:17:44;666;897;666;;7708
08:17:44;666;897;666;;13272
08:17:45;666;897;666;;13224
08:17:45;666;897;666;;7712
08:17:46;666;898;666;;7688
08:17:46;666;898;666;;7712
08:17:47;666;898;666;;13276
08:17:47;666;898;666;;13224
08:17:48;666;898;666;;13272
08:17:48;666;898;666;;13196
08:17:49;666;898;666;;13200
08:17:49;666;898;666;;13224
08:17:50;666;899;667;;13236
08:17:50;666;899;667;;13224
08:17:51;666;899;667;;7684
08:17:51;666;899;667;;13228
08:17:52;667;899;667;;13224
08:17:52;667;899;667;;7784
08:17:53;667;899;667;;13248
08:17:53;667;899;667;;13236
08:17:54;667;899;667;;7712
08:17:54;667;899;667;;7712
08:17:55;667;900;667;;13224
08:17:55;667;900;667;;13200
08:17:56;667;900;667;;7712
08:17:56;667;900;667;;13232
08:17:57;667;900;667;;13224
08:17:57;667;900;667;;7712
08:17:58;667;900;667;;13252
08:17:58;667;900;667;;7712
08:17:59;667;901;667;;7812
08:17:59;667;901;667;;13200
08:18:00;667;901;667;;13228
08:18:00;667;901;667;;13200
08:18:01;667;901;667;;7712
08:18:01;667;901;667;;13276
08:18:02;667;901;667;;13224
08:18:02;667;901;667;;13252
08:18:03;667;902;667;;13252
08:18:03;667;902;667;;13252
08:18:04;667;902;667;;13252
08:18:04;667;902;667;;7736
08:18:05;667;902;667;;13232
08:18:05;667;902;667;;7712
08:18:06;667;902;667;;7788
08:18:06;667;902;667;;13228
08:18:07;667;902;667;;13200
08:18:07;667;902;667;;13252
08:18:08;667;902;667;;13200
08:18:08;667;902;667;;13224
08:18:09;667;903;667;;13224
08:18:10;667;903;667;;13228
08:18:10;667;903;667;;13252
08:18:11;667;903;668;;13252
08:18:11;667;903;668;;13300
08:18:12;668;903;668;;13224
08:18:12;668;903;668;;7840
08:18:13;668;903;668;;13224
08:18:13;668;903;668;;13272
08:18:14;668;904;668;;13252
08:18:14;668;904;668;;13276
08:18:15;668;904;668;;13252
08:18:15;668;904;668;;13252
08:18:16;668;904;668;;13228
08:18:16;668;904;668;;13224
08:18:17;668;904;668;;13196
08:18:17;668;904;668;;13252
08:18:18;668;905;668;;13196
08:18:18;668;905;668;;13252
08:18:19;668;905;668;;13256
08:18:19;668;905;668;;13300
08:18:20;668;905;668;;13236
08:18:20;668;905;668;;13280
08:18:21;668;905;668;;13224
08:18:21;668;905;668;;13224
08:18:22;668;906;668;;13276
08:18:22;668;906;668;;13272
08:18:23;668;906;668;;13224
08:18:23;668;906;668;;13228
08:18:24;668;906;668;;13224
08:18:24;668;906;668;;13224
08:18:25;668;906;668;;7712
08:18:25;668;906;668;;13248
08:18:26;668;906;668;;7736
08:18:26;668;906;668;;13196
08:18:27;668;906;668;;13252
08:18:27;668;906;668;;13248
08:18:28;668;906;668;;13220
08:18:28;668;906;668;;7736
08:18:29;668;907;668;;7688
08:18:29;668;907;668;;13276
08:18:30;668;907;668;;13228
08:18:30;668;907;668;;13304
08:18:31;668;907;668;;13224
08:18:31;668;907;668;;7712
08:18:32;668;907;669;;13200
08:18:32;668;907;669;;13224
08:18:33;669;908;669;;13224
08:18:33;669;908;669;;11864
08:18:34;669;908;669;;13224
08:18:34;669;908;669;;13232
08:18:35;669;908;669;;13224
08:18:36;669;908;669;;13276
08:18:36;669;908;669;;13332
08:18:37;669;908;669;;13200
08:18:37;669;908;669;;13228
08:18:38;669;909;669;;13224
08:18:38;669;909;669;;7712
08:18:39;669;909;669;;13224
08:18:39;669;909;669;;13200
08:18:40;669;909;669;;13200
08:18:40;669;909;669;;13228
08:18:41;669;909;669;;13224
08:18:41;669;909;669;;13324
08:18:42;669;909;669;;7688
08:18:42;669;909;669;;7664
08:18:43;669;910;669;;13224
08:18:43;669;910;669;;13328
08:18:44;669;910;669;;7712
08:18:44;669;910;669;;13200
08:18:45;669;910;669;;13276
08:18:45;669;910;669;;13232
08:18:46;669;910;669;;13328
08:18:46;669;910;669;;13224
08:18:47;669;910;669;;13280
08:18:47;669;910;669;;13232
08:18:48;669;911;669;;13280
08:18:48;669;911;669;;13224
08:18:49;669;911;669;;7712
08:18:49;669;911;669;;7708
08:18:50;669;911;669;;13200
08:18:50;669;911;669;;13224
08:18:51;669;911;669;;13232
08:18:51;669;911;669;;13224
08:18:52;669;911;669;;7808
08:18:52;669;911;669;;13224
08:18:53;669;911;669;;13224
08:18:53;669;911;669;;7708
08:18:54;669;912;669;;13228
08:18:54;669;912;669;;7688
08:18:55;670;912;670;;13272
08:18:55;670;912;670;;13276
08:18:56;670;912;670;;13248
08:18:56;670;912;670;;13224
08:18:57;670;912;670;;7684
08:18:57;670;912;670;;13196
08:18:58;670;912;670;;13272
08:18:58;670;912;670;;7712
08:18:59;670;913;670;;7788
08:18:59;670;913;670;;13248
08:19:00;670;913;670;;13280
08:19:00;670;913;670;;7712
08:19:01;670;913;670;;13276
08:19:01;670;913;670;;13224
08:19:02;670;913;670;;13200
08:19:02;670;913;670;;13276
08:19:03;670;913;670;;13200
08:19:04;670;914;670;;13276
08:19:04;670;914;670;;13224
08:19:05;670;914;670;;13248
08:19:05;670;914;670;;13224
08:19:06;670;914;670;;13200
08:19:06;670;914;670;;7684
08:19:07;670;914;670;;13248
08:19:07;670;914;670;;7788
08:19:08;670;914;670;;7712
08:19:08;670;914;670;;13248
08:19:09;670;915;670;;13300
08:19:09;670;915;670;;13248
08:19:10;670;915;670;;13252
08:19:10;670;915;670;;13256
08:19:11;670;915;670;;13276
08:19:11;670;915;670;;13248
08:19:12;670;915;670;;13220
08:19:12;670;915;670;;13224
08:19:13;670;915;670;;13248
08:19:13;670;915;670;;7736
08:19:14;670;915;670;;13248
08:19:14;670;915;670;;7812
08:19:15;670;915;670;;7736
08:19:15;670;915;670;;13228
08:19:16;670;916;670;;13220
08:19:16;670;916;670;;13248
08:19:17;670;916;670;;13248
08:19:17;670;916;670;;11844
08:19:18;670;916;670;;13252
08:19:18;670;916;670;;13280
08:19:19;671;917;671;;7732
08:19:19;671;917;671;;13228
08:19:20;671;917;671;;13248
08:19:20;671;917;671;;13328
08:19:21;671;917;671;;13276
08:19:21;671;917;671;;7756
08:19:22;671;917;671;;7784
08:19:22;671;917;671;;13196
08:19:23;671;917;671;;13220
08:19:23;671;917;671;;7688
08:19:24;671;917;671;;13200
08:19:24;671;917;671;;7812
08:19:25;671;918;671;;13232
08:19:25;671;918;671;;13324
08:19:26;671;918;671;;13252
08:19:26;671;918;671;;13224
08:19:27;671;918;671;;13224
08:19:27;671;918;671;;13228
08:19:28;671;918;671;;7712
08:19:28;671;918;671;;13200
08:19:29;671;918;671;;13224
08:19:29;671;918;671;;13272
08:19:30;671;918;671;;13220
08:19:30;671;918;671;;13276
08:19:31;671;919;671;;7812
08:19:32;671;919;671;;13252
08:19:32;671;919;671;;13276
08:19:33;671;919;671;;13220
08:19:33;671;919;671;;13220
08:19:34;671;919;671;;13224
08:19:34;671;919;671;;7760
08:19:35;671;919;671;;13328
08:19:35;671;919;671;;13220
08:19:36;671;920;671;;13248
08:19:36;671;920;671;;13224
08:19:37;671;920;671;;7688
08:19:37;671;920;671;;13332
08:19:38;671;920;671;;13224
08:19:38;671;920;671;;7712
08:19:39;671;920;671;;13272
08:19:39;671;920;671;;13220
08:19:40;671;921;671;;13196
08:19:40;671;921;671;;13224
08:19:41;671;921;672;;13324
08:19:41;671;921;672;;7664
08:19:42;671;921;672;;13200
08:19:42;671;921;672;;13196
08:19:43;671;921;672;;13272
08:19:43;671;921;672;;13276
08:19:44;672;921;672;;13376
08:19:44;672;921;672;;13248
08:19:45;672;921;672;;13252
08:19:45;672;921;672;;13252
08:19:46;672;922;672;;13256
08:19:46;672;922;672;;13228
08:19:47;672;922;672;;13248
08:19:47;672;922;672;;7740
08:19:48;672;922;672;;13228
08:19:48;672;922;672;;13224
08:19:49;672;922;672;;13248
08:19:49;672;922;672;;7688
08:19:50;672;923;672;;13224
08:19:50;672;923;672;;13248
08:19:51;672;923;672;;7708
08:19:51;672;923;672;;13224
08:19:52;672;922;672;;13252
08:19:52;672;922;672;;13248
08:19:53;672;923;672;;7788
08:19:53;672;923;672;;13248
08:19:54;672;923;672;;7788
08:19:54;672;923;672;;13224
08:19:55;672;923;672;;7832
08:19:55;672;923;672;;13276
08:19:56;672;923;672;;13252
08:19:56;672;923;672;;13256
08:19:57;672;923;672;;13196
08:19:57;672;923;672;;13224
08:19:58;672;923;672;;13252
08:19:59;672;924;672;;13252
08:19:59;672;924;672;;13224
08:20:00;672;924;672;;13252
08:20:00;672;924;672;;13248
08:20:01;672;924;672;;13248
08:20:01;672;924;672;;13272
08:20:02;672;924;672;;13276
08:20:02;672;924;672;;13328
08:20:03;672;924;672;;13228
08:20:03;672;924;672;;13224
08:20:04;672;924;672;;13200
08:20:04;672;924;672;;13272
08:20:05;672;925;672;;13196
08:20:05;672;925;672;;7740
08:20:06;672;925;672;;13224
08:20:06;672;925;672;;7736
08:20:07;672;925;672;;13224
08:20:07;672;925;672;;13276
08:20:08;672;925;672;;7712
08:20:08;672;925;672;;13196
08:20:09;672;925;672;;7688
08:20:09;672;925;672;;13324
08:20:10;672;925;673;;13224
08:20:10;672;925;673;;13276
08:20:11;672;926;673;;7788
08:20:11;672;926;673;;13256
08:20:12;672;926;673;;13220
08:20:12;672;926;673;;7764
08:20:13;673;926;673;;7836
08:20:13;673;926;673;;13252
08:20:14;673;926;673;;7688
08:20:14;673;926;673;;13272
08:20:15;673;926;673;;13224
08:20:15;673;926;673;;13324
08:20:16;673;926;673;;13224
08:20:16;673;926;673;;7812
08:20:17;673;926;673;;13228
08:20:17;673;926;673;;13332
08:20:18;673;927;673;;7812
08:20:18;673;927;673;;13248
08:20:19;673;927;673;;7792
08:20:19;673;927;673;;13248
08:20:20;673;927;673;;13232
08:20:20;673;927;673;;13224
08:20:21;673;927;673;;13248
08:20:21;673;927;673;;7676
08:20:22;673;927;673;;13224
08:20:22;673;927;673;;7740
08:20:23;673;928;673;;13224
08:20:23;673;928;673;;7688
08:20:24;673;928;673;;13224
08:20:24;673;928;673;;13232
08:20:25;673;928;673;;13252
08:20:25;673;928;673;;7664
08:20:26;673;928;673;;7788
08:20:26;673;928;673;;13252
08:20:27;673;928;673;;13196
08:20:28;673;928;673;;13228
08:20:28;673;928;673;;7784
08:20:29;673;928;673;;7712
08:20:29;673;928;673;;7688
08:20:30;673;929;673;;13228
08:20:30;673;929;673;;13248
08:20:31;673;929;673;;13200
08:20:31;673;929;673;;13196
08:20:32;673;929;673;;13276
08:20:32;673;929;673;;13228
08:20:33;673;929;673;;7688
08:20:33;673;929;673;;13328
08:20:34;673;929;673;;13224
08:20:34;673;929;673;;13248
08:20:35;673;929;673;;13228
08:20:35;673;929;673;;13276
08:20:36;673;930;674;;13220
08:20:36;673;930;674;;13336
08:20:37;673;930;674;;13224
08:20:37;673;930;674;;13220
08:20:38;673;930;674;;7760
08:20:38;673;930;674;;13228
08:20:39;674;930;674;;13224
08:20:39;674;930;674;;13224
08:20:40;674;930;674;;13224
08:20:40;674;930;674;;13324
08:20:41;674;930;674;;13276
08:20:41;674;930;674;;13224
08:20:42;674;931;674;;13300
08:20:42;674;931;674;;13248
08:20:43;674;931;674;;13200
08:20:43;674;931;674;;13252
08:20:44;674;931;674;;7760
08:20:44;674;931;674;;13324
08:20:45;674;931;674;;7760
08:20:45;674;931;674;;13224
08:20:46;674;931;674;;13252
08:20:46;674;931;674;;13224
08:20:47;674;931;674;;13300
08:20:47;674;931;674;;13272
08:20:48;674;931;674;;13244
08:20:48;674;931;674;;13224
08:20:49;674;932;674;;13224
08:20:49;674;932;674;;13300
08:20:50;674;932;674;;13276
08:20:50;674;932;674;;13276
08:20:51;674;932;674;;13220
08:20:51;674;932;674;;13276
08:20:52;674;932;674;;13248
08:20:52;674;932;674;;13196
08:20:53;674;932;674;;13200
08:20:53;674;932;674;;13196
08:20:54;674;932;674;;13248
08:20:55;674;932;674;;7812
08:20:55;674;932;674;;13200
08:20:56;674;933;674;;13228
08:20:56;674;933;674;;13224
08:20:57;674;933;674;;11852
08:20:57;674;933;674;;7736
08:20:58;674;933;674;;13252
08:20:58;674;933;674;;13228
08:20:59;674;933;674;;13248
08:20:59;674;933;674;;13328
08:21:00;674;933;674;;13232
08:21:00;674;933;674;;13244
08:21:01;674;933;674;;7712
08:21:01;674;933;674;;13224
08:21:02;674;933;674;;13252
08:21:02;674;933;674;;13224
08:21:03;674;934;674;;13224
08:21:03;674;934;674;;7712
08:21:04;674;933;674;;13252
08:21:04;674;933;674;;13224
08:21:05;674;934;674;;13252
08:21:05;674;934;674;;13220
08:21:06;674;934;674;;13252
08:21:06;674;934;674;;7812
08:21:07;674;934;674;;13196
08:21:07;674;934;674;;13248
08:21:08;674;934;674;;13224
08:21:08;674;934;674;;7684
08:21:09;674;934;675;;13196
08:21:09;674;934;675;;13256
08:21:10;674;935;675;;13248
08:21:10;674;935;675;;13296
08:21:11;674;935;675;;13224
08:21:11;674;935;675;;13224
08:21:12;675;935;675;;13228
08:21:12;675;935;675;;13196
08:21:13;675;935;675;;13244
08:21:13;675;935;675;;13196
08:21:14;675;935;675;;13228
08:21:14;675;935;675;;7736
08:21:15;675;935;675;;7760
08:21:15;675;935;675;;7712
08:21:16;675;935;675;;13248
08:21:16;675;935;675;;13200
08:21:17;675;935;675;;13220
08:21:17;675;935;675;;13272
08:21:18;675;936;675;;13272
08:21:18;675;936;675;;13196
08:21:19;675;936;675;;13224
08:21:19;675;936;675;;13224
08:21:20;675;936;675;;13224
08:21:20;675;936;675;;7672
08:21:21;675;936;675;;13196
08:21:22;675;936;675;;13256
08:21:22;675;936;675;;7884
08:21:23;675;936;675;;13256
08:21:23;675;936;675;;13196
08:21:24;675;937;675;;13244
08:21:24;675;937;675;;13200
08:21:25;675;937;675;;13224
08:21:25;675;937;675;;13324
08:21:26;675;937;675;;13220
08:21:26;675;937;675;;13272
08:21:27;675;937;675;;13200
08:21:27;675;937;675;;13300
08:21:28;675;937;675;;13196
08:21:28;675;937;675;;13228
08:21:29;675;937;675;;13224
08:21:29;675;937;675;;13228
08:21:30;675;938;675;;13248
08:21:30;675;938;675;;13224
08:21:31;675;938;675;;13228
08:21:31;675;938;675;;13224
08:21:32;675;938;675;;11896
08:21:32;675;938;675;;13252
08:21:33;675;938;675;;7860
08:21:33;675;938;675;;13200
08:21:34;675;938;675;;13224
08:21:34;675;938;675;;7808
08:21:35;675;938;675;;13224
08:21:35;675;938;675;;13252
08:21:36;675;939;675;;13296
08:21:36;675;939;675;;13220
08:21:37;675;939;675;;13196
08:21:37;675;939;675;;13196
08:21:38;675;939;675;;13248
08:21:38;675;939;675;;13252
08:21:39;675;939;675;;13252
08:21:39;675;939;675;;13220
08:21:40;675;939;676;;13196
08:21:40;675;939;676;;13272
08:21:41;675;939;676;;13248
08:21:41;675;939;676;;13224
08:21:42;676;939;676;;13224
08:21:42;676;939;676;;13228
08:21:43;676;939;676;;13224
08:21:43;676;939;676;;13224
08:21:44;676;939;676;;13224
08:21:44;676;939;676;;13220
08:21:45;676;940;676;;13224
08:21:45;676;940;676;;13252
08:21:46;676;940;676;;13224
08:21:46;676;940;676;;13248
08:21:47;676;940;676;;13224
08:21:48;676;940;676;;13220
08:21:48;676;940;676;;13276
08:21:49;676;940;676;;13272
08:21:49;676;940;676;;7712
08:21:50;676;940;676;;13228
08:21:50;676;940;676;;13248
08:21:51;676;941;676;;13224
08:21:51;676;941;676;;11776
08:21:52;676;941;676;;13220
08:21:52;676;941;676;;13248
08:21:53;676;941;676;;13224
08:21:53;676;941;676;;13220
08:21:54;676;941;676;;7708
08:21:54;676;941;676;;7692
08:21:55;676;941;676;;7784
08:21:55;676;941;676;;13248
08:21:56;676;942;676;;13196
08:21:56;676;942;676;;13228
08:21:57;676;942;676;;13224
08:21:57;676;942;676;;13276
08:21:58;676;942;676;;7688
08:21:58;676;942;676;;13224
08:21:59;676;942;676;;13248
08:21:59;676;942;676;;13252
08:22:00;676;942;676;;13224
08:22:00;676;942;676;;13252
08:22:01;676;942;676;;13248
08:22:01;676;942;676;;7688
08:22:02;676;942;676;;13296
08:22:02;676;942;676;;13228
08:22:03;676;942;676;;13196
08:22:03;676;942;676;;7764
08:22:04;676;943;676;;13220
08:22:04;676;943;676;;13224
08:22:05;676;943;676;;13220
08:22:05;676;943;676;;13224
08:22:06;676;943;676;;13248
08:22:06;676;943;676;;13248
08:22:07;676;943;676;;7692
08:22:07;676;943;676;;13276
08:22:08;676;943;676;;7640
08:22:08;676;943;676;;13248
08:22:09;676;943;676;;13248
08:22:09;676;943;676;;13256
08:22:10;676;943;676;;13252
08:22:10;676;943;676;;13224
08:22:11;676;943;676;;7836
08:22:11;676;943;676;;7864
08:22:12;676;943;676;;13220
08:22:12;676;943;676;;13248
08:22:13;676;944;677;;13248
08:22:13;676;944;677;;13224
08:22:14;677;944;677;;13300
08:22:14;677;944;677;;13196
08:22:15;677;944;677;;13220
08:22:16;677;944;677;;13224
08:22:16;677;944;677;;7708
08:22:17;677;944;677;;13228
08:22:17;677;944;677;;11852
08:22:18;677;944;677;;13248
08:22:18;677;944;677;;7784
08:22:19;677;944;677;;13252
08:22:19;677;944;677;;13220
08:22:20;677;945;677;;13220
08:22:20;677;945;677;;7712
08:22:21;677;945;677;;13244
08:22:21;677;945;677;;7736
08:22:22;677;945;677;;13328
08:22:22;677;945;677;;11800
08:22:23;677;945;677;;13272
08:22:23;677;945;677;;13272
08:22:24;677;946;677;;13224
08:22:24;677;946;677;;7708
08:22:25;677;945;677;;7712
08:22:25;677;945;677;;13228
08:22:26;677;946;677;;13228
08:22:26;677;946;677;;13224
08:22:27;677;946;677;;7760
08:22:27;677;946;677;;13272
08:22:28;677;946;677;;13276
08:22:28;677;946;677;;13328
08:22:29;677;946;677;;13200
08:22:29;677;946;677;;13224
08:22:30;677;947;677;;7740
08:22:30;677;947;677;;7712
08:22:31;677;947;677;;13300
08:22:31;677;947;677;;11860
08:22:32;677;947;677;;13248
08:22:32;677;947;677;;13224
08:22:33;677;947;677;;13220
08:22:33;677;947;677;;13248
08:22:34;677;947;677;;7784
08:22:34;677;947;677;;13224
08:22:35;677;947;677;;7692
08:22:35;677;947;677;;13276
08:22:36;677;947;677;;13248
08:22:36;677;947;677;;13272
08:22:37;677;947;677;;13224
08:22:37;677;947;677;;13224
08:22:38;677;948;677;;13224
08:22:38;677;948;677;;13224
08:22:39;677;947;677;;13248
08:22:39;677;947;677;;13200
08:22:40;677;948;677;;13244
08:22:40;677;948;677;;13196
08:22:41;677;948;677;;13328
08:22:41;677;948;677;;13224
08:22:42;677;948;678;;13276
08:22:43;677;948;677;;13224
08:22:43;677;948;677;;13324
08:22:44;677;949;678;;13224
08:22:44;677;949;678;;13248
08:22:45;678;949;678;;13252
08:22:45;678;949;678;;7764
08:22:46;678;949;678;;7712
08:22:46;678;949;678;;13228
08:22:47;678;949;678;;13200
08:22:47;678;949;678;;13220
08:22:48;678;949;678;;7684
08:22:48;678;949;678;;7784
08:22:49;678;949;678;;13204
08:22:49;678;949;678;;13196
08:22:50;678;950;678;;7708
08:22:50;678;950;678;;13248
08:22:51;678;950;678;;13276
08:22:51;678;950;678;;13224
08:22:52;678;950;678;;7736
08:22:52;678;950;678;;7712
08:22:53;678;950;678;;7860
08:22:53;678;950;678;;13220
08:22:54;678;950;678;;13304
08:22:54;678;950;678;;7768
08:22:55;678;950;678;;7760
08:22:55;678;950;678;;7684
08:22:56;678;951;678;;13260
08:22:56;678;951;678;;13328
08:22:57;678;951;678;;13232
08:22:57;678;951;678;;7688
08:22:58;678;951;678;;13196
08:22:58;678;951;678;;13232
08:22:59;678;951;678;;13244
08:22:59;678;951;678;;13352
08:23:00;678;951;678;;13300
08:23:00;678;951;678;;13224
08:23:01;678;951;678;;11900
08:23:01;678;951;678;;13276
08:23:02;678;951;678;;13224
08:23:02;678;951;678;;13328
08:23:03;678;951;678;;13248
08:23:03;678;951;678;;13224
08:23:04;678;951;678;;13252
08:23:04;678;951;678;;7692
08:23:05;678;952;678;;13228
08:23:05;678;952;678;;13248
08:23:06;678;952;678;;7788
08:23:06;678;952;678;;13300
08:23:07;678;952;678;;7712
08:23:07;678;952;678;;13272
08:23:08;678;952;678;;13224
08:23:08;678;952;678;;13224
08:23:09;678;952;678;;13224
08:23:09;678;952;678;;13272
08:23:10;678;952;678;;13248
08:23:11;678;952;678;;13248
08:23:11;678;952;678;;13224
08:23:12;678;953;679;;13248
08:23:12;678;953;679;;13248
08:23:13;678;953;678;;13244
08:23:13;678;953;678;;7692
08:23:14;678;953;679;;13224
08:23:14;678;953;679;;13248
08:23:15;678;953;679;;13324
08:23:15;678;953;679;;13248
08:23:16;679;953;679;;13196
08:23:16;679;953;679;;13200
08:23:17;679;953;679;;7684
08:23:17;679;953;679;;13272
08:23:18;679;954;679;;13200
08:23:18;679;954;679;;13224
08:23:19;679;954;679;;13224
08:23:19;679;954;679;;7784
08:23:20;679;954;679;;13232
08:23:20;679;954;679;;13228
08:23:21;679;954;679;;13244
08:23:21;679;954;679;;13224
08:23:22;679;954;679;;13228
08:23:22;679;954;679;;7684
08:23:23;679;954;679;;13248
08:23:23;679;954;679;;13220
08:23:24;679;954;679;;7712
08:23:24;679;954;679;;13324
08:23:25;679;954;679;;7736
08:23:25;679;954;679;;13204
08:23:26;679;955;679;;7736
08:23:26;679;955;679;;7760
08:23:27;679;955;679;;7708
08:23:27;679;955;679;;13224
08:23:28;679;955;679;;7712
08:23:28;679;955;679;;13272
08:23:29;679;955;679;;7760
08:23:29;679;955;679;;13248
08:23:30;679;955;679;;7864
08:23:30;679;955;679;;13224
08:23:31;679;955;679;;13300
08:23:31;679;955;679;;13200
08:23:32;679;955;679;;13220
08:23:32;679;955;679;;13276
08:23:33;679;955;679;;13224
08:23:33;679;955;679;;13224
08:23:34;679;955;679;;7936
08:23:34;679;955;679;;7760
08:23:35;679;955;679;;13304
08:23:35;679;955;679;;7736
08:23:36;679;956;679;;7736
08:23:36;679;956;679;;13224
08:23:37;679;956;679;;7784
08:23:37;679;956;679;;7708
08:23:38;679;956;679;;13248
08:23:38;679;956;679;;13252
08:23:39;679;956;679;;7840
08:23:39;679;956;679;;13276
08:23:40;679;956;679;;13224
08:23:41;679;956;679;;13248
08:23:41;679;956;679;;13232
08:23:42;679;956;679;;13244
08:23:42;679;956;679;;7736
08:23:43;679;957;679;;13220
08:23:43;679;957;679;;13224
08:23:44;679;957;679;;13272
08:23:44;679;957;679;;13272
08:23:45;679;957;679;;7732
08:23:45;679;957;679;;13320
08:23:46;679;957;679;;7812
08:23:46;679;957;679;;13328
08:23:47;679;957;679;;7736
08:23:47;679;957;679;;13196
08:23:48;679;957;679;;13248
08:23:48;679;957;679;;11824
08:23:49;679;957;680;;13224
08:23:49;679;957;680;;11820
08:23:50;679;958;680;;13196
08:23:50;679;958;680;;7712
08:23:51;679;958;680;;7688
08:23:51;679;958;680;;7792
08:23:52;679;957;680;;13224
08:23:52;679;957;680;;13220
08:23:53;680;958;680;;13220
08:23:53;680;958;680;;13244
08:23:54;680;958;680;;13268
08:23:54;680;958;680;;13220
08:23:55;680;958;680;;7784
08:23:55;680;958;680;;13224
08:23:56;680;958;680;;13220
08:23:56;680;958;680;;13348
08:23:57;680;958;680;;13224
08:23:57;680;958;680;;13220
08:23:58;680;958;680;;13300
08:23:58;680;958;680;;13300
08:23:59;680;959;680;;13304
08:23:59;680;959;680;;13300
08:24:00;680;959;680;;13248
08:24:00;680;959;680;;13220
08:24:01;680;959;680;;13220
08:24:01;680;959;680;;13328
08:24:02;680;959;680;;7736
08:24:02;680;959;680;;13220
08:24:03;680;959;680;;13224
08:24:03;680;959;680;;13332
08:24:04;680;959;680;;13248
08:24:04;680;959;680;;13248
08:24:05;680;959;680;;7716
08:24:05;680;959;680;;13224
08:24:06;680;960;680;;13224
08:24:06;680;960;680;;13252
08:24:07;680;959;680;;13224
08:24:08;680;959;680;;13272
08:24:08;680;959;680;;13252
08:24:09;680;960;680;;13248
08:24:09;680;960;680;;13232
08:24:10;680;960;680;;13196
08:24:10;680;960;680;;13272
08:24:11;680;960;680;;7708
08:24:11;680;960;680;;7760
08:24:12;680;960;680;;7736
08:24:12;680;960;680;;13224
08:24:13;680;960;680;;13252
08:24:13;680;960;680;;13224
08:24:14;680;960;680;;13272
08:24:14;680;960;680;;13224
08:24:15;680;960;680;;13228
08:24:15;680;960;680;;13256
08:24:16;680;961;680;;13224
08:24:16;680;961;680;;13220
08:24:17;680;961;680;;13224
08:24:17;680;961;680;;13272
08:24:18;680;961;680;;13324
08:24:18;680;961;680;;7740
08:24:19;680;961;680;;13300
08:24:19;680;961;680;;7708
08:24:20;680;961;680;;7832
08:24:20;680;961;680;;11824
08:24:21;680;961;680;;7696
08:24:21;680;961;680;;13248
08:24:22;680;961;680;;13228
08:24:22;680;961;680;;13276
08:24:23;680;961;680;;13272
08:24:23;680;961;680;;13196
08:24:24;680;961;680;;13220
08:24:24;680;961;680;;13220
08:24:25;680;961;680;;13200
08:24:25;680;961;680;;13228
08:24:26;680;961;680;;7740
08:24:26;680;961;680;;13272
08:24:27;680;962;680;;13300
08:24:27;680;962;680;;13220
08:24:28;680;961;680;;7660
08:24:28;680;961;680;;7708
08:24:29;680;961;680;;13248
08:24:29;680;961;680;;13224
08:24:30;680;962;680;;13248
08:24:30;680;962;680;;7688
08:24:31;680;962;680;;13196
08:24:31;680;962;680;;13224
08:24:32;680;962;681;;13228
08:24:32;680;962;681;;13248
08:24:33;681;962;681;;13228
08:24:33;681;962;681;;13220
08:24:34;681;962;681;;13192
08:24:34;681;962;681;;13224
08:24:35;681;962;681;;13248
08:24:36;681;962;681;;13248
08:24:36;681;962;681;;13220
08:24:37;681;962;681;;13252
08:24:37;681;962;681;;13248
08:24:38;681;962;681;;7688
08:24:38;681;962;681;;13228
08:24:39;681;962;681;;13228
08:24:39;681;962;681;;13244
08:24:40;681;963;681;;13276
08:24:40;681;963;681;;13224
08:24:41;681;963;681;;13256
08:24:41;681;963;681;;13192
08:24:42;681;963;681;;13220
08:24:42;681;963;681;;13324
08:24:43;681;963;681;;13252
08:24:43;681;963;681;;13296
08:24:44;681;963;681;;7712
08:24:44;681;963;681;;7688
08:24:45;681;963;681;;7712
08:24:45;681;963;681;;13224
08:24:46;681;963;681;;7808
08:24:46;681;963;681;;13228
08:24:47;681;963;681;;13200
08:24:47;681;963;681;;13220
08:24:48;681;964;681;;13228
08:24:48;681;964;681;;13248
08:24:49;681;964;681;;13220
08:24:49;681;964;681;;7684
08:24:50;681;964;681;;13276
08:24:50;681;964;681;;13220
08:24:51;681;964;681;;13256
08:24:51;681;964;681;;13224
08:24:52;681;964;681;;13220
08:24:52;681;964;681;;13220
08:24:53;681;964;681;;13248
08:24:53;681;964;681;;13252
08:24:54;681;964;681;;7712
08:24:54;681;964;681;;13220
08:24:55;681;964;681;;13224
08:24:55;681;964;681;;7684
08:24:56;681;964;681;;11872
08:24:56;681;964;681;;13224
08:24:57;681;964;681;;7812
08:24:57;681;964;681;;13196
08:24:58;681;964;681;;7684
08:24:58;681;964;681;;13224
08:24:59;681;964;681;;13224
08:24:59;681;964;681;;13224
08:25:00;681;964;681;;13224
08:25:00;681;964;681;;7736
08:25:01;681;965;681;;13228
08:25:01;681;965;681;;13248
08:25:02;681;965;681;;7688
08:25:03;681;964;681;;13220
08:25:03;681;964;681;;13248
08:25:04;681;965;681;;13224
08:25:04;681;965;681;;13300
08:25:05;681;965;681;;7684
08:25:05;681;965;681;;11800
08:25:06;681;965;681;;13196
08:25:06;681;965;681;;7708
08:25:07;681;965;681;;13248
08:25:07;681;965;681;;13200
08:25:08;681;965;681;;7712
08:25:08;681;965;681;;13196
08:25:09;681;965;681;;13276
08:25:09;681;965;681;;13248
08:25:10;681;965;681;;13248
08:25:10;681;965;681;;13220
08:25:11;681;965;681;;13224
08:25:11;681;965;681;;13276
08:25:12;681;966;681;;13248
08:25:12;681;966;681;;13348
08:25:13;681;966;681;;13252
08:25:13;681;966;681;;7740
08:25:14;681;966;681;;13252
08:25:14;681;966;681;;7708
08:25:15;681;965;681;;13300
08:25:15;681;965;681;;13224
08:25:16;681;966;681;;13224
08:25:16;681;966;681;;13320
08:25:17;681;966;681;;13248
08:25:17;681;966;681;;13248
08:25:18;681;966;681;;7736
08:25:18;681;966;681;;7836
08:25:19;681;966;681;;13272
08:25:19;681;966;681;;13248
08:25:20;681;966;682;;7760
08:25:20;681;966;682;;13196
08:25:21;681;966;682;;7732
08:25:21;681;966;682;;7712
08:25:22;681;967;682;;7688
08:25:22;681;967;682;;7676
08:25:23;682;966;682;;13200
08:25:23;682;966;682;;13276
08:25:24;682;966;682;;13256
08:25:24;682;966;682;;13248
08:25:25;682;967;682;;13220
08:25:25;682;967;682;;13272
08:25:26;682;967;682;;13300
08:25:26;682;967;682;;13196
08:25:27;682;967;682;;7712
08:25:27;682;967;682;;7736
08:25:28;682;967;682;;13224
08:25:28;682;967;682;;13252
08:25:29;682;967;682;;7784
08:25:29;682;967;682;;13220
08:25:30;682;967;682;;13224
08:25:30;682;967;682;;13220
08:25:31;682;967;682;;7836
08:25:32;682;967;682;;13248
08:25:32;682;967;682;;13220
08:25:33;682;967;682;;13224
08:25:33;682;967;682;;13224
08:25:34;682;967;682;;13224
08:25:34;682;967;682;;7688
08:25:35;682;967;682;;7732
08:25:35;682;967;682;;13248
08:25:36;682;967;682;;13224
08:25:36;682;967;682;;7732
08:25:37;682;968;682;;13224
08:25:37;682;968;682;;13248
08:25:38;682;967;682;;13248
08:25:38;682;967;682;;13220
08:25:39;682;967;682;;13220
08:25:39;682;967;682;;13224
08:25:40;682;968;682;;13224
08:25:40;682;968;682;;13272
08:25:41;682;968;682;;13220
08:25:41;682;968;682;;13272
08:25:42;682;968;682;;13248
08:25:42;682;968;682;;13252
08:25:43;682;968;682;;13228
08:25:43;682;968;682;;7708
08:25:44;682;968;682;;13252
08:25:44;682;968;682;;13224
08:25:45;682;968;682;;7708
08:25:45;682;968;682;;13224
08:25:46;682;968;682;;13220
08:25:46;682;968;682;;13220
08:25:47;682;968;682;;7664
08:25:47;682;968;682;;13324
08:25:48;682;968;682;;7736
08:25:48;682;968;682;;13320
08:25:49;682;968;682;;7708
08:25:49;682;968;682;;13224
08:25:50;682;969;682;;11876
08:25:50;682;969;682;;13220
08:25:51;682;969;682;;13244
08:25:51;682;969;682;;7684
08:25:52;682;969;682;;13220
08:25:52;682;969;682;;7664
08:25:53;682;969;682;;13224
08:25:53;682;969;682;;13328
08:25:54;682;969;682;;13228
08:25:54;682;969;682;;13228
08:25:55;682;969;682;;7884
08:25:55;682;969;682;;13248
08:25:56;682;969;682;;13252
08:25:56;682;969;682;;13248
08:25:57;682;969;682;;13248
08:25:57;682;969;682;;13220
08:25:58;682;969;682;;13224
08:25:58;682;969;682;;7736
08:25:59;682;969;682;;13224
08:26:00;682;969;682;;13248
08:26:00;682;969;682;;13224
08:26:01;682;969;682;;13224
08:26:01;682;969;682;;7732
08:26:02;682;969;682;;13224
08:26:02;682;969;682;;13224
08:26:03;682;970;682;;13224
08:26:03;682;970;682;;13232
08:26:04;682;970;682;;13196
08:26:04;682;970;682;;13240
08:26:05;682;970;682;;13256
08:26:05;682;970;682;;13228
08:26:06;682;970;682;;13196
08:26:06;682;970;682;;13196
08:26:07;682;970;682;;7792
08:26:07;682;970;682;;7832
08:26:08;682;970;682;;13220
08:26:08;682;970;682;;13276
08:26:09;682;970;683;;7760
08:26:09;682;970;683;;13296
08:26:10;682;970;683;;13248
08:26:10;682;970;683;;13224
08:26:11;683;970;682;;13224
08:26:11;683;970;682;;13232
08:26:12;683;970;683;;13224
08:26:12;683;970;683;;13324
08:26:13;683;971;683;;13228
08:26:13;683;971;683;;13236
08:26:14;683;971;683;;13252
08:26:14;683;971;683;;13276
08:26:15;683;971;683;;7736
08:26:15;683;971;683;;13224
08:26:16;683;971;683;;13248
08:26:16;683;971;683;;7712
08:26:17;683;971;683;;13244
08:26:17;683;971;683;;13276
08:26:18;683;971;683;;11876
08:26:18;683;971;683;;11852
08:26:19;683;971;683;;7688
08:26:19;683;971;683;;7756
08:26:20;683;972;683;;13220
08:26:20;683;972;683;;13244
08:26:21;683;971;683;;11860
08:26:21;683;971;683;;13224
08:26:22;683;971;683;;13272
08:26:22;683;971;683;;13276
08:26:23;683;972;683;;13296
08:26:23;683;972;683;;13320
08:26:24;683;972;683;;13224
08:26:24;683;972;683;;13252
08:26:25;683;972;683;;13220
08:26:25;683;972;683;;11852
08:26:26;683;972;683;;13224
08:26:27;683;972;683;;7736
08:26:27;683;972;683;;13276
08:26:28;683;972;683;;13252
08:26:28;683;972;683;;13248
08:26:29;683;972;683;;7712
08:26:29;683;972;683;;7760
08:26:30;683;972;683;;13248
08:26:30;683;972;683;;13248
08:26:31;683;972;683;;13200
08:26:31;683;972;683;;13196
08:26:32;683;972;683;;13220
08:26:32;683;972;683;;13296
08:26:33;683;973;683;;7756
08:26:33;683;973;683;;7712
08:26:34;683;973;683;;13192
08:26:34;683;973;683;;13228
08:26:35;683;973;683;;7688
08:26:35;683;973;683;;13228
08:26:36;683;973;683;;13224
08:26:36;683;973;683;;7716
08:26:37;683;973;683;;13228
08:26:37;683;973;683;;13224
08:26:38;683;973;683;;13232
08:26:38;683;973;683;;13228
08:26:39;683;973;683;;7712
08:26:39;683;973;683;;7688
08:26:40;683;973;683;;13272
08:26:40;683;973;683;;13196
08:26:41;683;973;683;;13224
08:26:41;683;973;683;;13272
08:26:42;683;973;683;;13220
08:26:42;683;973;683;;13224
08:26:43;683;973;683;;13300
08:26:43;683;973;683;;13220
08:26:44;683;973;683;;7760
08:26:44;683;973;683;;7712
08:26:45;683;974;683;;13324
08:26:45;683;974;683;;13320
08:26:46;683;973;683;;7784
08:26:46;683;973;683;;13248
08:26:47;683;973;683;;7808
08:26:47;683;973;683;;13276
08:26:48;683;974;683;;13220
08:26:48;683;974;683;;13224
08:26:49;683;973;683;;13228
08:26:49;683;973;683;;13248
08:26:50;683;974;683;;7808
08:26:50;683;974;683;;13200
08:26:51;683;974;683;;13248
08:26:51;683;974;683;;13224
08:26:52;683;974;683;;13248
08:26:52;683;974;683;;13220
08:26:53;683;974;683;;13248
08:26:53;683;974;683;;13220
08:26:54;683;974;683;;13220
08:26:55;683;974;683;;13224
08:26:55;683;974;683;;13224
08:26:56;683;974;683;;13248
08:26:56;683;974;683;;13220
08:26:57;683;974;683;;7712
08:26:57;683;974;683;;13248
08:26:58;683;974;683;;7812
08:26:58;683;974;683;;13248
08:26:59;683;974;684;;13224
08:26:59;683;974;684;;13248
08:27:00;684;975;684;;7684
08:27:00;684;975;684;;13224
08:27:01;683;975;684;;7760
08:27:01;683;975;684;;13220
08:27:02;684;975;684;;13232
08:27:02;684;975;684;;7732
08:27:03;684;975;684;;13220
08:27:03;684;975;684;;13352
08:27:04;684;975;684;;13192
08:27:04;684;975;684;;7708
08:27:05;684;975;684;;13228
08:27:05;684;975;684;;13224
08:27:06;684;975;684;;13248
08:27:06;684;975;684;;7772
08:27:07;684;975;684;;11876
08:27:07;684;975;684;;13224
08:27:08;684;975;684;;13224
08:27:08;684;975;684;;7736
08:27:09;684;975;684;;13216
08:27:09;684;975;684;;7736
08:27:10;684;975;684;;13224
08:27:10;684;975;684;;13224
08:27:11;684;976;684;;13224
08:27:11;684;976;684;;7760
08:27:12;684;975;684;;7688
08:27:12;684;975;684;;13224
08:27:13;684;976;684;;13228
08:27:13;684;976;684;;7688
08:27:14;684;976;684;;13300
08:27:14;684;976;684;;11952
08:27:15;684;976;684;;13248
08:27:15;684;976;684;;13196
08:27:16;684;976;684;;7760
08:27:16;684;976;684;;7732
08:27:17;684;976;684;;7788
08:27:17;684;976;684;;7708
08:27:18;684;976;684;;7736
08:27:18;684;976;684;;13220
08:27:19;684;976;684;;7712
08:27:19;684;976;684;;13220
08:27:20;684;976;684;;13248
08:27:20;684;976;684;;13248
08:27:21;684;976;684;;13256
08:27:21;684;976;684;;13244
08:27:22;684;976;684;;7708
08:27:22;684;976;684;;13220
08:27:23;684;976;684;;13248
08:27:24;684;976;684;;13252
08:27:24;684;976;684;;13348
08:27:25;684;976;684;;13224
08:27:25;684;976;684;;13220
08:27:26;684;976;684;;7784
08:27:26;684;976;684;;13224
08:27:27;684;977;684;;13244
08:27:27;684;977;684;;11824
08:27:28;684;977;684;;13272
08:27:28;684;977;684;;13196
08:27:29;684;977;684;;13220
08:27:29;684;977;684;;13220
08:27:30;684;977;684;;7716
08:27:30;684;977;684;;13276
08:27:31;684;977;684;;7736
08:27:31;684;977;684;;13252
08:27:32;684;977;684;;13248
08:27:32;684;977;684;;11848
08:27:33;684;977;684;;13324
08:27:33;684;977;684;;13248
08:27:34;684;977;684;;13220
08:27:34;684;977;684;;13248
08:27:35;684;977;684;;13328
08:27:35;684;977;684;;13232
08:27:36;684;978;684;;13220
08:27:36;684;978;684;;13252
08:27:37;684;978;684;;13276
08:27:37;684;978;684;;7712
08:27:38;684;978;684;;7688
08:27:38;684;978;684;;13272
08:27:39;684;978;684;;13248
08:27:39;684;978;684;;7760
08:27:40;684;978;684;;7712
08:27:40;684;978;684;;11752
08:27:41;684;978;684;;13220
08:27:41;684;978;684;;13248
08:27:42;684;978;684;;13220
08:27:42;684;978;684;;13276
08:27:43;684;978;684;;13196
08:27:43;684;978;684;;13248
08:27:44;684;978;684;;7688
08:27:44;684;978;684;;7712
08:27:45;684;978;684;;13244
08:27:45;684;978;684;;13256
08:27:46;684;978;684;;13196
08:27:46;684;978;684;;13224
08:27:47;684;978;684;;13248
08:27:47;684;978;684;;13248
08:27:48;684;978;685;;7712
08:27:48;684;978;685;;13252
08:27:49;684;978;684;;13248
08:27:49;684;978;684;;13228
08:27:50;684;979;685;;13224
08:27:50;684;979;685;;13244
08:27:51;685;979;685;;13248
08:27:52;685;978;685;;13272
08:27:52;685;978;685;;13248
08:27:53;685;979;685;;7732
08:27:53;685;979;685;;7784
08:27:54;685;979;685;;13220
08:27:54;685;979;685;;13220
08:27:55;685;979;685;;7760
08:27:55;685;979;685;;13248
08:27:56;685;979;685;;13324
08:27:56;685;979;685;;13196
08:27:57;685;979;685;;13248
08:27:57;685;979;685;;7688
08:27:58;685;979;685;;7668
08:27:58;685;979;685;;13248
08:27:59;685;979;685;;13248
08:27:59;685;979;685;;13248
08:28:00;685;979;685;;7688
08:28:00;685;979;685;;13220
08:28:01;685;979;685;;13228
08:28:01;685;979;685;;13248
08:28:02;685;979;685;;13252
08:28:02;685;979;685;;13220
08:28:03;685;979;685;;13248
08:28:03;685;979;685;;7736
08:28:04;685;980;685;;13248
08:28:04;685;980;685;;13220
08:28:05;685;979;685;;11872
08:28:05;685;979;685;;13248
08:28:06;685;979;685;;13248
08:28:06;685;979;685;;13244
08:28:07;685;980;685;;13220
08:28:07;685;980;685;;13276
08:28:08;685;980;685;;13244
08:28:08;685;980;685;;13224
08:28:09;685;980;685;;7736
08:28:09;685;980;685;;13224
08:28:10;685;980;685;;13224
08:28:10;685;980;685;;13248
08:28:11;685;980;685;;13224
08:28:11;685;980;685;;13224
08:28:12;685;980;685;;13220
08:28:12;685;980;685;;13244
08:28:13;685;980;685;;7664
08:28:13;685;980;685;;13224
08:28:14;685;980;685;;7684
08:28:14;685;980;685;;13224
08:28:15;685;980;685;;13220
08:28:15;685;980;685;;13220
08:28:16;685;980;685;;13300
08:28:16;685;980;685;;13220
08:28:17;685;980;685;;13220
08:28:17;685;980;685;;13220
08:28:18;685;980;685;;13228
08:28:19;685;980;685;;13224
08:28:19;685;980;685;;13224
08:28:20;685;981;685;;7684
08:28:20;685;981;685;;13252
08:28:21;685;980;685;;13224
08:28:21;685;980;685;;13220
08:28:22;685;981;685;;7764
08:28:22;685;981;685;;13252
08:28:23;685;981;685;;13224
08:28:23;685;981;685;;7736
08:28:24;685;981;685;;13248
08:28:24;685;981;685;;7736
08:28:25;685;981;685;;11872
08:28:25;685;981;685;;13248
08:28:26;685;981;685;;13248
08:28:26;685;981;685;;13224
08:28:27;685;981;685;;13248
08:28:27;685;981;685;;13244
08:28:28;685;981;685;;13296
08:28:28;685;981;685;;13220
08:28:29;685;981;685;;7636
08:28:29;685;981;685;;13272
08:28:30;685;981;685;;13244
08:28:30;685;981;685;;13256
08:28:31;685;981;685;;7684
08:28:31;685;981;685;;13248
08:28:32;685;981;685;;13284
08:28:32;685;981;685;;13216
08:28:33;685;981;685;;13216
08:28:33;685;981;685;;7688
08:28:34;685;981;685;;13220
08:28:34;685;981;685;;7736
08:28:35;685;981;685;;13248
08:28:35;685;981;685;;13224
08:28:36;685;981;685;;13272
08:28:36;685;981;685;;7708
08:28:37;685;982;685;;13248
08:28:37;685;982;685;;13232
08:28:38;685;982;685;;13224
08:28:38;685;982;685;;13276
08:28:39;685;982;685;;13224
08:28:39;685;982;685;;13252
08:28:40;685;982;685;;7712
08:28:40;685;982;685;;13248
08:28:41;685;982;685;;13220
08:28:41;685;982;685;;7688
08:28:42;685;982;685;;13248
08:28:42;685;982;685;;13224
08:28:43;685;982;685;;13244
08:28:43;685;982;685;;13248
08:28:44;685;982;685;;13228
08:28:44;685;982;685;;13248
08:28:45;685;982;685;;13220
08:28:45;685;982;685;;13300
08:28:46;685;982;685;;11824
08:28:47;685;982;685;;13224
08:28:47;685;982;685;;13252
08:28:48;685;982;686;;7712
08:28:48;685;982;686;;13228
08:28:49;685;982;686;;13220
08:28:49;685;982;686;;13228
08:28:50;686;982;686;;7712
08:28:50;686;982;686;;13200
08:28:51;686;983;686;;13256
08:28:51;686;983;686;;13224
08:28:52;686;983;686;;13220
08:28:52;686;983;686;;13248
08:28:53;686;983;686;;13268
08:28:53;686;983;686;;13248
08:28:54;686;983;686;;13248
08:28:54;686;983;686;;7736
08:28:55;686;983;686;;13272
08:28:55;686;983;686;;13232
08:28:56;686;983;686;;7688
08:28:56;686;983;686;;13220
08:28:57;686;983;686;;13224
08:28:57;686;983;686;;13252
08:28:58;686;983;686;;13252
08:28:58;686;983;686;;13248
08:28:59;686;983;686;;13244
08:28:59;686;983;686;;7712
08:29:00;686;983;686;;7712
08:29:00;686;983;686;;13320
08:29:01;686;983;686;;13272
08:29:01;686;983;686;;13220
08:29:02;686;983;686;;13220
08:29:02;686;983;686;;7712
08:29:03;686;984;686;;7760
08:29:03;686;984;686;;13220
08:29:04;686;984;686;;13224
08:29:04;686;984;686;;7736
08:29:05;686;984;686;;13220
08:29:05;686;984;686;;13224
08:29:06;686;984;686;;7684
08:29:06;686;984;686;;13272
08:29:07;686;984;686;;13216
08:29:07;686;984;686;;13252
08:29:08;686;984;686;;13224
08:29:08;686;984;686;;7684
08:29:09;686;984;686;;13276
08:29:09;686;984;686;;13216
08:29:10;686;984;686;;13220
08:29:10;686;984;686;;7764
08:29:11;686;984;686;;13216
08:29:11;686;984;686;;13220
08:29:12;686;984;686;;7732
08:29:12;686;984;686;;13220
08:29:13;686;984;686;;13220
08:29:13;686;984;686;;7668
08:29:14;686;984;686;;13252
08:29:15;686;984;686;;13200
08:29:15;686;984;686;;13272
08:29:16;686;984;686;;13220
08:29:16;686;984;686;;13244
08:29:17;686;985;686;;7736
08:29:17;686;985;686;;13248
08:29:18;686;984;686;;13248
08:29:18;686;984;686;;13216
08:29:19;686;985;686;;7868
08:29:19;686;985;686;;13248
08:29:20;686;985;686;;7784
08:29:20;686;985;686;;7712
08:29:21;686;985;686;;13244
08:29:21;686;985;686;;7708
08:29:22;686;985;686;;13252
08:29:22;686;985;686;;7712
08:29:23;686;985;686;;13272
08:29:23;686;985;686;;13248
08:29:24;686;985;686;;7732
08:29:24;686;985;686;;13228
08:29:25;686;985;686;;7860
08:29:25;686;985;686;;13296
08:29:26;686;985;686;;13228
08:29:26;686;985;686;;11796
08:29:27;686;985;686;;11896
08:29:27;686;985;686;;13220
08:29:28;686;985;686;;13248
08:29:28;686;985;686;;13220
08:29:29;686;985;686;;7736
08:29:29;686;985;686;;13220
08:29:30;686;985;686;;13248
08:29:30;686;985;686;;7736
08:29:31;686;985;686;;13216
08:29:31;686;985;686;;7712
08:29:32;686;985;686;;7740
08:29:32;686;985;686;;13320
08:29:33;686;985;686;;7736
08:29:33;686;985;686;;7712
08:29:34;686;986;686;;13248
08:29:34;686;986;686;;13224
08:29:35;686;985;686;;13272
08:29:35;686;985;686;;13272
08:29:36;686;986;686;;7760
08:29:36;686;986;686;;13220
08:29:37;686;985;686;;13248
08:29:37;686;985;686;;7736
08:29:38;686;986;686;;13220
08:29:38;686;986;686;;13216
08:29:39;686;985;686;;13224
08:29:39;686;985;686;;13252
08:29:40;686;986;686;;13244
08:29:40;686;986;686;;13224
08:29:41;686;986;686;;13228
08:29:41;686;986;686;;13224
08:29:42;686;986;686;;7708
08:29:42;686;986;686;;7688
08:29:43;686;986;686;;7664
08:29:44;686;986;686;;13224
08:29:44;686;986;686;;13244
08:29:45;686;986;687;;13224
08:29:45;686;986;687;;13220
08:29:46;686;986;687;;13296
08:29:46;686;986;687;;7684
08:29:47;686;986;687;;13248
08:29:47;686;986;687;;13224
08:29:48;686;986;687;;13224
08:29:48;686;986;687;;7712
08:29:49;687;986;687;;13248
08:29:49;687;986;687;;13296
08:29:50;686;986;687;;7784
08:29:50;686;986;687;;7712
08:29:51;687;986;687;;7712
08:29:51;687;986;687;;13224
08:29:52;687;987;687;;13248
08:29:52;687;987;687;;7684
08:29:53;687;987;687;;13300
08:29:53;687;987;687;;13324
08:29:54;687;987;687;;7712
08:29:54;687;987;687;;13224
08:29:55;687;987;687;;13196
08:29:55;687;987;687;;13244
08:29:56;687;987;687;;7688
08:29:56;687;987;687;;7712
08:29:57;687;987;687;;13320
08:29:57;687;987;687;;7708
08:29:58;687;987;687;;13272
08:29:58;687;987;687;;13272
08:29:59;687;987;687;;7696
08:29:59;687;987;687;;13224
08:30:00;687;987;687;;7732
08:30:00;687;987;687;;11800
08:30:01;687;987;687;;7684
08:30:01;687;987;687;;13300
08:30:02;687;987;687;;13220
08:30:02;687;987;687;;13248
08:30:03;687;987;687;;7836
08:30:03;687;987;687;;13228
08:30:04;687;988;687;;13248
08:30:04;687;988;687;;13220
08:30:05;687;988;687;;7688
08:30:05;687;988;687;;13224
08:30:06;687;988;687;;7664
08:30:06;687;988;687;;13248
08:30:07;687;988;687;;13224
08:30:07;687;988;687;;13244
08:30:08;687;988;687;;7712
08:30:08;687;988;687;;13220
08:30:09;687;988;687;;13248
08:30:09;687;988;687;;7708
08:30:10;687;988;687;;13268
08:30:10;687;988;687;;13220
08:30:11;687;988;687;;13224
08:30:11;687;988;687;;13192
08:30:12;687;988;687;;13224
08:30:13;687;988;687;;13248
08:30:13;687;988;687;;13224
08:30:14;687;988;687;;13244
08:30:14;687;988;687;;7712
08:30:15;687;988;687;;13224
08:30:15;687;988;687;;13196
08:30:16;687;988;687;;13280
08:30:16;687;988;687;;7708
08:30:17;687;988;687;;13220
08:30:17;687;988;687;;13224
08:30:18;687;988;687;;13244
08:30:18;687;988;687;;13248
08:30:19;687;988;687;;13224
08:30:19;687;988;687;;7708
08:30:20;687;988;687;;7736
08:30:20;687;988;687;;13244
08:30:21;687;988;687;;13296
08:30:21;687;988;687;;13252
08:30:22;687;988;687;;13220
08:30:22;687;988;687;;7736
08:30:23;687;989;687;;7736
08:30:23;687;989;687;;13220
08:30:24;687;989;687;;13276
08:30:24;687;989;687;;13272
08:30:25;687;989;687;;7736
08:30:25;687;989;687;;13244
08:30:26;687;989;687;;7740
08:30:26;687;989;687;;13248
08:30:27;687;989;687;;13248
08:30:27;687;989;687;;7736
08:30:28;687;989;687;;13224
08:30:28;687;989;687;;13248
08:30:29;687;989;687;;13224
08:30:29;687;989;687;;13196
08:30:30;687;989;687;;13244
08:30:30;687;989;687;;13224
08:30:31;687;989;687;;13220
08:30:31;687;989;687;;13224
08:30:32;687;989;687;;13228
08:30:32;687;989;687;;7684
08:30:33;687;989;687;;11800
08:30:33;687;989;687;;7688
08:30:34;687;989;687;;7804
08:30:34;687;989;687;;13252
08:30:35;687;989;687;;13216
08:30:35;687;989;687;;13220
08:30:36;687;989;687;;13252
08:30:36;687;989;687;;13216
08:30:37;687;989;687;;13220
08:30:37;687;989;687;;13272
08:30:38;687;989;687;;13220
08:30:38;687;989;687;;7764
08:30:39;687;990;687;;13276
08:30:39;687;990;687;;13220
08:30:40;687;990;687;;13220
08:30:41;687;990;688;;13220
08:30:41;687;990;688;;13244
08:30:42;687;989;687;;13220
08:30:42;687;989;687;;13220
08:30:43;687;990;687;;13228
08:30:43;687;990;687;;13296
08:30:44;687;990;688;;13244
08:30:44;687;990;688;;13224
08:30:45;687;990;688;;13224
08:30:45;687;990;688;;13220
08:30:46;687;990;688;;13244
08:30:46;687;990;688;;13220
08:30:47;687;990;688;;13320
08:30:47;687;990;688;;13228
08:30:48;687;990;688;;13252
08:30:48;687;990;688;;11796
08:30:49;687;990;688;;13244
08:30:49;687;990;688;;13248
08:30:50;687;990;688;;13220
08:30:50;687;990;688;;7772
08:30:51;687;990;688;;13244
08:30:51;687;990;688;;13224
08:30:52;688;990;688;;11800
08:30:52;688;990;688;;13268
08:30:53;688;990;688;;13248
08:30:53;688;990;688;;13300
08:30:54;688;990;688;;13276
08:30:54;688;990;688;;13220
08:30:55;688;990;688;;13220
08:30:55;688;990;688;;13220
08:30:56;688;990;688;;13252
08:30:56;688;990;688;;13224
08:30:57;688;990;688;;7760
08:30:57;688;990;688;;13276
08:30:58;688;990;688;;13220
08:30:58;688;990;688;;13196
08:30:59;688;990;688;;13228
08:30:59;688;990;688;;13220
08:31:00;688;991;688;;13216
08:31:00;688;991;688;;13220
08:31:01;688;991;688;;13248
08:31:01;688;991;688;;13248
08:31:02;688;991;688;;13244
08:31:02;688;991;688;;13248
08:31:03;688;991;688;;13220
08:31:03;688;991;688;;13220
08:31:04;688;991;688;;7636
08:31:04;688;991;688;;7708
08:31:05;688;991;688;;13224
08:31:05;688;991;688;;13196
08:31:06;688;991;688;;13224
08:31:07;688;991;688;;7688
08:31:07;688;991;688;;13248
08:31:08;688;991;688;;13220
08:31:08;688;991;688;;13220
08:31:09;688;991;688;;13276
08:31:09;688;991;688;;13244
08:31:10;688;991;688;;13220
08:31:10;688;991;688;;13220
08:31:11;688;991;688;;11852
08:31:11;688;991;688;;13224
08:31:12;688;991;688;;13248
08:31:12;688;991;688;;13244
08:31:13;688;991;688;;13192
08:31:13;688;991;688;;13220
08:31:14;688;991;688;;13228
08:31:14;688;991;688;;13220
08:31:15;688;991;688;;13224
08:31:15;688;991;688;;13220
08:31:16;688;991;688;;13324
08:31:16;688;991;688;;13192
08:31:17;688;991;688;;13224
08:31:17;688;991;688;;13248
08:31:18;688;992;688;;13220
08:31:18;688;992;688;;13300
08:31:19;688;992;688;;13244
08:31:19;688;992;688;;7688
08:31:20;688;992;688;;13244
08:31:20;688;992;688;;13244
08:31:21;688;992;688;;7688
08:31:21;688;992;688;;13220
08:31:22;688;992;688;;13220
08:31:22;688;992;688;;13244
08:31:23;688;992;688;;13228
08:31:23;688;992;688;;13220
08:31:24;688;992;688;;13220
08:31:24;688;992;688;;13272
08:31:25;688;992;688;;7760
08:31:25;688;992;688;;13248
08:31:26;688;992;688;;13192
08:31:26;688;992;688;;13224
08:31:27;688;992;688;;13248
08:31:27;688;992;688;;13272
08:31:28;688;992;688;;7688
08:31:28;688;992;688;;13224
08:31:29;688;992;688;;13220
08:31:29;688;992;688;;7736
08:31:30;688;992;688;;13220
08:31:30;688;992;688;;13224
08:31:31;688;992;688;;7684
08:31:31;688;992;688;;13300
08:31:32;688;992;688;;13224
08:31:32;688;992;688;;13324
08:31:33;688;992;688;;7780
08:31:34;688;992;688;;13224
08:31:34;688;992;688;;13224
08:31:35;688;992;688;;13224
08:31:35;688;992;688;;13192
08:31:36;688;993;688;;7664
08:31:36;688;993;688;;13248
08:31:37;688;992;688;;13196
08:31:37;688;992;688;;13272
08:31:38;688;993;688;;13196
08:31:38;688;993;688;;13224
08:31:39;688;993;688;;7856
08:31:39;688;993;688;;13224
08:31:40;688;993;688;;13228
08:31:40;688;993;688;;13344
08:31:41;688;993;688;;13244
08:31:41;688;993;688;;11872
08:31:42;688;993;688;;13248
08:31:42;688;993;688;;13220
08:31:43;688;993;688;;7708
08:31:43;688;993;688;;13224
08:31:44;688;993;688;;13272
08:31:44;688;993;688;;13196
08:31:45;688;993;688;;13224
08:31:45;688;993;688;;13224
08:31:46;688;993;688;;13252
08:31:46;688;993;688;;13244
08:31:47;688;993;688;;7736
08:31:47;688;993;688;;13224
08:31:48;688;993;688;;7784
08:31:48;688;993;688;;13196
08:31:49;688;993;688;;13248
08:31:49;688;993;688;;13220
08:31:50;688;993;689;;13192
08:31:50;688;993;689;;13220
08:31:51;688;993;689;;13248
08:31:51;688;993;689;;13196
08:31:52;688;993;689;;13224
08:31:52;688;993;689;;13224
08:31:53;688;993;689;;13220
08:31:53;688;993;689;;13220
08:31:54;688;993;689;;13220
08:31:54;688;993;689;;13228
08:31:55;688;993;689;;13324
08:31:55;688;993;689;;13228
08:31:56;688;993;689;;7784
08:31:56;688;993;689;;13224
08:31:57;688;994;689;;13220
08:31:57;688;994;689;;13248
08:31:58;689;994;689;;13220
08:31:58;689;994;689;;13252
08:31:59;689;994;689;;11828
08:31:59;689;994;689;;13296
08:32:00;689;994;689;;13272
08:32:01;689;994;689;;7808
08:32:01;689;994;689;;13244
08:32:02;689;994;689;;13220
08:32:02;689;994;689;;13248
08:32:03;689;994;689;;7860
08:32:03;689;994;689;;7688
08:32:04;689;994;689;;13224
08:32:04;689;994;689;;13296
08:32:05;689;994;689;;7812
08:32:05;689;994;689;;13220
08:32:06;689;994;689;;13272
08:32:06;689;994;689;;13244
08:32:07;689;994;689;;13220
08:32:07;689;994;689;;13216
08:32:08;689;994;689;;13244
08:32:08;689;994;689;;13220
08:32:09;689;994;689;;13224
08:32:09;689;994;689;;13224
08:32:10;689;994;689;;13276
08:32:10;689;994;689;;13296
08:32:11;689;994;689;;13228
08:32:11;689;994;689;;13296
08:32:12;689;994;689;;7712
08:32:12;689;994;689;;13216
08:32:13;689;995;689;;13224
08:32:13;689;995;689;;13220
08:32:14;689;995;689;;13220
08:32:14;689;995;689;;13328
08:32:15;689;994;689;;13244
08:32:15;689;994;689;;13248
08:32:16;689;994;689;;13248
08:32:16;689;994;689;;13216
08:32:17;689;995;689;;13220
08:32:17;689;995;689;;13248
08:32:18;689;995;689;;13272
08:32:18;689;995;689;;13248
08:32:19;689;995;689;;13248
08:32:19;689;995;689;;13248
08:32:20;689;995;689;;13248
08:32:20;689;995;689;;13244
08:32:21;689;995;689;;13244
08:32:21;689;995;689;;7632
08:32:22;689;995;689;;13220
08:32:22;689;995;689;;7676
08:32:23;689;995;689;;7908
08:32:23;689;995;689;;13244
08:32:24;689;995;689;;13220
08:32:24;689;995;689;;13248
08:32:25;689;995;689;;13224
08:32:25;689;995;689;;13272
08:32:26;689;995;689;;7732
08:32:26;689;995;689;;13224
08:32:27;689;995;689;;13248
08:32:28;689;995;689;;7808
08:32:28;689;995;689;;13220
08:32:29;689;995;689;;13224
08:32:29;689;995;689;;13252
08:32:30;689;995;689;;13296
08:32:30;689;995;689;;13248
08:32:31;689;995;689;;13248
08:32:31;689;995;689;;13252
08:32:32;689;995;689;;13220
08:32:32;689;995;689;;13224
08:32:33;689;995;689;;13272
08:32:33;689;995;689;;13220
08:32:34;689;995;689;;7784
08:32:34;689;995;689;;13252
08:32:35;689;995;689;;13228
08:32:35;689;995;689;;13228
08:32:36;689;995;689;;13296
08:32:36;689;995;689;;7708
08:32:37;689;996;689;;7736
08:32:37;689;996;689;;13320
08:32:38;689;996;689;;13248
08:32:38;689;996;689;;7708
08:32:39;689;995;689;;13216
08:32:39;689;995;689;;13248
08:32:40;689;996;689;;13248
08:32:40;689;996;689;;7732
08:32:41;689;996;689;;13220
08:32:41;689;996;689;;13244
08:32:42;689;996;689;;7764
08:32:42;689;996;689;;11824
08:32:43;689;996;689;;7764
08:32:43;689;996;689;;13220
08:32:44;689;996;689;;13196
08:32:44;689;996;689;;13248
08:32:45;689;996;689;;13192
08:32:45;689;996;689;;13220
08:32:46;689;996;689;;13248
08:32:46;689;996;689;;13220
08:32:47;689;996;689;;13220
08:32:47;689;996;689;;13324
08:32:48;689;996;689;;13228
08:32:48;689;996;689;;13244
08:32:49;689;996;689;;13220
08:32:49;689;996;689;;13240
08:32:50;689;996;689;;13224
08:32:50;689;996;689;;7832
08:32:51;689;997;689;;7836
08:32:51;689;997;689;;13220
08:32:52;689;996;689;;13220
08:32:52;689;996;689;;13216
08:32:53;689;996;689;;7712
08:32:53;689;996;689;;7688
08:32:54;689;996;689;;13252
08:32:54;689;996;689;;13224
08:32:55;689;997;690;;7712
08:32:56;689;997;689;;13224
08:32:56;689;997;689;;13248
08:32:57;689;997;689;;13224
08:32:57;689;997;689;;13224
08:32:58;689;997;690;;7788
08:32:58;689;997;690;;13244
08:32:59;689;997;690;;13272
08:32:59;689;997;690;;13220
08:33:00;689;997;690;;13248
08:33:00;689;997;690;;13268
08:33:01;690;997;690;;7688
08:33:01;690;997;690;;13272
08:33:02;690;997;690;;13248
08:33:02;690;997;690;;7688
08:33:03;690;997;690;;13220
08:33:03;690;997;690;;13272
08:33:04;690;997;690;;13272
08:33:04;690;997;690;;7712
08:33:05;690;997;690;;13220
08:33:05;690;997;690;;13248
08:33:06;690;997;690;;7736
08:33:06;690;997;690;;13216
08:33:07;690;997;690;;13248
08:33:07;690;997;690;;13220
08:33:08;690;997;690;;13224
08:33:08;690;997;690;;13220
08:33:09;690;997;690;;13272
08:33:09;690;997;690;;13220
08:33:10;690;997;690;;13252
08:33:10;690;997;690;;13220
08:33:11;690;997;690;;13224
08:33:11;690;997;690;;13224
08:33:12;690;997;690;;7760
08:33:12;690;997;690;;13192
08:33:13;690;997;690;;13224
08:33:13;690;997;690;;13248
08:33:14;690;997;690;;13220
08:33:14;690;997;690;;13320
08:33:15;690;997;690;;13248
08:33:15;690;997;690;;13244
08:33:16;690;998;690;;13220
08:33:16;690;998;690;;13220
08:33:17;690;997;690;;13272
08:33:17;690;997;690;;13224
08:33:18;690;998;690;;13252
08:33:18;690;998;690;;7708
08:33:19;690;998;690;;7712
08:33:19;690;998;690;;13248
08:33:20;690;998;690;;13224
08:33:20;690;998;690;;13248
08:33:21;690;998;690;;13248
08:33:21;690;998;690;;13256
08:33:22;690;998;690;;13272
08:33:23;690;998;690;;13216
08:33:23;690;998;690;;13248
08:33:24;690;998;690;;13276
08:33:24;690;998;690;;13220
08:33:25;690;998;690;;7712
08:33:25;690;998;690;;13248
08:33:26;690;998;690;;13244
08:33:26;690;998;690;;13192
08:33:27;690;998;690;;13220
08:33:27;690;998;690;;13224
08:33:28;690;998;690;;13220
08:33:28;690;998;690;;13224
08:33:29;690;998;690;;13276
08:33:29;690;998;690;;13244
08:33:30;690;998;690;;13248
08:33:30;690;998;690;;13224
08:33:31;690;998;690;;7736
08:33:31;690;998;690;;13220
08:33:32;690;998;690;;13224
08:33:32;690;998;690;;7684
08:33:33;690;998;690;;13272
08:33:33;690;998;690;;13220
08:33:34;690;998;690;;13224
08:33:34;690;998;690;;7736
08:33:35;690;998;690;;11824
08:33:35;690;998;690;;11832
08:33:36;690;998;690;;13224
08:33:36;690;998;690;;13224
08:33:37;690;999;690;;7688
08:33:37;690;999;690;;7688
08:33:38;690;999;690;;7712
08:33:38;690;999;690;;13228
08:33:39;690;999;690;;13244
08:33:39;690;999;690;;13220
08:33:40;690;999;690;;13248
08:33:40;690;999;690;;13244
08:33:41;690;999;690;;13224
08:33:41;690;999;690;;13252
08:33:42;690;999;690;;13248
08:33:42;690;999;690;;11920
08:33:43;690;999;690;;13248
08:33:43;690;999;690;;13244
08:33:44;690;999;690;;7788
08:33:44;690;999;690;;7712
08:33:45;690;999;690;;7712
08:33:45;690;999;690;;13252
08:33:46;690;999;690;;13244
08:33:46;690;999;690;;13272
08:33:47;690;999;690;;7760
08:33:47;690;999;690;;7688
08:33:48;690;999;690;;7736
08:33:48;690;999;690;;13224
08:33:49;690;999;690;;13248
08:33:49;690;999;690;;13292
08:33:50;690;999;690;;13220
08:33:51;690;999;690;;13272
08:33:51;690;999;690;;13220
08:33:52;690;999;690;;13272
08:33:52;690;999;690;;13272
08:33:53;690;999;690;;13220
08:33:53;690;999;690;;13244
08:33:54;690;999;690;;13272
08:33:54;690;999;690;;13244
08:33:55;690;999;690;;13220
08:33:55;690;999;690;;13224
08:33:56;690;999;690;;7684
08:33:56;690;999;690;;13324
08:33:57;690;1000;690;;13224
08:33:57;690;1000;690;;13220
08:33:58;690;1000;690;;13220
08:33:58;690;1000;690;;7684
08:33:59;690;999;690;;13244
08:33:59;690;999;690;;13272
08:34:00;690;1000;690;;7760
08:34:00;690;1000;690;;13248
08:34:01;690;1000;690;;13224
08:34:01;690;1000;690;;13220
08:34:02;690;1000;690;;13192
08:34:02;690;1000;690;;13248
08:34:03;690;1000;690;;13216
08:34:03;690;1000;690;;13244
08:34:04;690;1000;690;;7684
08:34:04;690;1000;690;;7688
08:34:05;690;1000;690;;13220
08:34:05;690;1000;690;;13248
08:34:06;690;1000;690;;13252
08:34:06;690;1000;690;;13248
08:34:07;690;1000;690;;11800
08:34:07;690;1000;690;;13224
08:34:08;690;1000;690;;13272
08:34:08;690;1000;690;;13220
08:34:09;690;1000;690;;7708
08:34:09;690;1000;690;;7736
08:34:10;690;1000;691;;13228
08:34:10;690;1000;691;;13224
08:34:11;690;1000;691;;13220
08:34:11;690;1000;691;;13244
08:34:12;690;1000;691;;13220
08:34:12;690;1000;691;;13248
08:34:13;690;1000;690;;13276
08:34:13;690;1000;690;;13220
08:34:14;690;1000;691;;7732
08:34:14;690;1000;691;;13252
08:34:15;690;1000;691;;13228
08:34:15;690;1000;691;;13192
08:34:16;690;1000;691;;13220
08:34:16;690;1000;691;;13248
08:34:17;691;1000;691;;7736
08:34:18;690;1000;691;;13244
08:34:18;690;1000;691;;13248
08:34:19;691;1000;691;;13372
08:34:19;691;1000;691;;13276
08:34:20;691;1000;691;;13216
08:34:20;691;1000;691;;13320
08:34:21;691;1000;691;;13248
08:34:21;691;1000;691;;13244
08:34:22;691;1000;691;;13248
08:34:22;691;1000;691;;13332
08:34:23;691;1000;691;;13224
08:34:23;691;1000;691;;13224
08:34:24;691;1000;691;;13280
08:34:24;691;1000;691;;13200
08:34:25;691;1000;691;;13224
08:34:25;691;1000;691;;7708
08:34:26;691;1000;691;;13244
08:34:26;691;1000;691;;13244
08:34:27;691;1000;691;;13220
08:34:27;691;1000;691;;13276
08:34:28;691;1000;691;;13272
08:34:28;691;1000;691;;13248
08:34:29;691;1000;691;;13220
08:34:29;691;1000;691;;13268
08:34:30;691;1001;691;;13224
08:34:30;691;1001;691;;13220
08:34:31;691;1000;691;;13324
08:34:31;691;1000;691;;7788
08:34:32;691;1000;691;;11824
08:34:32;691;1000;691;;13244
08:34:33;691;1000;691;;7760
08:34:33;691;1000;691;;13272
08:34:34;691;1001;691;;13272
08:34:34;691;1001;691;;11872
08:34:35;691;1001;691;;13224
08:34:35;691;1001;691;;7668
08:34:36;691;1000;691;;13248
08:34:36;691;1000;691;;13248
08:34:37;691;1001;691;;13224
08:34:37;691;1001;691;;13320
08:34:38;691;1001;691;;13244
08:34:38;691;1001;691;;7712
08:34:39;691;1001;691;;13224
08:34:39;691;1001;691;;13224
08:34:40;691;1001;691;;13248
08:34:40;691;1001;691;;13220
08:34:41;691;1001;691;;13272
08:34:41;691;1001;691;;7708
08:34:42;691;1001;691;;13248
08:34:42;691;1001;691;;13272
08:34:43;691;1001;691;;13196
08:34:43;691;1001;691;;13296
08:34:44;691;1001;691;;13228
08:34:45;691;1001;691;;13296
08:34:45;691;1001;691;;7688
08:34:46;691;1001;691;;13220
08:34:46;691;1001;691;;13216
08:34:47;691;1001;691;;7708
08:34:47;691;1001;691;;13224
08:34:48;691;1001;691;;7712
08:34:48;691;1001;691;;13224
08:34:49;691;1001;691;;13224
08:34:49;691;1001;691;;13244
08:34:50;691;1001;691;;13220
08:34:50;691;1001;691;;13248
08:34:51;691;1001;691;;13252
08:34:51;691;1001;691;;13244
08:34:52;691;1001;691;;13244
08:34:52;691;1001;691;;13220
08:34:53;691;1001;691;;13220
08:34:53;691;1001;691;;7712
08:34:54;691;1001;691;;13300
08:34:54;691;1001;691;;13324
08:34:55;691;1001;691;;13220
08:34:55;691;1001;691;;7760
08:34:56;691;1001;691;;13228
08:34:56;691;1001;691;;13248
08:34:57;691;1001;691;;7812
08:34:57;691;1001;691;;13228
08:34:58;691;1001;691;;13220
08:34:58;691;1001;691;;13220
08:34:59;691;1001;691;;13192
08:34:59;691;1001;691;;13252
08:35:00;691;1001;691;;13252
08:35:00;691;1001;691;;13248
08:35:01;691;1002;691;;13268
08:35:01;691;1002;691;;13252
08:35:02;691;1002;691;;13220
08:35:02;691;1002;691;;13324
08:35:03;691;1002;691;;13248
08:35:03;691;1002;691;;11800
08:35:04;691;1002;691;;7732
08:35:04;691;1002;691;;13220
08:35:05;691;1002;691;;13248
08:35:05;691;1002;691;;13244
08:35:06;691;1002;691;;13220
08:35:06;691;1002;691;;13252
08:35:07;691;1002;691;;13244
08:35:07;691;1002;691;;13220
08:35:08;691;1002;691;;13244
08:35:08;691;1002;691;;13220
08:35:09;691;1002;691;;13220
08:35:09;691;1002;691;;7736
08:35:10;691;1002;691;;13224
08:35:10;691;1002;691;;13248
08:35:11;691;1002;691;;13200
08:35:12;691;1002;691;;13244
08:35:12;691;1002;691;;11872
08:35:13;691;1002;691;;13220
08:35:13;691;1002;691;;13224
08:35:14;691;1002;691;;13200
08:35:14;691;1002;691;;13248
08:35:15;691;1002;691;;7688
08:35:15;691;1002;691;;7788
08:35:16;691;1002;691;;7736
08:35:16;691;1002;691;;13244
08:35:17;691;1002;691;;7688
08:35:17;691;1002;691;;13220
08:35:18;691;1002;691;;7736
08:35:18;691;1002;691;;13248
08:35:19;691;1002;691;;13220
08:35:19;691;1002;691;;13292
08:35:20;691;1002;691;;13196
08:35:20;691;1002;691;;13252
08:35:21;691;1002;691;;13240
08:35:21;691;1002;691;;13248
08:35:22;691;1002;691;;13248
08:35:22;691;1002;691;;13244
08:35:23;691;1002;691;;13220
08:35:23;691;1002;691;;13244
08:35:24;691;1002;691;;13244
08:35:24;691;1002;691;;13324
08:35:25;691;1002;691;;13196
08:35:25;691;1002;691;;7784
08:35:26;691;1002;691;;13216
08:35:26;691;1002;691;;11828
08:35:27;691;1002;691;;13220
08:35:27;691;1002;691;;13272
08:35:28;691;1002;691;;13196
08:35:28;691;1002;691;;13248
08:35:29;691;1002;691;;7708
08:35:29;691;1002;691;;13216
08:35:30;691;1003;691;;13216
08:35:30;691;1003;691;;13276
08:35:31;691;1003;691;;7712
08:35:31;691;1003;691;;7784
08:35:32;691;1002;691;;13248
08:35:32;691;1002;691;;13328
08:35:33;691;1003;691;;13220
08:35:33;691;1003;691;;13220
08:35:34;691;1003;691;;13276
08:35:34;691;1003;691;;13248
08:35:35;691;1003;691;;13244
08:35:35;691;1003;691;;13300
08:35:36;691;1003;691;;7688
08:35:36;691;1003;691;;13272
08:35:37;691;1003;691;;7688
08:35:37;691;1003;691;;13220
08:35:38;691;1003;691;;13224
08:35:38;691;1003;691;;7832
08:35:39;691;1003;691;;13196
08:35:40;691;1003;691;;13220
08:35:40;691;1003;691;;7808
08:35:41;691;1003;691;;13272
08:35:41;691;1003;691;;13220
08:35:42;691;1003;691;;13252
08:35:42;691;1003;691;;7832
08:35:43;691;1003;691;;13220
08:35:43;691;1003;691;;13268
08:35:44;691;1003;691;;13220
08:35:44;691;1003;691;;7764
08:35:45;691;1003;691;;13300
08:35:45;691;1003;691;;13248
08:35:46;691;1003;691;;13248
08:35:46;691;1003;691;;13272
08:35:47;691;1003;691;;13220
08:35:47;691;1003;691;;7688
08:35:48;691;1003;692;;13244
08:35:48;691;1003;692;;13216
08:35:49;691;1003;691;;13220
08:35:49;691;1003;691;;13272
08:35:50;691;1003;692;;13252
08:35:50;691;1003;692;;13220
08:35:51;691;1003;692;;7712
08:35:51;691;1003;692;;13248
08:35:52;691;1003;692;;13244
08:35:52;691;1003;692;;13220
08:35:53;691;1003;692;;7708
08:35:53;691;1003;692;;7708
08:35:54;691;1003;692;;13220
08:35:54;691;1003;692;;13220
08:35:55;691;1003;692;;13220
08:35:55;691;1003;692;;13220
08:35:56;692;1003;692;;13220
08:35:56;692;1003;692;;7688
08:35:57;692;1003;692;;13224
08:35:57;692;1003;692;;13224
08:35:58;692;1003;692;;13244
08:35:58;692;1003;692;;7684
08:35:59;692;1003;692;;13220
08:35:59;692;1003;692;;7756
08:36:00;692;1004;692;;13244
08:36:00;692;1004;692;;7692
08:36:01;692;1003;692;;13224
08:36:01;692;1003;692;;13220
08:36:02;692;1004;692;;13252
08:36:02;692;1004;692;;13272
08:36:03;692;1004;692;;7760
08:36:03;692;1004;692;;13220
08:36:04;692;1004;692;;13244
08:36:04;692;1004;692;;13220
08:36:05;692;1004;692;;13272
08:36:05;692;1004;692;;13220
08:36:06;692;1004;692;;13224
08:36:07;692;1004;692;;13248
08:36:07;692;1004;692;;13220
08:36:08;692;1004;692;;13220
08:36:08;692;1004;692;;7760
08:36:09;692;1004;692;;13272
08:36:09;692;1004;692;;7760
08:36:10;692;1004;692;;13224
08:36:10;692;1004;692;;13224
08:36:11;692;1004;692;;7732
08:36:11;692;1004;692;;13252
08:36:12;692;1004;692;;13220
08:36:12;692;1004;692;;13220
08:36:13;692;1004;692;;13248
08:36:13;692;1004;692;;13252
08:36:14;692;1004;692;;13248
08:36:14;692;1004;692;;13252
08:36:15;692;1004;692;;13272
08:36:15;692;1004;692;;13216
08:36:16;692;1004;692;;7736
08:36:16;692;1004;692;;13216
08:36:17;692;1004;692;;13216
08:36:17;692;1004;692;;13220
08:36:18;692;1004;692;;7712
08:36:18;692;1004;692;;13248
08:36:19;692;1004;692;;13220
08:36:19;692;1004;692;;13220
08:36:20;692;1004;692;;13248
08:36:20;692;1004;692;;7736
08:36:21;692;1004;692;;11820
08:36:21;692;1004;692;;7736
08:36:22;692;1004;692;;7736
08:36:22;692;1004;692;;7732
08:36:23;692;1004;692;;13224
08:36:23;692;1004;692;;13244
