09:32:00;675;933;675;;808
09:32:00;675;933;675;;13268
09:32:01;675;934;676;;13236
09:32:01;675;934;676;;7804
09:32:02;676;936;676;;13220
09:32:02;676;936;676;;13212
09:32:03;676;936;676;;13240
09:32:03;676;936;676;;11848
09:32:04;676;937;676;;13316
09:32:04;676;937;676;;13184
09:32:05;676;938;676;;13212
09:32:05;676;938;676;;13240
09:32:06;676;939;677;;13236
09:32:07;677;940;677;;13348
09:32:07;677;940;677;;13240
09:32:08;677;940;677;;11888
09:32:08;677;940;677;;13288
09:32:09;677;941;677;;13240
09:32:09;677;941;677;;13220
09:32:10;677;942;677;;11816
09:32:10;677;942;677;;13260
09:32:11;677;943;677;;13212
09:32:11;677;943;677;;13212
09:32:12;677;944;678;;13240
09:32:12;677;944;678;;13212
09:32:13;678;944;678;;13236
09:32:13;678;944;678;;13240
09:32:14;678;945;678;;13212
09:32:14;678;945;678;;13244
09:32:15;678;946;678;;13212
09:32:15;678;946;678;;13216
09:32:16;678;946;678;;13212
09:32:16;678;946;678;;13316
09:32:17;678;947;678;;13216
09:32:17;678;947;678;;13236
09:32:18;678;948;678;;13264
09:32:18;678;948;678;;13184
09:32:19;679;948;679;;13212
09:32:19;679;948;679;;13212
09:32:20;679;949;679;;13188
09:32:20;679;949;679;;13208
09:32:21;679;950;679;;7804
09:32:21;679;950;679;;13188
09:32:22;679;950;679;;13236
09:32:22;679;950;679;;13312
09:32:23;679;951;679;;13264
09:32:23;679;951;679;;13236
09:32:24;679;951;679;;13216
09:32:24;679;951;679;;13240
09:32:25;679;952;679;;13220
09:32:25;679;952;679;;13216
09:32:26;679;952;679;;13212
09:32:26;679;952;679;;7780
09:32:27;680;953;680;;7780
09:32:27;680;953;680;;13188
09:32:28;680;954;680;;13244
09:32:28;680;954;680;;13240
09:32:29;680;954;680;;13236
09:32:29;680;954;680;;13240
09:32:30;680;955;680;;13292
09:32:30;680;955;680;;13212
09:32:31;680;955;680;;13316
09:32:31;680;955;680;;13312
09:32:32;680;956;680;;13212
09:32:33;680;956;680;;13312
09:32:33;680;956;680;;13268
09:32:34;680;957;680;;13244
09:32:34;680;957;680;;13216
09:32:35;680;957;680;;13208
09:32:35;680;957;680;;13248
09:32:36;681;958;681;;13240
09:32:36;681;958;681;;13212
09:32:37;681;958;681;;13260
09:32:37;681;958;681;;13212
09:32:38;681;959;681;;13240
09:32:38;681;959;681;;13260
09:32:39;681;959;681;;7704
09:32:39;681;959;681;;13220
09:32:40;681;960;681;;13268
09:32:40;681;960;681;;13188
09:32:41;681;960;681;;13368
09:32:41;681;960;681;;13244
09:32:42;681;961;681;;13248
09:32:42;681;961;681;;13212
09:32:43;681;961;681;;13248
09:32:43;681;961;681;;13240
09:32:44;681;961;681;;13244
09:32:44;681;961;681;;13184
09:32:45;681;962;681;;13188
09:32:45;681;962;681;;7756
09:32:46;681;962;682;;13212
09:32:46;681;962;682;;11856
09:32:47;682;963;682;;13212
09:32:47;682;963;682;;13212
09:32:48;682;963;682;;13240
09:32:48;682;963;682;;13212
09:32:49;682;963;682;;13244
09:32:49;682;963;682;;13212
09:32:50;682;964;682;;13212
09:32:50;682;964;682;;13212
09:32:51;682;964;682;;13236
09:32:51;682;964;682;;7708
09:32:52;682;964;682;;7756
09:32:52;682;964;682;;13264
09:32:53;682;965;682;;13264
09:32:53;682;965;682;;13212
09:32:54;682;965;682;;13240
09:32:54;682;965;682;;13236
09:32:55;682;966;682;;13244
09:32:55;682;966;682;;13212
09:32:56;682;966;682;;13216
09:32:56;682;966;682;;13264
09:32:57;682;966;682;;7752
09:32:57;682;966;682;;13208
09:32:58;682;967;683;;7708
09:32:58;682;967;683;;13264
09:32:59;682;967;683;;13212
09:33:00;683;968;683;;13188
09:33:00;683;968;683;;13236
09:33:01;683;968;683;;13216
09:33:01;683;968;683;;13212
09:33:02;683;968;683;;13236
09:33:02;683;968;683;;13208
09:33:03;683;969;683;;13232
09:33:03;683;969;683;;13240
09:33:04;683;969;683;;13244
09:33:04;683;969;683;;13240
09:33:05;683;969;683;;7756
09:33:05;683;969;683;;13188
09:33:06;683;970;683;;13188
09:33:06;683;970;683;;13208
09:33:07;683;970;683;;13212
09:33:07;683;970;683;;13212
09:33:08;683;970;683;;13264
09:33:08;683;970;683;;7688
09:33:09;683;970;683;;13216
09:33:09;683;970;683;;13212
09:33:10;683;971;683;;13212
09:33:10;683;971;683;;13216
09:33:11;683;971;683;;13216
09:33:11;683;971;683;;13260
09:33:12;683;971;683;;13212
09:33:12;683;971;683;;13208
09:33:13;684;971;684;;13212
09:33:13;684;971;684;;13208
09:33:14;684;972;684;;7708
09:33:14;684;972;684;;13216
09:33:15;684;972;684;;13212
09:33:15;684;972;684;;13188
09:33:16;684;972;684;;13264
09:33:16;684;972;684;;13316
09:33:17;684;973;684;;13244
09:33:17;684;973;684;;13268
09:33:18;684;973;684;;13188
09:33:18;684;973;684;;13212
09:33:19;684;973;684;;13240
09:33:19;684;973;684;;13212
09:33:20;684;973;684;;7756
09:33:20;684;973;684;;13240
09:33:21;684;974;684;;13236
09:33:21;684;974;684;;13244
09:33:22;684;974;684;;13288
09:33:22;684;974;684;;13316
09:33:23;684;974;684;;13292
09:33:23;684;974;684;;13240
09:33:24;684;974;684;;13264
09:33:24;684;974;684;;13184
09:33:25;684;975;684;;13184
09:33:26;684;975;684;;13264
09:33:26;684;975;684;;13244
09:33:27;684;975;684;;13240
09:33:27;684;975;684;;13208
09:33:28;684;975;684;;13208
09:33:28;684;975;684;;13264
09:33:29;684;975;684;;13264
09:33:29;684;975;684;;7708
09:33:30;684;976;685;;13212
09:33:30;684;976;685;;13216
09:33:31;685;976;685;;13184
09:33:31;685;976;685;;13212
09:33:32;685;976;685;;13212
09:33:32;685;976;685;;13212
09:33:33;685;976;685;;13212
09:33:33;685;976;685;;13288
09:33:34;685;976;685;;13264
09:33:34;685;976;685;;13212
09:33:35;685;976;685;;13264
09:33:35;685;976;685;;13212
09:33:36;685;977;685;;13212
09:33:36;685;977;685;;13216
09:33:37;685;977;685;;13212
09:33:37;685;977;685;;13260
09:33:38;685;977;685;;7756
09:33:38;685;977;685;;13212
09:33:39;685;978;685;;13188
09:33:39;685;978;685;;13240
09:33:40;685;978;685;;13236
09:33:40;685;978;685;;7780
09:33:41;685;978;685;;7712
09:33:41;685;978;685;;13216
09:33:42;685;978;685;;13244
09:33:42;685;978;685;;13288
09:33:43;685;978;685;;13208
09:33:43;685;978;685;;13236
09:33:44;685;978;685;;13208
09:33:44;685;978;685;;13212
09:33:45;685;978;685;;13288
09:33:45;685;978;685;;13212
09:33:46;685;979;685;;13264
09:33:46;685;979;685;;13212
09:33:47;685;979;685;;11868
09:33:47;685;979;685;;13212
09:33:48;685;979;685;;13216
09:33:48;685;979;685;;13212
09:33:49;685;979;685;;13208
09:33:49;685;979;685;;13240
09:33:50;685;979;685;;13216
09:33:50;685;979;685;;13244
09:33:51;685;980;686;;13188
09:33:52;685;980;686;;13244
09:33:52;685;980;686;;13184
09:33:53;686;980;686;;13212
09:33:53;686;980;686;;11892
09:33:54;686;980;686;;13184
09:33:54;686;980;686;;13212
09:33:55;686;980;686;;13212
09:33:55;686;980;686;;13236
09:33:56;686;980;686;;13240
09:33:56;686;980;686;;13212
09:33:57;686;981;686;;13236
09:33:57;686;981;686;;13268
09:33:58;686;981;686;;13244
09:33:58;686;981;686;;7732
09:33:59;686;981;686;;13212
09:33:59;686;981;686;;13212
09:34:00;686;981;686;;13212
09:34:00;686;981;686;;13208
09:34:01;686;981;686;;13236
09:34:01;686;981;686;;13236
09:34:02;686;981;686;;13216
09:34:02;686;981;686;;13240
09:34:03;686;981;686;;13240
09:34:03;686;981;686;;13212
09:34:04;686;982;686;;13244
09:34:04;686;982;686;;13184
09:34:05;686;982;686;;13316
09:34:05;686;982;686;;11888
09:34:06;686;982;686;;13208
09:34:06;686;982;686;;13188
09:34:07;686;982;686;;13212
09:34:07;686;982;686;;13212
09:34:08;686;982;686;;13212
09:34:08;686;982;686;;13212
09:34:09;686;982;686;;13212
09:34:09;686;982;686;;7756
09:34:10;686;982;686;;13236
09:34:10;686;982;686;;13240
09:34:11;686;983;686;;13216
09:34:11;686;983;686;;13260
09:34:12;686;983;686;;13212
09:34:12;686;983;686;;13184
09:34:13;686;983;686;;13208
09:34:13;686;983;686;;13220
09:34:14;686;983;686;;13208
09:34:14;686;983;686;;13188
09:34:15;686;983;686;;13236
09:34:15;686;983;686;;13264
09:34:16;686;983;686;;13240
09:34:16;686;983;686;;13216
09:34:17;686;983;686;;13188
09:34:18;686;983;686;;13212
09:34:18;686;983;686;;13244
09:34:19;686;984;686;;13212
09:34:19;686;984;686;;7728
09:34:20;686;984;687;;13236
09:34:20;686;984;687;;13264
09:34:21;686;984;687;;13212
09:34:21;686;984;687;;13216
09:34:22;687;984;687;;13264
09:34:22;687;984;687;;11864
09:34:23;687;984;687;;13216
09:34:23;687;984;687;;13212
09:34:24;687;984;687;;13216
09:34:24;687;984;687;;13244
09:34:25;687;985;687;;13188
09:34:25;687;985;687;;13188
09:34:26;687;985;687;;13240
09:34:26;687;985;687;;7700
09:34:27;687;985;687;;13216
09:34:27;687;985;687;;13208
09:34:28;687;985;687;;13216
09:34:28;687;985;687;;13216
09:34:29;687;985;687;;13208
09:34:29;687;985;687;;13212
09:34:30;687;985;687;;13188
09:34:30;687;985;687;;13208
09:34:31;687;986;687;;13216
09:34:31;687;986;687;;13212
09:34:32;687;986;687;;13212
09:34:32;687;986;687;;13212
09:34:33;687;986;687;;13212
09:34:33;687;986;687;;7756
09:34:34;687;986;687;;13216
09:34:34;687;986;687;;13244
09:34:35;687;986;687;;13212
09:34:35;687;986;687;;13236
09:34:36;687;986;687;;13236
09:34:36;687;986;687;;13240
09:34:37;687;986;687;;13212
09:34:37;687;986;687;;7752
09:34:38;687;987;687;;13240
09:34:38;687;987;687;;13236
09:34:39;687;987;687;;13212
09:34:39;687;987;687;;13188
09:34:40;687;987;687;;13188
09:34:40;687;987;687;;13240
09:34:41;687;987;687;;13212
09:34:41;687;987;687;;13208
09:34:42;687;987;687;;13212
09:34:42;687;987;687;;13240
09:34:43;687;987;687;;13212
09:34:43;687;987;687;;13208
09:34:44;687;987;687;;13208
09:34:45;687;987;687;;13212
09:34:45;687;987;687;;13240
09:34:46;687;988;687;;13240
09:34:46;687;988;687;;13240
09:34:47;687;988;688;;7780
09:34:47;687;988;688;;7732
09:34:48;687;988;688;;13208
09:34:48;687;988;688;;13264
09:34:49;687;988;688;;13288
09:34:49;687;988;688;;13312
09:34:50;688;988;688;;13244
09:34:50;688;988;688;;13212
09:34:51;688;988;688;;13264
09:34:51;688;988;688;;13288
09:34:52;688;988;688;;13212
09:34:52;688;988;688;;13240
09:34:53;688;989;688;;13264
09:34:53;688;989;688;;13192
09:34:54;688;989;688;;13244
09:34:54;688;989;688;;13260
09:34:55;688;989;688;;13208
09:34:55;688;989;688;;13212
09:34:56;688;989;688;;13212
09:34:56;688;989;688;;13240
09:34:57;688;989;688;;13216
09:34:57;688;989;688;;13212
09:34:58;688;989;688;;13264
09:34:58;688;989;688;;13240
09:34:59;688;989;688;;13184
09:34:59;688;989;688;;13244
09:35:00;688;989;688;;13236
09:35:00;688;989;688;;13284
09:35:01;688;989;688;;7780
09:35:01;688;989;688;;13268
09:35:02;688;990;688;;13236
09:35:02;688;990;688;;13212
09:35:03;688;990;688;;13236
09:35:03;688;990;688;;13256
09:35:04;688;990;688;;13188
09:35:04;688;990;688;;13208
09:35:05;688;990;688;;13212
09:35:05;688;990;688;;13236
09:35:06;688;990;688;;13236
09:35:06;688;990;688;;13236
09:35:07;688;990;688;;13188
09:35:07;688;990;688;;13240
09:35:08;688;990;688;;13236
09:35:08;688;990;688;;13212
09:35:09;688;990;688;;13312
09:35:09;688;990;688;;13212
09:35:10;688;990;688;;13212
09:35:11;688;990;688;;13208
09:35:11;688;990;688;;13212
09:35:12;688;991;688;;13188
09:35:12;688;991;688;;13312
09:35:13;688;991;688;;13260
09:35:13;688;991;688;;11864
09:35:14;688;991;688;;13264
09:35:14;688;991;688;;13236
09:35:15;688;991;688;;7780
09:35:15;688;991;688;;13212
09:35:16;688;991;688;;13212
09:35:16;688;991;688;;13232
09:35:17;688;991;688;;13212
09:35:17;688;991;688;;11892
09:35:18;688;991;688;;13240
09:35:18;688;991;688;;13248
09:35:19;688;991;688;;13240
09:35:19;688;991;688;;13184
09:35:20;688;991;688;;13236
09:35:20;688;991;688;;7756
09:35:21;688;991;688;;13236
09:35:21;688;991;688;;13212
09:35:22;688;992;688;;13260
09:35:22;688;992;688;;7732
09:35:23;688;991;688;;13212
09:35:23;688;991;688;;13260
09:35:24;688;992;688;;13232
09:35:24;688;992;688;;13212
09:35:25;688;992;688;;7756
09:35:25;688;992;688;;13244
09:35:26;688;992;689;;13212
09:35:26;688;992;689;;13184
09:35:27;688;992;689;;13208
09:35:27;688;992;689;;13208
09:35:28;689;992;689;;13284
09:35:28;689;992;689;;13236
09:35:29;689;992;689;;13208
09:35:29;689;992;689;;13208
09:35:30;689;992;689;;13236
09:35:30;689;992;689;;13264
09:35:31;689;993;689;;13212
09:35:31;689;993;689;;13312
09:35:32;689;993;689;;13208
09:35:32;689;993;689;;13260
09:35:33;689;993;689;;13260
09:35:33;689;993;689;;13208
09:35:34;689;993;689;;13212
09:35:34;689;993;689;;13212
09:35:35;689;993;689;;13240
09:35:35;689;993;689;;13216
09:35:36;689;993;689;;7728
09:35:37;689;993;689;;13216
09:35:37;689;993;689;;13212
09:35:38;689;993;689;;13312
09:35:38;689;993;689;;13240
09:35:39;689;993;689;;13252
09:35:39;689;993;689;;13212
09:35:40;689;993;689;;13240
09:35:40;689;993;689;;13212
09:35:41;689;993;689;;7732
09:35:41;689;993;689;;13208
09:35:42;689;994;689;;13212
09:35:42;689;994;689;;13236
09:35:43;689;994;689;;13212
09:35:43;689;994;689;;7752
09:35:44;689;994;689;;13212
09:35:44;689;994;689;;7780
09:35:45;689;994;689;;13216
09:35:45;689;994;689;;13264
09:35:46;689;994;689;;7756
09:35:46;689;994;689;;13264
09:35:47;689;994;689;;7732
09:35:47;689;994;689;;13284
09:35:48;689;994;689;;7776
09:35:48;689;994;689;;13260
09:35:49;689;994;689;;13188
09:35:49;689;994;689;;13184
09:35:50;689;994;689;;13240
09:35:50;689;994;689;;13208
09:35:51;689;994;689;;13184
09:35:51;689;994;689;;13212
09:35:52;689;994;689;;13240
09:35:52;689;994;689;;13288
09:35:53;689;995;689;;13212
09:35:53;689;995;689;;13212
09:35:54;689;995;689;;13208
09:35:54;689;995;689;;13260
09:35:55;689;995;689;;7728
09:35:55;689;995;689;;13212
09:35:56;689;995;689;;13212
09:35:56;689;995;689;;13212
09:35:57;689;995;689;;13184
09:35:57;689;995;689;;13240
09:35:58;689;995;689;;13244
09:35:58;689;995;689;;13212
09:35:59;689;995;689;;13260
09:35:59;689;995;689;;13240
09:36:00;689;995;689;;13212
09:36:00;689;995;689;;13236
09:36:01;689;996;689;;13212
09:36:01;689;996;689;;13208
09:36:02;689;996;690;;7656
09:36:02;689;996;690;;13264
09:36:03;689;995;690;;13212
09:36:04;689;996;690;;13212
09:36:04;689;996;690;;13264
09:36:05;690;996;690;;7756
09:36:05;690;996;690;;13244
09:36:06;690;996;690;;13208
09:36:06;690;996;690;;13324
09:36:07;690;996;690;;13208
09:36:07;690;996;690;;13212
09:36:08;690;996;690;;13312
09:36:08;690;996;690;;13244
09:36:09;690;996;690;;13212
09:36:09;690;996;690;;13212
09:36:10;690;996;690;;13240
09:36:10;690;996;690;;13212
09:36:11;690;996;690;;13236
09:36:11;690;996;690;;13264
09:36:12;690;996;690;;7680
09:36:12;690;996;690;;13184
09:36:13;690;996;690;;13216
09:36:13;690;996;690;;13212
09:36:14;690;996;690;;13212
09:36:14;690;996;690;;13260
09:36:15;690;997;690;;13236
09:36:15;690;997;690;;13188
09:36:16;690;997;690;;13216
09:36:16;690;997;690;;13208
09:36:17;690;997;690;;13208
09:36:17;690;997;690;;13212
09:36:18;690;997;690;;13260
09:36:18;690;997;690;;13192
09:36:19;690;997;690;;13240
09:36:19;690;997;690;;13212
09:36:20;690;997;690;;7732
09:36:20;690;997;690;;13208
09:36:21;690;997;690;;13232
09:36:21;690;997;690;;11848
09:36:22;690;997;690;;13208
09:36:22;690;997;690;;13236
09:36:23;690;997;690;;13208
09:36:23;690;997;690;;13212
09:36:24;690;997;690;;13208
09:36:24;690;997;690;;13232
09:36:25;690;997;690;;13340
09:36:25;690;997;690;;13240
09:36:26;690;997;690;;13184
09:36:26;690;997;690;;13236
09:36:27;690;997;690;;7728
09:36:27;690;997;690;;13244
09:36:28;690;998;690;;13240
09:36:28;690;998;690;;13212
09:36:29;690;998;690;;13208
09:36:30;690;998;690;;13240
09:36:30;690;998;690;;13208
09:36:31;690;998;690;;13212
09:36:31;690;998;690;;13212
09:36:32;690;998;690;;13260
09:36:32;690;998;690;;13212
09:36:33;690;998;690;;13236
09:36:33;690;998;690;;13212
09:36:34;690;998;690;;13188
09:36:34;690;998;690;;7680
09:36:35;690;998;690;;13236
09:36:35;690;998;690;;13212
09:36:36;690;998;690;;13244
09:36:36;690;998;690;;13240
09:36:37;690;998;690;;13212
09:36:37;690;998;690;;13240
09:36:38;690;999;690;;13236
09:36:38;690;999;690;;13208
09:36:39;690;999;690;;13208
09:36:39;690;999;690;;13216
09:36:40;690;999;690;;11816
09:36:40;690;999;690;;13288
09:36:41;690;999;690;;13236
09:36:41;690;999;690;;13236
09:36:42;690;999;690;;13244
09:36:42;690;999;690;;13208
09:36:43;690;999;690;;13236
09:36:43;690;999;690;;7756
09:36:44;690;999;690;;13260
09:36:44;690;999;690;;7732
09:36:45;690;999;691;;13240
09:36:45;690;999;691;;13236
09:36:46;691;999;691;;13236
09:36:46;691;999;691;;13240
09:36:47;691;999;691;;13236
09:36:47;691;999;691;;13212
09:36:48;691;999;691;;13244
09:36:48;691;999;691;;13208
09:36:49;691;999;691;;13184
09:36:49;691;999;691;;13364
09:36:50;691;1000;691;;13236
09:36:50;691;1000;691;;13184
09:36:51;691;1000;691;;7832
09:36:51;691;1000;691;;13236
09:36:52;691;1000;691;;13312
09:36:52;691;1000;691;;13244
09:36:53;691;1000;691;;13268
09:36:53;691;1000;691;;13240
09:36:54;691;1000;691;;13312
09:36:54;691;1000;691;;13240
09:36:55;691;1000;691;;13216
09:36:55;691;1000;691;;13212
09:36:56;691;1000;691;;13232
09:36:57;691;1000;691;;13288
09:36:57;691;1000;691;;13212
09:36:58;691;1001;691;;13236
09:36:58;691;1001;691;;13244
09:36:59;691;1001;691;;13284
09:36:59;691;1001;691;;13184
09:37:00;691;1001;691;;13236
09:37:00;691;1001;691;;13212
09:37:01;691;1001;691;;7704
09:37:01;691;1001;691;;13264
09:37:02;691;1001;691;;13260
09:37:02;691;1001;691;;13236
09:37:03;691;1001;691;;13212
09:37:03;691;1001;691;;13364
09:37:04;691;1001;691;;7756
09:37:04;691;1001;691;;13232
09:37:05;691;1001;691;;13236
09:37:05;691;1001;691;;13232
09:37:06;691;1001;691;;13236
09:37:06;691;1001;691;;13216
09:37:07;691;1001;691;;13212
09:37:07;691;1001;691;;13208
09:37:08;691;1001;691;;13212
09:37:08;691;1001;691;;13216
09:37:09;691;1001;691;;7676
09:37:09;691;1001;691;;13236
09:37:10;691;1002;691;;13284
09:37:10;691;1002;691;;13260
09:37:11;691;1002;691;;13212
09:37:11;691;1002;691;;7804
09:37:12;691;1002;691;;13240
09:37:12;691;1002;691;;13212
09:37:13;691;1002;691;;13240
09:37:13;691;1002;691;;13268
09:37:14;691;1002;691;;13208
09:37:14;691;1002;691;;13216
09:37:15;691;1002;691;;13208
09:37:15;691;1002;691;;13212
09:37:16;691;1002;691;;7752
09:37:16;691;1002;691;;13236
09:37:17;691;1002;691;;13236
09:37:17;691;1002;691;;13284
09:37:18;691;1002;691;;13212
09:37:18;691;1002;691;;13208
09:37:19;691;1002;692;;13208
09:37:19;691;1002;692;;13216
09:37:20;691;1003;692;;7804
09:37:20;691;1003;692;;13212
09:37:21;692;1003;692;;7752
09:37:21;692;1003;692;;13212
09:37:22;692;1003;692;;13208
09:37:23;692;1003;692;;13212
09:37:23;692;1003;692;;13188
09:37:24;692;1003;692;;13312
09:37:24;692;1003;692;;13244
09:37:25;692;1003;692;;13212
09:37:25;692;1003;692;;13312
09:37:26;692;1003;692;;13244
09:37:26;692;1003;692;;13212
09:37:27;692;1003;692;;13216
09:37:27;692;1003;692;;13208
09:37:28;692;1003;692;;13236
09:37:28;692;1003;692;;13216
09:37:29;692;1003;692;;13212
09:37:29;692;1003;692;;13284
09:37:30;692;1003;692;;13212
09:37:30;692;1003;692;;13240
09:37:31;692;1004;692;;13212
09:37:31;692;1004;692;;13284
09:37:32;692;1004;692;;7680
09:37:32;692;1004;692;;13212
09:37:33;692;1004;692;;13264
09:37:33;692;1004;692;;13284
09:37:34;692;1004;692;;13212
09:37:34;692;1004;692;;13236
09:37:35;692;1004;692;;13212
09:37:35;692;1004;692;;13212
09:37:36;692;1004;692;;11844
09:37:36;692;1004;692;;13216
09:37:37;692;1004;692;;7756
09:37:37;692;1004;692;;13212
09:37:38;692;1004;692;;13240
09:37:38;692;1004;692;;13216
09:37:39;692;1004;692;;13208
09:37:39;692;1004;692;;13240
09:37:40;692;1004;692;;13208
09:37:40;692;1004;692;;13284
09:37:41;692;1005;692;;13212
09:37:41;692;1005;692;;13240
09:37:42;692;1005;692;;13184
09:37:42;692;1005;692;;13208
09:37:43;692;1005;692;;7776
09:37:43;692;1005;692;;13264
09:37:44;692;1005;692;;7780
09:37:44;692;1005;692;;13208
09:37:45;692;1005;692;;13208
09:37:45;692;1005;692;;13208
09:37:46;692;1005;692;;13236
09:37:46;692;1005;692;;13212
09:37:47;692;1005;692;;13212
09:37:47;692;1005;692;;13208
09:37:48;692;1005;692;;11788
09:37:48;692;1005;692;;7680
09:37:49;692;1005;692;;13240
09:37:50;692;1005;692;;11844
09:37:50;692;1005;692;;13260
09:37:51;692;1005;692;;13208
09:37:51;692;1005;692;;13240
09:37:52;692;1005;692;;13216
09:37:52;692;1005;692;;13236
09:37:53;692;1005;692;;13244
09:37:53;692;1005;692;;13212
09:37:54;692;1005;692;;13332
09:37:54;692;1005;692;;13240
09:37:55;692;1005;692;;13212
09:37:55;692;1005;692;;13236
09:37:56;692;1005;692;;13212
09:37:56;692;1005;692;;13208
09:37:57;692;1006;692;;13236
09:37:57;692;1006;692;;13244
09:37:58;692;1006;692;;7732
09:37:58;692;1006;692;;13208
09:37:59;692;1006;692;;13208
09:37:59;692;1006;692;;13244
09:38:00;692;1006;692;;13208
09:38:00;692;1006;692;;13216
09:38:01;692;1006;693;;13212
09:38:01;692;1006;693;;13232
09:38:02;692;1006;692;;13212
09:38:02;692;1006;692;;13236
09:38:03;692;1006;693;;11888
09:38:03;692;1006;693;;13260
09:38:04;692;1006;693;;13264
09:38:04;692;1006;693;;11792
09:38:05;693;1006;693;;13184
09:38:05;693;1006;693;;13264
09:38:06;693;1006;693;;13236
09:38:06;693;1006;693;;13212
09:38:07;693;1006;693;;13260
09:38:07;693;1006;693;;13236
09:38:08;693;1006;693;;13212
09:38:08;693;1006;693;;13240
09:38:09;693;1006;693;;13188
09:38:09;693;1006;693;;13212
09:38:10;693;1006;693;;13212
09:38:10;693;1006;693;;7704
09:38:11;693;1006;693;;13184
09:38:11;693;1006;693;;7780
09:38:12;693;1007;693;;13244
09:38:12;693;1007;693;;11864
09:38:13;693;1007;693;;13208
09:38:13;693;1007;693;;13184
09:38:14;693;1007;693;;11848
09:38:14;693;1007;693;;13288
09:38:15;693;1007;693;;7828
09:38:16;693;1007;693;;13184
09:38:16;693;1007;693;;13212
09:38:17;693;1007;693;;13212
09:38:17;693;1007;693;;13244
09:38:18;693;1007;693;;13236
09:38:18;693;1007;693;;13212
09:38:19;693;1007;693;;13212
09:38:19;693;1007;693;;13240
09:38:20;693;1007;693;;7756
09:38:20;693;1007;693;;13240
09:38:21;693;1007;693;;7784
09:38:21;693;1007;693;;13212
09:38:22;693;1007;693;;13212
09:38:22;693;1007;693;;13240
09:38:23;693;1007;693;;13208
09:38:23;693;1007;693;;13208
09:38:24;693;1007;693;;13240
09:38:24;693;1007;693;;13184
09:38:25;693;1007;693;;13212
09:38:25;693;1007;693;;13236
09:38:26;693;1007;693;;13184
09:38:26;693;1007;693;;7776
09:38:27;693;1008;693;;13184
09:38:27;693;1008;693;;13288
09:38:28;693;1008;693;;13208
09:38:28;693;1008;693;;13236
09:38:29;693;1008;693;;13240
09:38:29;693;1008;693;;13184
09:38:30;693;1008;693;;13208
09:38:30;693;1008;693;;13212
09:38:31;693;1008;693;;13236
09:38:31;693;1008;693;;13212
09:38:32;693;1008;693;;13260
09:38:32;693;1008;693;;13216
09:38:33;693;1008;693;;13208
09:38:33;693;1008;693;;13184
09:38:34;693;1008;693;;13212
09:38:34;693;1008;693;;13232
09:38:35;693;1008;693;;13212
09:38:35;693;1008;693;;13212
09:38:36;693;1008;693;;13232
09:38:36;693;1008;693;;13212
09:38:37;693;1008;693;;13208
09:38:37;693;1008;693;;13260
09:38:38;693;1008;693;;13212
09:38:38;693;1008;693;;13188
09:38:39;693;1008;693;;13188
09:38:39;693;1008;693;;13232
09:38:40;693;1008;693;;13260
09:38:40;693;1008;693;;13184
09:38:41;693;1009;693;;13264
09:38:42;693;1008;693;;13208
09:38:42;693;1008;693;;13204
09:38:43;693;1008;693;;7804
09:38:43;693;1008;693;;13208
09:38:44;693;1009;693;;13236
09:38:44;693;1009;693;;13312
09:38:45;693;1009;693;;13208
09:38:45;693;1009;693;;13312
09:38:46;693;1009;693;;13208
09:38:46;693;1009;693;;11892
09:38:47;693;1009;693;;13212
09:38:47;693;1009;693;;13240
09:38:48;693;1009;693;;7732
09:38:48;693;1009;693;;13236
09:38:49;693;1009;694;;13208
09:38:49;693;1009;694;;13240
09:38:50;693;1009;694;;13212
09:38:50;693;1009;694;;13236
09:38:51;694;1009;694;;13188
09:38:51;694;1009;694;;13188
09:38:52;694;1009;694;;13212
09:38:52;694;1009;694;;13208
09:38:53;694;1009;694;;13184
09:38:53;694;1009;694;;7828
09:38:54;694;1009;694;;13212
09:38:54;694;1009;694;;7776
09:38:55;694;1009;694;;13264
09:38:55;694;1009;694;;13260
09:38:56;694;1009;694;;13232
09:38:56;694;1009;694;;13364
09:38:57;694;1009;694;;13212
09:38:57;694;1009;694;;13212
09:38:58;694;1009;694;;13212
09:38:58;694;1009;694;;13284
09:38:59;694;1009;694;;13212
09:38:59;694;1009;694;;13212
09:39:00;694;1010;694;;13260
09:39:00;694;1010;694;;13212
09:39:01;694;1010;694;;7704
09:39:01;694;1010;694;;7700
09:39:02;694;1010;694;;13208
09:39:02;694;1010;694;;11864
09:39:03;694;1010;694;;13236
09:39:03;694;1010;694;;13212
09:39:04;694;1010;694;;7680
09:39:04;694;1010;694;;13232
09:39:05;694;1010;694;;13240
09:39:05;694;1010;694;;13236
09:39:06;694;1010;694;;13284
09:39:06;694;1010;694;;13236
09:39:07;694;1010;694;;7756
09:39:07;694;1010;694;;13208
09:39:08;694;1010;694;;13212
09:39:09;694;1010;694;;13236
09:39:09;694;1010;694;;13212
09:39:10;694;1010;694;;7704
09:39:10;694;1010;694;;13212
09:39:11;694;1010;694;;13240
09:39:11;694;1010;694;;13236
09:39:12;694;1010;694;;13288
09:39:12;694;1010;694;;7756
09:39:13;694;1010;694;;13236
09:39:13;694;1010;694;;13188
09:39:14;694;1010;694;;13212
09:39:14;694;1010;694;;13312
09:39:15;694;1010;694;;13188
09:39:15;694;1010;694;;13236
09:39:16;694;1010;694;;13212
09:39:16;694;1010;694;;13236
09:39:17;694;1010;694;;13240
09:39:17;694;1010;694;;13244
09:39:18;694;1010;694;;7704
09:39:18;694;1010;694;;13208
09:39:19;694;1010;694;;13208
09:39:19;694;1010;694;;13212
09:39:20;694;1010;694;;13236
09:39:20;694;1010;694;;13212
09:39:21;694;1011;694;;13212
09:39:21;694;1011;694;;13212
09:39:22;694;1011;694;;13260
09:39:22;694;1011;694;;13212
09:39:23;694;1011;694;;13208
09:39:23;694;1011;694;;13184
09:39:24;694;1011;694;;13236
09:39:24;694;1011;694;;13212
09:39:25;694;1011;694;;13236
09:39:25;694;1011;694;;13216
09:39:26;694;1011;694;;7804
09:39:26;694;1011;694;;13236
09:39:27;694;1011;694;;13208
09:39:27;694;1011;694;;13216
09:39:28;694;1011;694;;13232
09:39:28;694;1011;694;;13180
09:39:29;694;1011;694;;13184
09:39:29;694;1011;694;;13284
09:39:30;694;1011;694;;13208
09:39:30;694;1011;694;;13212
09:39:31;694;1011;694;;13236
09:39:31;694;1011;694;;13240
09:39:32;694;1011;694;;13212
09:39:32;694;1011;694;;13312
09:39:33;694;1011;694;;13236
09:39:33;694;1011;694;;13212
09:39:34;694;1011;694;;13204
09:39:35;694;1011;694;;11888
09:39:35;694;1011;694;;13236
09:39:36;694;1011;694;;13240
09:39:36;694;1011;694;;13336
09:39:37;694;1011;694;;13212
09:39:37;694;1011;694;;13212
09:39:38;694;1011;694;;13208
09:39:38;694;1011;694;;13220
09:39:39;694;1011;694;;13184
09:39:39;694;1011;694;;13212
09:39:40;694;1011;694;;13244
09:39:40;694;1011;694;;7728
09:39:41;694;1011;694;;13240
09:39:41;694;1011;694;;13240
09:39:42;694;1012;694;;7680
09:39:42;694;1012;694;;7756
09:39:43;694;1012;694;;13240
09:39:43;694;1012;694;;13284
09:39:44;694;1012;694;;13184
09:39:44;694;1012;694;;13208
09:39:45;694;1012;694;;13240
09:39:45;694;1012;694;;13184
09:39:46;694;1012;695;;13208
09:39:46;694;1012;695;;13264
09:39:47;695;1012;695;;13244
09:39:47;695;1012;695;;13208
09:39:48;695;1012;695;;13208
09:39:48;695;1012;695;;13240
09:39:49;695;1012;695;;13236
09:39:49;695;1012;695;;7780
09:39:50;695;1012;695;;13236
09:39:50;695;1012;695;;13236
09:39:51;695;1012;695;;13184
09:39:51;695;1012;695;;11836
09:39:52;695;1012;695;;13212
09:39:52;695;1012;695;;11784
09:39:53;695;1012;695;;13208
09:39:53;695;1012;695;;7728
09:39:54;695;1012;695;;7704
09:39:54;695;1012;695;;13236
09:39:55;695;1012;695;;13236
09:39:55;695;1012;695;;13184
09:39:56;695;1012;695;;13204
09:39:56;695;1012;695;;13208
09:39:57;695;1012;695;;13236
09:39:57;695;1012;695;;13212
09:39:58;695;1012;695;;13212
09:39:58;695;1012;695;;13212
09:39:59;695;1012;695;;13312
09:39:59;695;1012;695;;13236
09:40:00;695;1012;695;;13284
09:40:00;695;1012;695;;13180
09:40:01;695;1013;695;;7804
09:40:02;695;1013;695;;13212
09:40:02;695;1013;695;;13264
09:40:03;695;1013;695;;13188
09:40:03;695;1013;695;;13212
09:40:04;695;1013;695;;13240
09:40:04;695;1013;695;;13212
09:40:05;695;1013;695;;13244
09:40:05;695;1013;695;;13240
09:40:06;695;1013;695;;13212
09:40:06;695;1013;695;;13208
09:40:07;695;1013;695;;7828
09:40:07;695;1013;695;;13288
09:40:08;695;1013;695;;13208
09:40:08;695;1013;695;;11816
09:40:09;695;1013;695;;13184
09:40:09;695;1013;695;;13244
09:40:10;695;1013;695;;13284
09:40:10;695;1013;695;;13216
09:40:11;695;1013;695;;13180
09:40:11;695;1013;695;;13212
09:40:12;695;1013;695;;13184
09:40:12;695;1013;695;;13204
09:40:13;695;1013;695;;13184
09:40:13;695;1013;695;;13288
09:40:14;695;1013;695;;13212
09:40:14;695;1013;695;;13184
09:40:15;695;1013;695;;13184
09:40:15;695;1013;695;;13212
09:40:16;695;1013;695;;13188
09:40:16;695;1013;695;;13184
09:40:17;695;1013;695;;13184
09:40:17;695;1013;695;;13184
09:40:18;695;1013;695;;13244
09:40:18;695;1013;695;;13208
09:40:19;695;1013;695;;11832
09:40:19;695;1013;695;;13212
09:40:20;695;1013;695;;13232
09:40:20;695;1013;695;;13208
09:40:21;695;1013;695;;13212
09:40:21;695;1013;695;;13236
09:40:22;695;1013;695;;13208
09:40:22;695;1013;695;;13208
09:40:23;695;1014;695;;13288
09:40:23;695;1014;695;;13236
09:40:24;695;1014;695;;13208
09:40:24;695;1014;695;;13236
09:40:25;695;1014;695;;13208
09:40:25;695;1014;695;;13240
09:40:26;695;1014;695;;7704
09:40:26;695;1014;695;;13240
09:40:27;695;1014;695;;7732
09:40:27;695;1014;695;;13208
09:40:28;695;1014;695;;13208
09:40:29;695;1014;695;;13208
09:40:29;695;1014;695;;13236
09:40:30;695;1014;695;;13208
09:40:30;695;1014;695;;13236
09:40:31;695;1014;695;;13236
09:40:31;695;1014;695;;13208
09:40:32;695;1014;695;;13232
09:40:32;695;1014;695;;7704
09:40:33;695;1014;695;;13184
09:40:33;695;1014;695;;13232
09:40:34;695;1014;695;;13192
09:40:34;695;1014;695;;11788
09:40:35;695;1014;695;;13184
09:40:35;695;1014;695;;13264
09:40:36;695;1014;695;;13184
09:40:36;695;1014;695;;13284
09:40:37;695;1014;695;;7676
09:40:37;695;1014;695;;7680
09:40:38;695;1014;695;;13212
09:40:38;695;1014;695;;13188
09:40:39;695;1014;695;;13212
09:40:39;695;1014;695;;13312
09:40:40;695;1014;695;;7784
09:40:40;695;1014;695;;13208
09:40:41;695;1014;695;;13312
09:40:41;695;1014;695;;13236
09:40:42;695;1014;696;;13260
09:40:42;695;1014;696;;13244
09:40:43;695;1014;695;;13216
09:40:43;695;1014;695;;13260
09:40:44;695;1014;696;;13216
09:40:44;695;1014;696;;13212
09:40:45;695;1014;696;;13260
09:40:45;695;1014;696;;13212
09:40:46;695;1014;696;;13208
09:40:46;695;1014;696;;13216
09:40:47;695;1014;696;;7664
09:40:47;695;1014;696;;13264
09:40:48;696;1015;696;;13236
09:40:48;696;1015;696;;13212
09:40:49;696;1015;696;;13212
09:40:49;696;1015;696;;13236
09:40:50;696;1015;696;;13236
09:40:50;696;1015;696;;7704
09:40:51;696;1015;696;;7856
09:40:51;696;1015;696;;7756
09:40:52;696;1015;696;;11792
09:40:52;696;1015;696;;13208
09:40:53;696;1015;696;;13232
09:40:53;696;1015;696;;13220
09:40:54;696;1015;696;;13216
09:40:54;696;1015;696;;13264
09:40:55;696;1015;696;;13232
09:40:56;696;1015;696;;13208
09:40:56;696;1015;696;;7780
09:40:57;696;1015;696;;13184
09:40:57;696;1015;696;;13208
09:40:58;696;1015;696;;13216
09:40:58;696;1015;696;;13288
09:40:59;696;1015;696;;13208
09:40:59;696;1015;696;;13208
09:41:00;696;1015;696;;7700
09:41:00;696;1015;696;;13216
09:41:01;696;1015;696;;13216
09:41:01;696;1015;696;;11812
09:41:02;696;1015;696;;11788
09:41:02;696;1015;696;;13316
09:41:03;696;1015;696;;13236
09:41:03;696;1015;696;;13212
09:41:04;696;1015;696;;13236
09:41:04;696;1015;696;;13216
09:41:05;696;1015;696;;13212
09:41:05;696;1015;696;;7704
09:41:06;696;1015;696;;7728
09:41:06;696;1015;696;;13260
09:41:07;696;1015;696;;13240
09:41:07;696;1015;696;;13232
09:41:08;696;1015;696;;13208
09:41:08;696;1015;696;;11840
09:41:09;696;1015;696;;13212
09:41:09;696;1015;696;;13244
09:41:10;696;1015;696;;13236
09:41:10;696;1015;696;;13232
09:41:11;696;1015;696;;13312
09:41:11;696;1015;696;;13184
09:41:12;696;1015;696;;13264
09:41:12;696;1015;696;;13232
09:41:13;696;1015;696;;13288
09:41:13;696;1015;696;;13208
09:41:14;696;1015;696;;13208
09:41:14;696;1015;696;;13208
09:41:15;696;1015;696;;13236
09:41:15;696;1015;696;;11912
09:41:16;696;1015;696;;7784
09:41:16;696;1015;696;;13236
09:41:17;696;1015;696;;13312
09:41:17;696;1015;696;;13208
09:41:18;696;1015;696;;7660
09:41:18;696;1015;696;;13244
09:41:19;696;1015;696;;13236
09:41:19;696;1015;696;;13236
09:41:20;696;1015;696;;13240
09:41:20;696;1015;696;;7704
09:41:21;696;1016;696;;13212
09:41:21;696;1016;696;;13208
09:41:22;696;1016;696;;11864
09:41:23;696;1016;696;;13212
09:41:23;696;1016;696;;13212
09:41:24;696;1016;696;;13288
09:41:24;696;1016;696;;13260
09:41:25;696;1016;696;;13232
09:41:25;696;1016;696;;13236
09:41:26;696;1016;696;;13212
09:41:26;696;1016;696;;13216
09:41:27;696;1016;696;;13236
09:41:27;696;1016;696;;13180
09:41:28;696;1016;696;;11788
09:41:28;696;1016;696;;13208
09:41:29;696;1016;696;;13232
09:41:29;696;1016;696;;13236
09:41:30;696;1016;696;;13312
09:41:30;696;1016;696;;13208
09:41:31;696;1016;696;;7780
09:41:31;696;1016;696;;13184
09:41:32;696;1016;696;;13208
09:41:32;696;1016;696;;7780
09:41:33;696;1016;696;;13236
09:41:33;696;1016;696;;13240
09:41:34;696;1016;696;;13212
09:41:34;696;1016;696;;13208
09:41:35;696;1016;696;;13208
09:41:35;696;1016;696;;13184
09:41:36;696;1016;696;;13240
09:41:36;696;1016;696;;7700
09:41:37;696;1016;696;;13212
09:41:37;696;1016;696;;13260
09:41:38;696;1016;696;;13260
09:41:38;696;1016;696;;13268
09:41:39;696;1016;696;;13208
09:41:39;696;1016;696;;13212
09:41:40;696;1016;696;;13188
09:41:40;696;1016;696;;13244
09:41:41;696;1016;696;;7652
09:41:41;696;1016;696;;13240
09:41:42;696;1016;696;;13208
09:41:42;696;1016;696;;13236
09:41:43;696;1016;696;;7756
09:41:43;696;1016;696;;13184
09:41:44;696;1016;696;;11912
09:41:44;696;1016;696;;13240
09:41:45;696;1016;696;;13212
09:41:45;696;1016;696;;13208
09:41:46;696;1016;696;;13240
09:41:46;696;1016;696;;7732
09:41:47;696;1016;696;;13240
09:41:47;696;1016;696;;13208
09:41:48;696;1016;696;;13240
09:41:49;696;1016;696;;13184
09:41:49;696;1016;696;;13284
09:41:50;696;1016;696;;13288
09:41:50;696;1016;696;;13236
09:41:51;696;1017;696;;13216
09:41:51;696;1017;696;;13268
09:41:52;696;1017;697;;11892
09:41:52;696;1017;697;;13212
09:41:53;696;1017;697;;13208
09:41:53;696;1017;697;;13244
09:41:54;696;1017;697;;13216
09:41:54;696;1017;697;;13260
09:41:55;696;1017;697;;13232
09:41:55;696;1017;697;;13208
09:41:56;696;1017;697;;13236
09:41:56;696;1017;697;;11768
09:41:57;696;1017;697;;13232
09:41:57;696;1017;697;;7728
09:41:58;697;1017;697;;7800
09:41:58;697;1017;697;;13212
09:41:59;697;1017;697;;13236
09:41:59;697;1017;697;;7728
09:42:00;697;1017;697;;13212
09:42:00;697;1017;697;;13212
09:42:01;697;1017;697;;13184
09:42:01;697;1017;697;;13208
09:42:02;697;1017;697;;13260
09:42:02;697;1017;697;;13212
09:42:03;697;1017;697;;11860
09:42:03;697;1017;697;;13240
09:42:04;697;1017;697;;13204
09:42:04;697;1017;697;;7756
09:42:05;697;1017;697;;13212
09:42:05;697;1017;697;;13236
09:42:06;697;1017;697;;13240
09:42:06;697;1017;697;;13184
09:42:07;697;1017;697;;13244
09:42:07;697;1017;697;;13232
09:42:08;697;1017;697;;13236
09:42:08;697;1017;697;;13260
09:42:09;697;1017;697;;13236
09:42:09;697;1017;697;;13212
09:42:10;697;1017;697;;13184
09:42:10;697;1017;697;;7732
09:42:11;697;1017;697;;13216
09:42:11;697;1017;697;;13208
09:42:12;697;1017;697;;13212
09:42:12;697;1017;697;;7680
09:42:13;697;1017;697;;13240
09:42:13;697;1017;697;;13236
09:42:14;697;1017;697;;13208
09:42:14;697;1017;697;;13232
09:42:15;697;1017;697;;13208
09:42:16;697;1017;697;;7780
09:42:16;697;1017;697;;13236
09:42:17;697;1017;697;;13212
09:42:17;697;1017;697;;13204
09:42:18;697;1017;697;;13208
09:42:18;697;1017;697;;13208
09:42:19;697;1017;697;;11864
09:42:19;697;1017;697;;13316
09:42:20;697;1017;697;;7828
09:42:20;697;1017;697;;13236
09:42:21;697;1017;697;;13208
09:42:21;697;1017;697;;13268
09:42:22;697;1017;697;;7752
09:42:22;697;1017;697;;13236
09:42:23;697;1017;697;;11840
09:42:23;697;1017;697;;13312
09:42:24;697;1017;697;;13208
09:42:24;697;1017;697;;13212
09:42:25;697;1017;697;;13336
09:42:25;697;1017;697;;13236
09:42:26;697;1017;697;;11816
09:42:26;697;1017;697;;13240
09:42:27;697;1017;697;;13208
09:42:27;697;1017;697;;13236
09:42:28;697;1017;697;;13240
09:42:28;697;1017;697;;13260
09:42:29;697;1017;697;;13208
09:42:29;697;1017;697;;13312
09:42:30;697;1017;697;;13216
09:42:30;697;1017;697;;13180
09:42:31;697;1018;697;;13236
09:42:31;697;1018;697;;13208
09:42:32;697;1018;697;;12012
09:42:32;697;1018;697;;13208
09:42:33;697;1017;697;;13184
09:42:33;697;1017;697;;13208
09:42:34;697;1017;697;;13236
09:42:34;697;1017;697;;13260
09:42:35;697;1017;697;;7804
09:42:35;697;1017;697;;13240
09:42:36;697;1018;697;;7680
09:42:36;697;1018;697;;13288
09:42:37;697;1017;697;;13208
09:42:37;697;1017;697;;13312
09:42:38;697;1018;697;;13208
09:42:38;697;1018;697;;7704
09:42:39;697;1018;697;;13212
09:42:39;697;1018;697;;13264
09:42:40;697;1018;697;;13184
09:42:40;697;1018;697;;13212
09:42:41;697;1018;697;;13312
09:42:41;697;1018;697;;13312
09:42:42;697;1018;697;;13212
09:42:43;697;1018;697;;13260
09:42:43;697;1018;697;;13240
09:42:44;697;1018;697;;13208
09:42:44;697;1018;697;;13260
09:42:45;697;1018;697;;13236
09:42:45;697;1018;697;;13212
09:42:46;697;1018;697;;13208
09:42:46;697;1018;697;;13236
09:42:47;697;1018;697;;13308
09:42:47;697;1018;697;;13184
09:42:48;697;1018;697;;7704
09:42:48;697;1018;697;;13184
09:42:49;697;1018;697;;13216
09:42:49;697;1018;697;;13232
09:42:50;697;1018;697;;13236
09:42:50;697;1018;697;;7704
09:42:51;697;1018;697;;13232
09:42:51;697;1018;697;;13284
09:42:52;697;1018;697;;13208
09:42:52;697;1018;697;;13260
09:42:53;697;1018;697;;13208
09:42:53;697;1018;697;;13208
09:42:54;697;1018;697;;13240
09:42:54;697;1018;697;;13236
09:42:55;697;1018;697;;13236
09:42:55;697;1018;697;;13188
09:42:56;697;1018;697;;13208
09:42:56;697;1018;697;;13208
09:42:57;697;1018;697;;13236
09:42:57;697;1018;697;;7704
09:42:58;697;1018;697;;13184
09:42:58;697;1018;697;;13236
09:42:59;697;1018;697;;13212
09:42:59;697;1018;697;;13232
09:43:00;697;1018;697;;13284
09:43:00;697;1018;697;;13212
09:43:01;697;1018;697;;13232
09:43:01;697;1018;697;;13236
09:43:02;697;1018;697;;13236
09:43:02;697;1018;697;;13208
09:43:03;697;1018;697;;13236
09:43:03;697;1018;697;;13212
09:43:04;697;1018;697;;13208
09:43:04;697;1018;697;;13208
09:43:05;697;1018;697;;13184
09:43:05;697;1018;697;;13244
09:43:06;697;1018;697;;13240
09:43:06;697;1018;697;;13236
09:43:07;697;1018;697;;13208
09:43:07;697;1018;697;;13236
09:43:08;697;1018;697;;13236
09:43:09;697;1018;697;;13208
09:43:09;697;1018;697;;13308
09:43:10;697;1018;697;;13184
09:43:10;697;1018;697;;13288
09:43:11;697;1018;697;;11888
09:43:11;697;1018;697;;13236
09:43:12;697;1018;697;;13212
09:43:12;697;1018;697;;7664
09:43:13;697;1018;697;;13180
09:43:13;697;1018;697;;13232
09:43:14;697;1018;697;;13184
09:43:14;697;1018;697;;13184
09:43:15;697;1018;697;;11852
09:43:15;697;1018;697;;13236
09:43:16;697;1018;697;;13208
09:43:16;697;1018;697;;13260
09:43:17;697;1018;697;;13208
09:43:17;697;1018;697;;13284
09:43:18;697;1018;697;;13208
09:43:18;697;1018;697;;13212
09:43:19;697;1018;697;;13184
09:43:19;697;1018;697;;13236
09:43:20;697;1018;697;;13208
09:43:20;697;1018;697;;13216
09:43:21;697;1018;697;;13256
09:43:21;697;1018;697;;13184
09:43:22;697;1018;697;;13208
09:43:22;697;1018;697;;13236
09:43:23;697;1018;697;;13240
09:43:23;697;1018;697;;13212
09:43:24;697;1018;697;;13264
09:43:24;697;1018;697;;13232
09:43:25;697;1018;697;;13244
09:43:25;697;1018;697;;13260
09:43:26;697;1019;697;;13208
09:43:26;697;1019;697;;13236
09:43:27;697;1019;697;;7756
09:43:27;697;1019;697;;13260
09:43:28;697;1018;697;;13212
09:43:28;697;1018;697;;7804
09:43:29;697;1018;697;;13236
09:43:29;697;1018;697;;7712
09:43:30;697;1019;698;;13240
09:43:30;697;1019;698;;11792
09:43:31;697;1019;697;;13212
09:43:31;697;1019;697;;13184
09:43:32;697;1019;697;;13260
09:43:32;697;1019;697;;7704
09:43:33;697;1019;698;;7684
09:43:33;697;1019;698;;13284
09:43:34;697;1019;697;;13236
09:43:35;697;1019;697;;13236
09:43:35;697;1019;697;;13308
09:43:36;697;1019;697;;13240
09:43:36;697;1019;697;;13208
09:43:37;697;1019;697;;13212
09:43:37;697;1019;697;;13208
09:43:38;697;1019;698;;13308
09:43:38;697;1019;698;;13236
09:43:39;697;1019;698;;13212
09:43:39;697;1019;698;;13236
09:43:40;697;1019;698;;13208
09:43:40;697;1019;698;;13184
09:43:41;697;1019;698;;13236
09:43:41;697;1019;698;;13292
09:43:42;698;1019;698;;13236
09:43:42;698;1019;698;;13184
09:43:43;698;1019;698;;13232
09:43:43;698;1019;698;;13244
09:43:44;698;1019;698;;13236
09:43:44;698;1019;698;;13244
09:43:45;697;1019;698;;13188
09:43:45;697;1019;698;;13208
09:43:46;698;1019;698;;13236
09:43:46;698;1019;698;;13240
09:43:47;698;1019;698;;13208
09:43:47;698;1019;698;;13236
09:43:48;698;1019;698;;13236
09:43:48;698;1019;698;;13232
09:43:49;698;1019;698;;7756
09:43:49;698;1019;698;;13184
09:43:50;698;1019;698;;13284
09:43:50;698;1019;698;;13236
09:43:51;698;1019;698;;7780
09:43:51;698;1019;698;;13208
09:43:52;698;1019;698;;13208
09:43:52;698;1019;698;;13212
09:43:53;698;1019;698;;13284
09:43:53;698;1019;698;;13212
09:43:54;698;1019;698;;13240
09:43:54;698;1019;698;;13208
09:43:55;698;1019;698;;13212
09:43:55;698;1019;698;;11840
09:43:56;698;1019;698;;13208
09:43:56;698;1019;698;;13184
09:43:57;698;1019;698;;13208
09:43:57;698;1019;698;;13188
09:43:58;698;1019;698;;13236
09:43:58;698;1019;698;;13208
09:43:59;698;1019;698;;13212
09:43:59;698;1019;698;;13316
09:44:00;698;1019;698;;13236
09:44:01;698;1019;698;;13204
09:44:01;698;1019;698;;13208
09:44:02;698;1019;698;;13236
09:44:02;698;1019;698;;13212
09:44:03;698;1019;698;;13208
09:44:03;698;1019;698;;13236
09:44:04;698;1019;698;;13308
09:44:04;698;1019;698;;13208
09:44:05;698;1019;698;;13208
09:44:05;698;1019;698;;13308
09:44:06;698;1019;698;;13232
09:44:06;698;1019;698;;11812
09:44:07;698;1019;698;;13208
09:44:07;698;1019;698;;11868
09:44:08;698;1019;698;;13208
09:44:08;698;1019;698;;13208
09:44:09;698;1019;698;;13260
09:44:09;698;1019;698;;7780
09:44:10;698;1019;698;;13204
09:44:10;698;1019;698;;13212
09:44:11;698;1019;698;;13208
09:44:11;698;1019;698;;13236
09:44:12;698;1019;698;;13212
09:44:12;698;1019;698;;13240
09:44:13;698;1019;698;;13184
09:44:13;698;1019;698;;13180
09:44:14;698;1019;698;;13208
09:44:14;698;1019;698;;13212
09:44:15;698;1019;698;;13244
09:44:15;698;1019;698;;13232
09:44:16;698;1019;698;;7704
09:44:16;698;1019;698;;13208
09:44:17;698;1019;698;;13212
09:44:17;698;1019;698;;13240
09:44:18;698;1019;698;;13236
09:44:18;698;1019;698;;13208
09:44:19;698;1019;698;;13236
09:44:19;698;1019;698;;13236
09:44:20;698;1019;698;;13236
09:44:20;698;1019;698;;13208
09:44:21;698;1019;698;;13208
09:44:21;698;1019;698;;13208
09:44:22;698;1019;698;;13208
09:44:22;698;1019;698;;13240
09:44:23;698;1019;698;;13232
09:44:23;698;1019;698;;13208
09:44:24;698;1019;698;;13260
09:44:24;698;1019;698;;13236
09:44:25;698;1019;698;;13208
09:44:25;698;1019;698;;13260
09:44:26;698;1019;698;;13260
09:44:27;698;1019;698;;13236
09:44:27;698;1019;698;;13184
09:44:28;698;1019;698;;13236
09:44:28;698;1019;698;;13184
09:44:29;698;1020;698;;13208
09:44:29;698;1020;698;;13208
09:44:30;698;1019;698;;13232
09:44:30;698;1019;698;;13212
09:44:31;698;1020;698;;13208
09:44:31;698;1020;698;;13208
09:44:32;698;1020;698;;7704
09:44:32;698;1020;698;;13288
09:44:33;698;1020;698;;13208
09:44:33;698;1020;698;;11888
09:44:34;698;1020;698;;13236
09:44:34;698;1020;698;;13268
09:44:35;698;1020;698;;13264
09:44:35;698;1020;698;;13212
09:44:36;698;1020;698;;13264
09:44:36;698;1020;698;;13180
09:44:37;698;1020;698;;13236
09:44:37;698;1020;698;;13208
09:44:38;698;1020;698;;13240
09:44:38;698;1020;698;;13208
09:44:39;698;1020;698;;13208
09:44:39;698;1020;698;;13236
09:44:40;698;1020;698;;13208
09:44:40;698;1020;698;;13184
09:44:41;698;1020;698;;13208
09:44:41;698;1020;698;;13212
09:44:42;698;1020;698;;7676
09:44:42;698;1020;698;;13240
09:44:43;698;1020;698;;13208
09:44:43;698;1020;698;;13208
09:44:44;698;1020;698;;13208
09:44:44;698;1020;698;;13208
09:44:45;698;1020;698;;13212
09:44:45;698;1020;698;;13208
09:44:46;698;1020;698;;7712
09:44:46;698;1020;698;;13208
09:44:47;698;1020;698;;13212
09:44:47;698;1020;698;;13312
09:44:48;698;1020;698;;7728
09:44:48;698;1020;698;;13208
09:44:49;698;1020;698;;13244
09:44:49;698;1020;698;;13232
09:44:50;698;1020;698;;13264
09:44:50;698;1020;698;;13208
09:44:51;698;1020;698;;13232
09:44:51;698;1020;698;;13260
09:44:52;698;1020;698;;13208
09:44:53;698;1020;698;;13208
09:44:53;698;1020;698;;7728
09:44:54;698;1020;698;;13284
09:44:54;698;1020;698;;11852
09:44:55;698;1020;698;;13208
09:44:55;698;1020;698;;11864
09:44:56;698;1020;698;;13184
09:44:56;698;1020;698;;7780
09:44:57;698;1020;698;;13260
09:44:57;698;1020;698;;11844
09:44:58;698;1020;698;;13236
09:44:58;698;1020;698;;11812
09:44:59;698;1020;698;;7704
09:44:59;698;1020;698;;13288
09:45:00;698;1020;698;;13184
09:45:00;698;1020;698;;13212
09:45:01;698;1020;698;;13184
09:45:01;698;1020;698;;13260
09:45:02;698;1020;698;;13208
09:45:02;698;1020;698;;13244
09:45:03;698;1020;698;;13232
09:45:03;698;1020;698;;13236
09:45:04;698;1020;698;;13260
09:45:04;698;1020;698;;13260
09:45:05;698;1020;698;;13212
09:45:05;698;1020;698;;13308
09:45:06;698;1020;698;;13236
09:45:06;698;1020;698;;13236
09:45:07;698;1020;698;;13204
09:45:07;698;1020;698;;13184
09:45:08;698;1020;698;;13232
09:45:08;698;1020;698;;13260
09:45:09;698;1020;698;;13212
09:45:09;698;1020;698;;13236
09:45:10;698;1020;698;;13220
09:45:10;698;1020;698;;13208
09:45:11;698;1020;698;;13232
09:45:11;698;1020;698;;13236
09:45:12;698;1020;698;;13212
09:45:12;698;1020;698;;13244
09:45:13;698;1020;698;;13184
09:45:13;698;1020;698;;13244
09:45:14;698;1020;698;;13240
09:45:14;698;1020;698;;13236
09:45:15;698;1020;698;;13208
09:45:15;698;1020;698;;13236
09:45:16;698;1020;698;;7704
09:45:16;698;1020;698;;13240
09:45:17;698;1020;698;;13232
09:45:17;698;1020;698;;13184
09:45:18;698;1020;698;;13212
09:45:18;698;1020;698;;13236
09:45:19;698;1020;698;;13208
09:45:20;698;1020;698;;13212
09:45:20;698;1020;698;;13208
09:45:21;698;1020;698;;13208
09:45:21;698;1020;698;;13244
09:45:22;698;1020;698;;13312
09:45:22;698;1020;698;;7632
09:45:23;698;1020;698;;13208
09:45:23;698;1020;698;;13212
09:45:24;698;1020;698;;13232
09:45:24;698;1020;698;;13208
09:45:25;698;1020;698;;11812
09:45:25;698;1020;698;;13208
09:45:26;698;1020;698;;13208
09:45:26;698;1020;698;;13240
09:45:27;698;1020;698;;13236
09:45:27;698;1020;698;;13204
09:45:28;698;1020;698;;13208
09:45:28;698;1020;698;;13236
09:45:29;698;1020;698;;13236
09:45:29;698;1020;698;;13260
09:45:30;698;1020;698;;13260
09:45:30;698;1020;698;;13240
09:45:31;698;1020;698;;13244
09:45:31;698;1020;698;;13260
09:45:32;698;1020;698;;13232
09:45:32;698;1020;698;;13232
09:45:33;698;1020;698;;13244
09:45:33;698;1020;698;;11844
09:45:34;698;1020;698;;13236
09:45:34;698;1020;698;;13208
09:45:35;698;1020;698;;13184
09:45:35;698;1020;698;;13208
09:45:36;698;1020;698;;13180
09:45:36;698;1020;698;;7724
09:45:37;698;1020;698;;13184
09:45:37;698;1020;698;;13208
09:45:38;698;1020;698;;13240
09:45:38;698;1020;698;;13236
09:45:39;698;1020;698;;13188
09:45:39;698;1020;698;;13260
09:45:40;698;1020;698;;11852
09:45:40;698;1020;698;;13236
09:45:41;698;1020;698;;13208
09:45:41;698;1020;698;;13212
09:45:42;698;1020;698;;13232
09:45:42;698;1020;698;;13240
09:45:43;698;1020;698;;13208
09:45:43;698;1020;698;;13208
09:45:44;698;1020;698;;7704
09:45:44;698;1020;698;;13260
09:45:45;698;1020;698;;13208
09:45:46;698;1020;698;;13212
09:45:46;698;1020;698;;13336
09:45:47;698;1020;698;;13204
09:45:47;698;1020;698;;13208
09:45:48;698;1020;698;;13204
09:45:48;698;1020;698;;13212
09:45:49;698;1020;698;;13236
09:45:49;698;1020;698;;13264
09:45:50;698;1020;698;;13208
09:45:50;698;1020;698;;13284
09:45:51;698;1020;699;;13236
09:45:51;698;1020;699;;13212
09:45:52;698;1020;699;;13212
09:45:52;698;1020;699;;13236
09:45:53;698;1020;699;;13312
09:45:53;698;1020;699;;13312
09:45:54;698;1020;699;;7676
09:45:54;698;1020;699;;13208
09:45:55;698;1020;699;;13244
09:45:55;698;1020;699;;13236
09:45:56;698;1020;699;;13216
09:45:56;698;1020;699;;13312
09:45:57;698;1020;699;;13208
09:45:57;698;1020;699;;13208
09:45:58;699;1020;699;;13208
09:45:58;699;1020;699;;13236
09:45:59;699;1020;699;;13256
09:45:59;699;1020;699;;13232
09:46:00;699;1020;699;;13232
09:46:00;699;1020;699;;13236
09:46:01;699;1020;699;;13216
09:46:01;699;1020;699;;13184
09:46:02;699;1021;699;;13208
09:46:02;699;1021;699;;7732
09:46:03;699;1020;699;;13208
09:46:03;699;1020;699;;13208
09:46:04;699;1020;699;;13204
09:46:04;699;1020;699;;7784
09:46:05;699;1021;699;;13236
09:46:05;699;1021;699;;13260
09:46:06;699;1021;699;;7652
09:46:06;699;1021;699;;13208
09:46:07;699;1020;699;;13208
09:46:07;699;1020;699;;13236
09:46:08;699;1021;699;;13264
09:46:08;699;1021;699;;13212
09:46:09;699;1021;699;;13184
09:46:09;699;1021;699;;13240
09:46:10;699;1021;699;;13212
09:46:10;699;1021;699;;13212
09:46:11;699;1021;699;;13232
09:46:12;699;1021;699;;7748
09:46:12;699;1021;699;;13232
09:46:13;699;1021;699;;13212
09:46:13;699;1021;699;;13260
09:46:14;699;1021;699;;7688
09:46:14;699;1021;699;;13208
09:46:15;699;1021;699;;13236
09:46:15;699;1021;699;;13260
09:46:16;699;1021;699;;13216
09:46:16;699;1021;699;;13208
09:46:17;699;1021;699;;13232
09:46:17;699;1021;699;;13260
09:46:18;699;1021;699;;13308
09:46:18;699;1021;699;;13208
09:46:19;699;1021;699;;13232
09:46:19;699;1021;699;;13212
09:46:20;699;1021;699;;13260
09:46:20;699;1021;699;;13232
09:46:21;699;1021;699;;13260
09:46:21;699;1021;699;;13216
09:46:22;699;1021;699;;7732
09:46:22;699;1021;699;;13208
09:46:23;699;1021;699;;13208
09:46:23;699;1021;699;;13308
09:46:24;699;1021;699;;13232
09:46:24;699;1021;699;;13180
09:46:25;699;1021;699;;13216
09:46:25;699;1021;699;;7748
09:46:26;699;1021;699;;13184
09:46:26;699;1021;699;;7628
09:46:27;699;1021;699;;13232
09:46:27;699;1021;699;;13284
09:46:28;699;1021;699;;13236
09:46:28;699;1021;699;;13232
09:46:29;699;1021;699;;13184
09:46:29;699;1021;699;;13240
09:46:30;699;1021;699;;13236
09:46:30;699;1021;699;;13208
09:46:31;699;1021;699;;13184
09:46:31;699;1021;699;;13236
09:46:32;699;1021;699;;13232
09:46:32;699;1021;699;;11936
09:46:33;699;1021;699;;13232
09:46:33;699;1021;699;;13260
09:46:34;699;1021;699;;13284
09:46:34;699;1021;699;;13232
09:46:35;699;1021;699;;13232
09:46:35;699;1021;699;;13312
09:46:36;699;1021;699;;13256
09:46:36;699;1021;699;;7756
09:46:37;699;1021;699;;13204
09:46:37;699;1021;699;;13208
09:46:38;699;1021;699;;7724
09:46:39;699;1021;699;;13208
09:46:39;699;1021;699;;11864
09:46:40;699;1021;699;;13212
09:46:40;699;1021;699;;13208
09:46:41;699;1021;699;;13208
09:46:41;699;1021;699;;13180
09:46:42;699;1021;699;;13232
09:46:42;699;1021;699;;13232
09:46:43;699;1021;699;;11852
09:46:43;699;1021;699;;13260
09:46:44;699;1021;699;;13240
09:46:44;699;1021;699;;11860
09:46:45;699;1021;699;;13260
09:46:45;699;1021;699;;13204
09:46:46;699;1021;699;;13208
09:46:46;699;1021;699;;13232
09:46:47;699;1021;699;;13208
09:46:47;699;1021;699;;13236
09:46:48;699;1021;699;;13236
09:46:48;699;1021;699;;13208
09:46:49;699;1021;699;;13208
09:46:49;699;1021;699;;13288
09:46:50;699;1021;699;;11860
09:46:50;699;1021;699;;13208
09:46:51;699;1021;699;;13260
09:46:51;699;1021;699;;13208
09:46:52;699;1021;699;;13260
09:46:52;699;1021;699;;13212
09:46:53;699;1021;699;;13232
09:46:53;699;1021;699;;13284
09:46:54;699;1021;699;;13260
09:46:54;699;1021;699;;13208
09:46:55;699;1021;699;;13308
09:46:55;699;1021;699;;13184
09:46:56;699;1021;699;;13184
09:46:56;699;1021;699;;13184
09:46:57;699;1021;699;;7756
09:46:57;699;1021;699;;11812
09:46:58;699;1021;699;;7732
09:46:58;699;1021;699;;7876
09:46:59;699;1021;699;;13260
09:46:59;699;1021;699;;11852
09:47:00;699;1021;699;;13236
09:47:00;699;1021;699;;13236
09:47:01;699;1021;699;;13232
09:47:01;699;1021;699;;13208
09:47:02;699;1021;699;;13184
09:47:02;699;1021;699;;13264
09:47:03;699;1021;699;;13236
09:47:03;699;1021;699;;13264
09:47:04;699;1021;699;;13208
09:47:05;699;1021;699;;13260
09:47:05;699;1021;699;;13212
09:47:06;699;1021;699;;13208
09:47:06;699;1021;699;;13240
09:47:07;699;1021;699;;13260
09:47:07;699;1021;699;;13204
09:47:08;699;1021;699;;13284
09:47:08;699;1021;699;;13260
09:47:09;699;1021;699;;7748
09:47:09;699;1021;699;;13232
09:47:10;699;1021;699;;13236
09:47:10;699;1021;699;;11860
09:47:11;699;1021;699;;13208
09:47:11;699;1021;699;;11816
09:47:12;699;1021;699;;13244
09:47:12;699;1021;699;;13212
09:47:13;699;1021;699;;13212
09:47:13;699;1021;699;;13236
09:47:14;699;1021;699;;13288
09:47:14;699;1021;699;;13208
09:47:15;699;1021;699;;13184
09:47:15;699;1021;699;;13208
09:47:16;699;1021;699;;13208
09:47:16;699;1021;699;;13236
09:47:17;699;1021;699;;13260
09:47:17;699;1021;699;;13312
09:47:18;699;1021;699;;13204
09:47:18;699;1021;699;;13180
09:47:19;699;1021;699;;13312
09:47:19;699;1021;699;;13188
09:47:20;699;1021;699;;13312
09:47:20;699;1021;699;;13208
09:47:21;699;1021;699;;13212
09:47:21;699;1021;699;;13208
09:47:22;699;1021;699;;13180
09:47:22;699;1021;699;;13264
09:47:23;699;1021;699;;13212
09:47:23;699;1021;699;;13240
09:47:24;699;1022;699;;13208
09:47:24;699;1022;699;;13184
09:47:25;699;1021;699;;11812
09:47:25;699;1021;699;;13184
09:47:26;699;1021;699;;13208
09:47:26;699;1021;699;;13212
09:47:27;699;1021;699;;7684
09:47:27;699;1021;699;;13208
09:47:28;699;1021;699;;13260
09:47:28;699;1021;699;;11960
09:47:29;699;1021;699;;13204
09:47:29;699;1021;699;;13232
09:47:30;699;1021;699;;7724
09:47:31;699;1022;700;;13184
09:47:31;699;1022;700;;13204
09:47:32;699;1021;699;;13232
09:47:32;699;1021;699;;13208
09:47:33;699;1021;699;;7700
09:47:33;699;1021;699;;13284
09:47:34;699;1021;700;;13184
09:47:34;699;1021;700;;11812
09:47:35;699;1021;699;;13212
09:47:35;699;1021;699;;13236
09:47:36;699;1021;699;;13236
09:47:36;699;1021;699;;13236
09:47:37;699;1022;699;;13204
09:47:37;699;1022;699;;13236
09:47:38;699;1022;700;;13236
09:47:38;699;1022;700;;13184
09:47:39;700;1022;700;;13244
09:47:39;700;1022;700;;13208
09:47:40;700;1022;700;;13260
09:47:40;700;1022;700;;13184
09:47:41;700;1022;700;;11836
09:47:41;700;1022;700;;13208
09:47:42;700;1022;700;;13184
09:47:42;700;1022;700;;13236
09:47:43;700;1022;700;;13228
09:47:43;700;1022;700;;7724
09:47:44;700;1022;700;;13212
09:47:44;700;1022;700;;13184
09:47:45;700;1022;700;;13260
09:47:45;700;1022;700;;13208
09:47:46;700;1022;700;;13236
09:47:46;700;1022;700;;11908
09:47:47;700;1022;700;;13260
09:47:47;700;1022;700;;13208
09:47:48;700;1022;700;;13232
09:47:48;700;1022;700;;13212
09:47:49;700;1022;700;;13212
09:47:49;700;1022;700;;13308
09:47:50;700;1022;700;;13208
09:47:50;700;1022;700;;13204
09:47:51;700;1022;700;;13236
09:47:51;700;1022;700;;13208
09:47:52;700;1022;700;;13208
09:47:52;700;1022;700;;13180
09:47:53;700;1022;700;;13180
09:47:53;700;1022;700;;13204
09:47:54;700;1022;700;;13208
09:47:54;700;1022;700;;13236
09:47:55;700;1022;700;;13208
09:47:55;700;1022;700;;13256
09:47:56;700;1022;700;;13312
09:47:57;700;1022;700;;13184
09:47:57;700;1022;700;;13184
09:47:58;700;1022;700;;13208
09:47:58;700;1022;700;;13236
09:47:59;700;1022;700;;13208
09:47:59;700;1022;700;;13208
09:48:00;700;1022;700;;11860
09:48:00;700;1022;700;;11984
09:48:01;700;1022;700;;7700
09:48:01;700;1022;700;;13256
09:48:02;700;1022;700;;13208
09:48:02;700;1022;700;;13208
09:48:03;700;1022;700;;13260
09:48:03;700;1022;700;;13208
09:48:04;700;1022;700;;13256
09:48:04;700;1022;700;;13236
09:48:05;700;1022;700;;13208
09:48:05;700;1022;700;;13208
09:48:06;700;1022;700;;7688
09:48:06;700;1022;700;;13208
09:48:07;700;1022;700;;13212
09:48:07;700;1022;700;;13212
09:48:08;700;1022;700;;13208
09:48:08;700;1022;700;;13184
09:48:09;700;1022;700;;13208
09:48:09;700;1022;700;;13208
09:48:10;700;1022;700;;13204
09:48:10;700;1022;700;;13208
09:48:11;700;1022;700;;13308
09:48:11;700;1022;700;;13236
09:48:12;700;1022;700;;13260
09:48:12;700;1022;700;;13236
09:48:13;700;1022;700;;13212
09:48:13;700;1022;700;;13256
09:48:14;700;1022;700;;13204
09:48:14;700;1022;700;;13236
09:48:15;700;1022;700;;13236
09:48:15;700;1022;700;;13208
09:48:16;700;1022;700;;13208
09:48:16;700;1022;700;;13212
09:48:17;700;1022;700;;11860
09:48:17;700;1022;700;;13212
09:48:18;700;1022;700;;13208
09:48:18;700;1022;700;;13208
09:48:19;700;1022;700;;13208
09:48:19;700;1022;700;;13232
09:48:20;700;1022;700;;7712
09:48:20;700;1022;700;;13208
09:48:21;700;1022;700;;13212
09:48:21;700;1022;700;;13260
09:48:22;700;1022;700;;13208
09:48:22;700;1022;700;;7728
09:48:23;700;1022;700;;13236
09:48:24;700;1022;700;;13236
09:48:24;700;1022;700;;13208
09:48:25;700;1022;700;;13212
09:48:25;700;1022;700;;13236
09:48:26;700;1022;700;;13208
09:48:26;700;1022;700;;13240
09:48:27;700;1022;700;;13204
09:48:27;700;1022;700;;13332
09:48:28;700;1022;700;;13180
09:48:28;700;1022;700;;7704
09:48:29;700;1022;700;;13204
09:48:29;700;1022;700;;13208
09:48:30;700;1022;700;;13204
09:48:30;700;1022;700;;11812
09:48:31;700;1022;700;;13208
09:48:31;700;1022;700;;13212
09:48:32;700;1022;700;;7724
09:48:32;700;1022;700;;13204
09:48:33;700;1022;700;;13208
09:48:33;700;1022;700;;13232
09:48:34;700;1022;700;;13236
09:48:34;700;1022;700;;13256
09:48:35;700;1022;700;;13260
09:48:35;700;1022;700;;13208
09:48:36;700;1022;700;;13208
09:48:36;700;1022;700;;13208
09:48:37;700;1022;700;;13184
09:48:37;700;1022;700;;13260
09:48:38;700;1022;700;;13208
09:48:38;700;1022;700;;13204
09:48:39;700;1022;700;;13260
09:48:39;700;1022;700;;13180
09:48:40;700;1022;700;;13208
09:48:40;700;1022;700;;13208
09:48:41;700;1022;700;;13208
09:48:41;700;1022;700;;13208
09:48:42;700;1022;700;;13208
09:48:42;700;1022;700;;13208
09:48:43;700;1022;700;;13232
09:48:43;700;1022;700;;7776
09:48:44;700;1022;700;;13260
09:48:44;700;1022;700;;13208
09:48:45;700;1022;700;;13256
09:48:45;700;1022;700;;13208
09:48:46;700;1022;700;;13208
09:48:46;700;1022;700;;13232
09:48:47;700;1022;700;;13208
09:48:47;700;1022;700;;13260
09:48:48;700;1022;700;;13204
09:48:48;700;1022;700;;13212
09:48:49;700;1022;700;;13208
09:48:50;700;1022;700;;13208
09:48:50;700;1022;700;;13244
09:48:51;700;1022;700;;13260
09:48:51;700;1022;700;;13232
09:48:52;700;1022;700;;13208
09:48:52;700;1022;700;;13236
09:48:53;700;1022;700;;13208
09:48:53;700;1022;700;;13212
09:48:54;700;1022;700;;13208
09:48:54;700;1022;700;;13208
09:48:55;700;1022;700;;13208
09:48:55;700;1022;700;;13236
09:48:56;700;1022;700;;13232
09:48:56;700;1022;700;;13236
09:48:57;700;1022;700;;13212
09:48:57;700;1022;700;;13204
09:48:58;700;1022;700;;7704
09:48:58;700;1022;700;;13184
09:48:59;701;1022;701;;13284
09:48:59;701;1022;701;;13208
09:49:00;700;1022;700;;7752
09:49:00;700;1022;700;;13228
09:49:01;700;1022;701;;13236
09:49:01;700;1022;701;;13208
09:49:02;701;1022;700;;13232
09:49:02;701;1022;700;;13236
09:49:03;701;1022;701;;13204
09:49:03;701;1022;701;;13232
09:49:04;700;1022;701;;13220
09:49:04;700;1022;701;;13204
09:49:05;700;1022;701;;13208
09:49:05;700;1022;701;;13208
09:49:06;701;1022;700;;13236
09:49:06;701;1022;700;;13232
09:49:07;701;1022;701;;7684
09:49:07;701;1022;701;;13184
09:49:08;701;1022;701;;11812
09:49:08;701;1022;701;;13180
09:49:09;701;1022;701;;13184
09:49:09;701;1022;701;;13188
09:49:10;701;1022;701;;13236
09:49:10;701;1022;701;;13308
09:49:11;701;1022;701;;13236
09:49:11;701;1022;701;;13240
09:49:12;701;1022;701;;13336
09:49:12;701;1022;701;;11860
09:49:13;701;1022;701;;13240
09:49:13;701;1022;701;;13236
09:49:14;701;1022;701;;11836
09:49:14;701;1022;701;;13208
09:49:15;701;1022;701;;13236
09:49:16;701;1022;701;;13208
09:49:16;701;1022;701;;13204
09:49:17;701;1022;701;;13232
09:49:17;701;1022;701;;13284
09:49:18;701;1022;701;;7752
09:49:18;701;1022;701;;13232
09:49:19;701;1022;701;;7776
09:49:19;701;1022;701;;13232
09:49:20;701;1022;701;;13208
09:49:20;701;1022;701;;13212
09:49:21;701;1022;701;;13232
09:49:21;701;1022;701;;13208
09:49:22;701;1022;701;;13232
09:49:22;701;1022;701;;11860
09:49:23;701;1022;701;;11812
09:49:23;701;1022;701;;13236
09:49:24;701;1022;701;;13208
09:49:24;701;1022;701;;13208
09:49:25;701;1022;701;;13212
09:49:25;701;1022;701;;13260
09:49:26;701;1022;701;;13228
09:49:26;701;1022;701;;13180
09:49:27;701;1022;701;;13180
09:49:27;701;1022;701;;13180
09:49:28;701;1022;701;;13232
09:49:28;701;1022;701;;13232
09:49:29;701;1022;701;;13284
09:49:29;701;1022;701;;13236
09:49:30;701;1022;701;;13236
09:49:30;701;1022;701;;13260
09:49:31;701;1022;701;;13232
09:49:31;701;1022;701;;13208
09:49:32;701;1022;701;;13180
09:49:32;701;1022;701;;13204
09:49:33;701;1022;701;;13236
09:49:33;701;1022;701;;13236
09:49:34;701;1022;701;;13184
09:49:34;701;1022;701;;11836
09:49:35;701;1022;701;;13204
09:49:35;701;1022;701;;13284
09:49:36;701;1022;701;;13208
09:49:36;701;1022;701;;13208
09:49:37;701;1022;701;;13208
09:49:37;701;1022;701;;13216
09:49:38;701;1022;701;;13204
09:49:38;701;1022;701;;13208
09:49:39;701;1022;701;;13340
09:49:39;701;1022;701;;13208
09:49:40;701;1022;701;;7704
09:49:40;701;1022;701;;13232
09:49:41;701;1022;701;;11888
09:49:42;701;1022;701;;13208
09:49:42;701;1022;701;;13208
09:49:43;701;1022;701;;13208
09:49:43;701;1022;701;;7704
09:49:44;701;1022;701;;13232
09:49:44;701;1022;701;;7704
09:49:45;701;1022;701;;13208
09:49:45;701;1022;701;;13228
09:49:46;701;1022;701;;13236
09:49:46;701;1022;701;;13184
09:49:47;701;1022;701;;13232
09:49:47;701;1022;701;;13236
09:49:48;701;1022;701;;13212
09:49:48;701;1022;701;;13204
09:49:49;701;1022;701;;13260
09:49:49;701;1022;701;;13212
09:49:50;701;1022;701;;13208
09:49:50;701;1022;701;;7724
09:49:51;701;1022;701;;13308
09:49:51;701;1022;701;;13236
09:49:52;701;1022;701;;13232
09:49:52;701;1022;701;;7704
09:49:53;701;1022;701;;13308
09:49:53;701;1022;701;;13212
09:49:54;701;1022;701;;13204
09:49:54;701;1022;701;;13208
09:49:55;701;1022;701;;13232
09:49:55;701;1022;701;;13232
09:49:56;701;1022;701;;13208
09:49:56;701;1022;701;;13308
09:49:57;701;1022;701;;13208
09:49:57;701;1022;701;;13204
09:49:58;701;1022;701;;13260
09:49:58;701;1022;701;;13260
09:49:59;701;1022;701;;13208
09:49:59;701;1022;701;;7748
09:50:00;701;1022;701;;13208
09:50:00;701;1022;701;;13288
09:50:01;701;1022;701;;13236
09:50:01;701;1022;701;;13208
09:50:02;701;1022;701;;11836
09:50:02;701;1022;701;;13236
09:50:03;701;1022;701;;13204
09:50:03;701;1022;701;;11860
09:50:04;701;1022;701;;13256
09:50:04;701;1022;701;;7728
09:50:05;701;1022;701;;13212
09:50:05;701;1022;701;;13256
09:50:06;701;1022;701;;11836
09:50:06;701;1022;701;;13208
09:50:07;701;1022;701;;13180
09:50:07;701;1022;701;;13260
09:50:08;701;1022;701;;13184
09:50:09;701;1022;701;;13240
09:50:09;701;1022;701;;13208
09:50:10;701;1022;701;;7728
09:50:10;701;1022;701;;13204
09:50:11;701;1022;701;;13232
09:50:11;701;1022;701;;13304
09:50:12;701;1022;701;;13232
09:50:12;701;1022;701;;13284
09:50:13;701;1022;701;;13204
09:50:13;701;1022;701;;13212
09:50:14;701;1022;701;;7752
09:50:14;701;1022;701;;13284
09:50:15;701;1022;701;;7724
09:50:15;701;1022;701;;13204
09:50:16;701;1022;701;;13236
09:50:16;701;1022;701;;13208
09:50:17;701;1022;701;;13232
09:50:17;701;1022;701;;7728
09:50:18;701;1022;701;;13204
09:50:18;701;1022;701;;13208
09:50:19;701;1022;701;;13260
09:50:19;701;1022;701;;13204
09:50:20;701;1022;701;;13240
09:50:20;701;1022;701;;13208
09:50:21;701;1022;701;;13208
09:50:21;701;1022;701;;13228
09:50:22;701;1022;701;;13184
09:50:22;701;1022;701;;13232
09:50:23;701;1022;701;;13212
09:50:23;701;1022;701;;13208
09:50:24;701;1022;701;;13260
09:50:24;701;1022;701;;13208
09:50:25;701;1022;701;;7752
09:50:25;701;1022;701;;13264
09:50:26;701;1022;701;;13236
09:50:26;701;1022;701;;13236
09:50:27;701;1022;701;;13204
09:50:27;701;1022;701;;13260
09:50:28;701;1022;701;;13204
09:50:28;701;1022;701;;13208
09:50:29;701;1022;701;;13232
09:50:29;701;1022;701;;13212
09:50:30;701;1022;701;;13308
09:50:30;701;1022;701;;13208
09:50:31;701;1022;701;;13240
09:50:31;701;1022;701;;13212
09:50:32;701;1022;701;;13180
09:50:32;701;1022;701;;13208
09:50:33;701;1022;701;;13208
09:50:33;701;1022;701;;13260
09:50:34;701;1022;701;;13208
09:50:35;701;1022;701;;13208
09:50:35;701;1022;701;;13184
09:50:36;701;1022;701;;13212
09:50:36;701;1022;701;;13208
09:50:37;701;1022;701;;7704
09:50:37;701;1022;701;;13184
09:50:38;701;1022;701;;13180
09:50:38;701;1022;701;;13236
09:50:39;701;1022;701;;13180
09:50:39;701;1022;701;;13308
09:50:40;701;1022;701;;13236
09:50:40;701;1022;701;;13208
09:50:41;701;1022;701;;13232
09:50:41;701;1022;701;;13184
09:50:42;701;1022;701;;13204
09:50:42;701;1022;701;;13208
09:50:43;701;1022;701;;13256
09:50:43;701;1022;701;;13184
09:50:44;701;1022;701;;13180
09:50:44;701;1022;701;;13232
09:50:45;701;1022;701;;13308
09:50:45;701;1022;701;;13208
09:50:46;701;1022;701;;7728
09:50:46;701;1022;701;;13180
09:50:47;701;1022;701;;13208
09:50:47;701;1022;701;;13232
09:50:48;701;1022;701;;13212
09:50:48;701;1022;701;;13236
09:50:49;701;1022;701;;13208
09:50:49;701;1022;701;;13208
09:50:50;701;1022;701;;13204
09:50:50;701;1022;701;;13240
09:50:51;701;1022;701;;13232
09:50:51;701;1022;701;;13256
09:50:52;701;1022;701;;13284
09:50:52;701;1022;701;;13236
09:50:53;701;1022;701;;7752
09:50:53;701;1022;701;;13184
09:50:54;701;1022;701;;13208
09:50:54;701;1022;701;;13232
09:50:55;701;1022;701;;13236
09:50:55;701;1022;701;;13360
09:50:56;701;1022;701;;7732
09:50:56;701;1022;701;;13232
09:50:57;701;1022;701;;13204
09:50:57;701;1022;701;;13232
09:50:58;701;1022;701;;13184
09:50:58;701;1022;701;;13208
09:50:59;701;1022;701;;11884
09:50:59;701;1022;701;;13176
09:51:00;701;1022;701;;13208
09:51:01;701;1022;701;;13284
09:51:01;701;1022;701;;13204
09:51:02;701;1022;701;;13212
09:51:02;701;1022;701;;13236
09:51:03;701;1022;701;;13284
09:51:03;701;1022;701;;13208
09:51:04;701;1022;701;;7752
09:51:04;701;1022;701;;13208
09:51:05;701;1022;701;;13208
09:51:05;701;1022;701;;13232
09:51:06;701;1022;701;;13232
09:51:06;701;1022;701;;13256
09:51:07;701;1022;701;;13208
09:51:07;701;1022;701;;13204
09:51:08;701;1022;701;;13208
09:51:08;701;1022;701;;13204
09:51:09;701;1022;701;;13212
09:51:09;701;1022;701;;7688
09:51:10;701;1022;701;;13256
09:51:10;701;1022;701;;13180
09:51:11;701;1022;701;;13256
09:51:11;701;1022;701;;13208
09:51:12;701;1022;701;;13256
09:51:12;701;1022;701;;13332
09:51:13;701;1022;701;;13264
09:51:13;701;1022;701;;13204
09:51:14;701;1022;701;;13280
09:51:14;701;1022;701;;13204
09:51:15;701;1022;701;;13260
09:51:15;701;1022;701;;13208
09:51:16;701;1022;701;;13284
09:51:16;701;1022;701;;13284
09:51:17;701;1022;701;;13260
09:51:17;701;1022;701;;13208
09:51:18;701;1022;701;;13260
09:51:18;701;1022;701;;13212
09:51:19;701;1022;701;;13236
09:51:19;701;1022;701;;13284
09:51:20;701;1022;701;;13232
09:51:20;701;1022;701;;13208
09:51:21;701;1022;701;;13240
09:51:21;701;1022;701;;13232
09:51:22;701;1022;701;;13208
09:51:22;701;1022;701;;13208
09:51:23;701;1022;701;;13208
09:51:23;701;1022;701;;7704
09:51:24;701;1022;701;;13232
09:51:24;701;1022;701;;13180
09:51:25;701;1022;701;;13240
09:51:25;701;1022;701;;13212
09:51:26;701;1022;701;;7700
09:51:27;701;1022;701;;13260
09:51:27;701;1022;701;;13256
09:51:28;701;1022;701;;13240
09:51:28;701;1022;701;;13208
09:51:29;701;1022;701;;13256
09:51:29;701;1022;701;;13208
09:51:30;701;1022;701;;13208
09:51:30;701;1022;701;;13208
09:51:31;701;1022;701;;13308
09:51:31;701;1022;701;;13232
09:51:32;701;1022;701;;13208
09:51:32;701;1022;701;;13180
09:51:33;701;1022;701;;13204
09:51:33;701;1022;701;;13280
09:51:34;701;1022;701;;13236
09:51:34;701;1022;701;;13208
09:51:35;701;1022;701;;13208
09:51:35;701;1022;701;;13180
09:51:36;701;1022;701;;13208
09:51:36;701;1022;701;;13232
09:51:37;701;1022;701;;13212
09:51:37;701;1022;701;;7680
09:51:38;701;1022;701;;13232
09:51:38;701;1022;701;;13232
09:51:39;701;1022;701;;13280
09:51:39;701;1022;701;;13204
09:51:40;701;1022;701;;13232
09:51:40;701;1022;701;;13212
09:51:41;701;1022;701;;7728
09:51:41;701;1022;701;;13284
09:51:42;701;1022;701;;13208
09:51:42;701;1022;701;;13208
09:51:43;701;1022;702;;13280
09:51:43;701;1022;702;;13232
09:51:44;701;1022;702;;13264
09:51:44;701;1022;702;;13180
09:51:45;701;1022;701;;11884
09:51:45;701;1022;701;;13180
09:51:46;701;1022;702;;13208
09:51:46;701;1022;702;;13232
09:51:47;702;1022;702;;13284
09:51:47;702;1022;702;;13180
09:51:48;701;1022;701;;13180
09:51:48;701;1022;701;;7728
09:51:49;701;1022;701;;13236
09:51:49;701;1022;701;;13180
09:51:50;701;1022;701;;13204
09:51:50;701;1022;701;;13256
09:51:51;701;1022;701;;13208
09:51:51;701;1022;701;;13204
09:51:52;702;1022;702;;13180
09:51:53;702;1022;702;;13260
09:51:53;702;1022;702;;13244
09:51:54;702;1022;702;;13216
09:51:54;702;1022;702;;13184
09:51:55;702;1022;702;;13232
09:51:55;702;1022;702;;13232
09:51:56;702;1022;702;;13204
09:51:56;702;1022;702;;7704
09:51:57;702;1022;702;;13236
09:51:57;702;1022;702;;13232
09:51:58;702;1022;702;;7752
09:51:58;702;1022;702;;13208
09:51:59;702;1022;702;;7852
09:51:59;702;1022;702;;13208
09:52:00;702;1022;702;;7680
09:52:00;702;1022;702;;13284
09:52:01;702;1022;702;;13180
09:52:01;702;1022;702;;7748
09:52:02;702;1022;702;;13208
09:52:02;702;1022;702;;13208
09:52:03;702;1022;702;;13260
09:52:03;702;1022;702;;13232
09:52:04;702;1022;702;;13236
09:52:04;702;1022;702;;13232
09:52:05;702;1022;702;;13232
09:52:05;702;1022;702;;13256
09:52:06;702;1022;702;;13232
09:52:06;702;1022;702;;13204
09:52:07;702;1022;702;;13208
09:52:07;702;1022;702;;13208
09:52:08;702;1022;702;;13208
09:52:08;702;1022;702;;13208
09:52:09;702;1022;702;;13184
09:52:09;702;1022;702;;13208
09:52:10;702;1022;702;;13208
09:52:10;702;1022;702;;11888
09:52:11;702;1022;702;;7728
09:52:11;702;1022;702;;13208
09:52:12;702;1022;702;;13236
09:52:12;702;1022;702;;13204
09:52:13;702;1022;702;;7728
09:52:13;702;1022;702;;13236
09:52:14;702;1022;702;;13232
09:52:14;702;1022;702;;13260
09:52:15;702;1022;702;;13208
09:52:15;702;1022;702;;13232
09:52:16;702;1022;702;;13204
09:52:16;702;1022;702;;13184
09:52:17;702;1022;702;;13232
09:52:17;702;1022;702;;13236
09:52:18;702;1022;702;;13236
09:52:18;702;1022;702;;13284
09:52:19;702;1022;702;;13204
09:52:20;702;1022;702;;13208
09:52:20;702;1022;702;;13204
09:52:21;702;1022;702;;13236
09:52:21;702;1022;702;;13232
09:52:22;702;1022;702;;13304
09:52:22;702;1022;702;;13208
09:52:23;702;1022;702;;13204
09:52:23;702;1022;702;;7728
09:52:24;702;1022;702;;13204
09:52:24;702;1022;702;;13208
09:52:25;702;1022;702;;13208
09:52:25;702;1022;702;;13284
09:52:26;702;1022;702;;13188
09:52:26;702;1022;702;;13208
09:52:27;702;1022;702;;13208
09:52:27;702;1022;702;;13228
09:52:28;702;1022;702;;13208
09:52:28;702;1022;702;;13260
09:52:29;702;1022;702;;13204
09:52:29;702;1022;702;;13200
09:52:30;702;1022;702;;13212
09:52:30;702;1022;702;;13256
09:52:31;702;1022;702;;13240
09:52:31;702;1022;702;;13264
09:52:32;702;1022;702;;13232
09:52:32;702;1022;702;;13204
09:52:33;702;1022;702;;7728
09:52:33;702;1022;702;;13184
09:52:34;702;1022;702;;13180
09:52:34;702;1022;702;;13204
09:52:35;702;1022;702;;13204
09:52:35;702;1022;702;;13208
09:52:36;702;1022;702;;13260
09:52:36;702;1022;702;;13232
09:52:37;702;1023;702;;13204
09:52:37;702;1023;702;;13216
09:52:38;702;1023;702;;7724
09:52:38;702;1023;702;;13180
09:52:39;702;1022;702;;13256
09:52:39;702;1022;702;;13208
09:52:40;702;1022;702;;13180
09:52:40;702;1022;702;;13204
09:52:41;702;1023;702;;13204
09:52:41;702;1023;702;;13208
09:52:42;702;1023;702;;13208
09:52:42;702;1023;702;;13204
09:52:43;702;1023;702;;7700
09:52:43;702;1023;702;;13232
09:52:44;702;1022;702;;13180
09:52:44;702;1022;702;;13208
09:52:45;702;1022;702;;7680
09:52:45;702;1022;702;;13232
09:52:46;702;1022;702;;13208
09:52:47;702;1023;702;;13188
09:52:47;702;1023;702;;13208
09:52:48;702;1023;702;;13208
09:52:48;702;1023;702;;13204
09:52:49;702;1022;702;;13180
09:52:49;702;1022;702;;13236
09:52:50;702;1022;702;;13184
09:52:50;702;1022;702;;13232
09:52:51;702;1022;702;;7700
09:52:51;702;1022;702;;13208
09:52:52;702;1023;702;;13208
09:52:52;702;1023;702;;13208
09:52:53;702;1022;702;;13208
09:52:53;702;1022;702;;13236
09:52:54;702;1023;702;;13208
09:52:54;702;1023;702;;13228
09:52:55;702;1023;702;;13208
09:52:55;702;1023;702;;13184
09:52:56;702;1023;702;;13208
09:52:56;702;1023;702;;13240
09:52:57;702;1023;702;;13208
09:52:57;702;1023;702;;13260
09:52:58;702;1023;702;;13208
09:52:58;702;1023;702;;13208
09:52:59;702;1022;702;;7624
09:52:59;702;1022;702;;13260
09:53:00;702;1023;702;;13244
09:53:00;702;1023;702;;13204
09:53:01;702;1022;702;;13236
09:53:01;702;1022;702;;13232
09:53:02;702;1023;702;;13232
09:53:02;702;1023;702;;13208
09:53:03;702;1023;702;;13232
09:53:03;702;1023;702;;7700
09:53:04;702;1023;702;;13212
09:53:04;702;1023;702;;13180
09:53:05;702;1022;702;;11812
09:53:05;702;1022;702;;13260
09:53:06;702;1022;702;;13212
09:53:06;702;1022;702;;13228
09:53:07;702;1023;702;;13284
09:53:07;702;1023;702;;13208
09:53:08;702;1023;702;;13284
09:53:08;702;1023;702;;13284
09:53:09;702;1022;702;;13204
09:53:09;702;1022;702;;13228
09:53:10;702;1022;702;;13232
09:53:10;702;1022;702;;13232
09:53:11;702;1023;702;;7728
09:53:11;702;1023;702;;13256
09:53:12;702;1023;702;;13212
09:53:13;702;1022;702;;13212
09:53:13;702;1022;702;;13208
09:53:14;702;1023;702;;13336
09:53:14;702;1023;702;;13208
09:53:15;702;1023;702;;13208
09:53:15;702;1023;702;;13236
09:53:16;702;1023;702;;13204
09:53:16;702;1023;702;;13240
09:53:17;702;1022;702;;13204
09:53:17;702;1022;702;;13208
09:53:18;702;1022;702;;13180
09:53:18;702;1022;702;;13208
09:53:19;702;1022;702;;13280
09:53:19;702;1022;702;;13236
09:53:20;702;1023;702;;7680
09:53:20;702;1023;702;;13236
09:53:21;702;1022;702;;13212
09:53:21;702;1022;702;;13236
09:53:22;702;1023;702;;13208
09:53:22;702;1023;702;;13204
09:53:23;702;1023;702;;13184
09:53:23;702;1023;702;;13208
09:53:24;702;1022;702;;13232
09:53:24;702;1022;702;;13228
09:53:25;702;1023;702;;13232
09:53:25;702;1023;702;;11884
09:53:26;702;1023;702;;13284
09:53:26;702;1023;702;;13184
09:53:27;702;1023;702;;13188
09:53:27;702;1023;702;;13208
09:53:28;702;1023;702;;7704
09:53:28;702;1023;702;;13208
09:53:29;702;1023;702;;13204
09:53:29;702;1023;702;;13208
09:53:30;702;1023;702;;13232
09:53:30;702;1023;702;;13204
09:53:31;702;1023;702;;13180
09:53:31;702;1023;702;;7752
09:53:32;702;1023;702;;13256
09:53:32;702;1023;702;;7728
09:53:33;702;1023;702;;13232
09:53:33;702;1023;702;;13232
09:53:34;702;1023;702;;13212
09:53:34;702;1023;702;;13204
09:53:35;702;1023;702;;7752
09:53:35;702;1023;702;;13280
09:53:36;702;1022;702;;13256
09:53:36;702;1022;702;;7728
09:53:37;702;1023;702;;13180
09:53:37;702;1023;702;;13236
09:53:38;702;1023;702;;13232
09:53:38;702;1023;702;;13232
09:53:39;702;1022;702;;13240
09:53:40;702;1023;702;;13232
09:53:40;702;1023;702;;13208
09:53:41;702;1023;702;;13208
09:53:41;702;1023;702;;13232
09:53:42;702;1023;702;;13232
09:53:42;702;1023;702;;13232
09:53:43;702;1023;702;;13236
09:53:43;702;1023;702;;13208
09:53:44;702;1023;702;;13236
09:53:44;702;1023;702;;13232
09:53:45;702;1023;702;;13308
09:53:45;702;1023;702;;13204
09:53:46;702;1023;702;;13280
09:53:46;702;1023;702;;13208
09:53:47;702;1023;702;;13308
09:53:47;702;1023;702;;13212
09:53:48;702;1023;702;;13204
09:53:48;702;1023;702;;13204
09:53:49;702;1023;702;;11808
09:53:49;702;1023;702;;13292
09:53:50;702;1023;702;;7724
09:53:50;702;1023;702;;7804
09:53:51;702;1023;702;;13180
09:53:51;702;1023;702;;13228
09:53:52;702;1023;702;;13288
09:53:52;702;1023;702;;7780
09:53:53;702;1023;702;;13208
09:53:53;702;1023;702;;13212
09:53:54;702;1023;702;;13180
09:53:54;702;1023;702;;13180
09:53:55;702;1023;702;;13212
09:53:55;702;1023;702;;11908
09:53:56;702;1023;702;;13212
09:53:56;702;1023;702;;11860
09:53:57;702;1023;702;;11888
09:53:57;702;1023;702;;13312
09:53:58;702;1023;702;;13232
09:53:58;702;1023;702;;13236
09:53:59;702;1023;702;;7748
09:53:59;702;1023;702;;13232
09:54:00;702;1023;702;;7704
09:54:00;702;1023;702;;7752
09:54:01;702;1023;702;;7752
09:54:01;702;1023;702;;13232
09:54:02;702;1023;702;;13208
09:54:02;702;1023;702;;13208
09:54:03;702;1023;702;;13204
09:54:03;702;1023;702;;13204
09:54:04;702;1023;702;;13232
09:54:04;702;1023;702;;13204
09:54:05;702;1023;702;;13232
09:54:06;702;1023;702;;13180
09:54:06;702;1023;702;;13212
09:54:07;702;1023;702;;13204
09:54:07;702;1023;702;;13232
09:54:08;702;1023;702;;7660
09:54:08;702;1023;702;;13256
09:54:09;702;1023;702;;13208
09:54:09;702;1023;702;;13208
09:54:10;702;1023;702;;13208
09:54:10;702;1023;702;;13204
09:54:11;702;1023;702;;13208
09:54:11;702;1023;702;;13232
09:54:12;702;1023;702;;13208
09:54:12;702;1023;702;;13208
09:54:13;702;1023;702;;13208
09:54:13;702;1023;702;;13304
09:54:14;702;1023;702;;11784
09:54:14;702;1023;702;;13228
09:54:15;702;1023;702;;13308
09:54:15;702;1023;702;;13232
09:54:16;702;1023;702;;13180
09:54:16;702;1023;702;;13208
09:54:17;702;1023;702;;7752
09:54:17;702;1023;702;;13232
09:54:18;702;1023;702;;13180
09:54:18;702;1023;702;;13208
09:54:19;702;1023;702;;13232
09:54:19;702;1023;702;;13208
09:54:20;702;1023;702;;13180
09:54:20;702;1023;702;;13260
09:54:21;702;1023;702;;7728
09:54:21;702;1023;702;;13208
09:54:22;702;1023;702;;11840
09:54:22;702;1023;702;;13212
09:54:23;702;1023;702;;13204
09:54:23;702;1023;702;;13256
09:54:24;702;1023;702;;13232
09:54:24;702;1023;702;;13228
09:54:25;702;1023;702;;13208
09:54:25;702;1023;702;;13180
09:54:26;702;1023;702;;13260
09:54:26;702;1023;702;;13260
09:54:27;702;1023;702;;11836
09:54:27;702;1023;702;;13180
09:54:28;702;1023;702;;13260
09:54:28;702;1023;702;;13228
09:54:29;702;1023;702;;13256
09:54:29;702;1023;702;;13232
09:54:30;702;1023;702;;7728
09:54:30;702;1023;702;;13228
09:54:31;702;1023;702;;13256
09:54:31;702;1023;702;;13308
09:54:32;702;1023;702;;13180
09:54:33;702;1023;702;;13236
09:54:33;702;1023;702;;13180
09:54:34;702;1023;702;;13236
09:54:34;702;1023;702;;13256
09:54:35;702;1023;702;;13180
09:54:35;702;1023;702;;13232
09:54:36;702;1023;702;;13236
09:54:36;702;1023;702;;11884
09:54:37;702;1023;702;;13204
09:54:37;702;1023;702;;13264
09:54:38;702;1023;702;;13208
09:54:38;702;1023;702;;13208
09:54:39;702;1023;702;;13228
09:54:39;702;1023;702;;13208
09:54:40;702;1023;702;;13204
09:54:40;702;1023;702;;13204
09:54:41;702;1023;702;;13208
09:54:41;702;1023;702;;13216
09:54:42;702;1023;702;;13208
09:54:42;702;1023;702;;13236
09:54:43;702;1023;702;;13232
09:54:43;702;1023;702;;13236
09:54:44;702;1023;702;;13284
09:54:44;702;1023;702;;13236
09:54:45;702;1023;702;;13236
09:54:45;702;1023;702;;13260
09:54:46;702;1023;702;;11812
09:54:46;702;1023;702;;13236
09:54:47;702;1023;702;;13284
09:54:47;702;1023;702;;13180
09:54:48;702;1023;702;;13256
09:54:48;702;1023;702;;13208
09:54:49;702;1023;702;;13232
09:54:49;702;1023;702;;7712
09:54:50;702;1023;702;;13204
09:54:50;702;1023;702;;13232
09:54:51;702;1023;702;;13208
09:54:51;702;1023;702;;13208
09:54:52;702;1023;702;;13212
09:54:52;702;1023;702;;13212
09:54:53;702;1023;702;;7752
09:54:53;702;1023;702;;13280
09:54:54;702;1023;702;;13180
09:54:54;702;1023;702;;7680
09:54:55;702;1023;702;;13180
09:54:55;702;1023;702;;13208
09:54:56;702;1023;702;;13204
09:54:56;702;1023;702;;13208
09:54:57;702;1023;702;;13236
09:54:57;702;1023;702;;13308
09:54:58;702;1023;702;;13208
09:54:59;702;1023;702;;13260
09:54:59;702;1023;702;;13208
09:55:00;702;1023;702;;13260
09:55:00;702;1023;702;;11812
09:55:01;702;1023;702;;7728
09:55:01;702;1023;702;;13208
09:55:02;702;1023;702;;7724
09:55:02;702;1023;702;;13180
09:55:03;702;1023;702;;13204
09:55:03;702;1023;702;;13208
09:55:04;702;1023;702;;11868
09:55:04;702;1023;702;;7752
09:55:05;702;1023;702;;13304
09:55:05;702;1023;702;;13284
09:55:06;702;1023;702;;7700
09:55:06;702;1023;702;;13208
09:55:07;702;1023;702;;13208
09:55:07;702;1023;702;;7732
09:55:08;702;1023;702;;13208
09:55:08;702;1023;702;;13180
09:55:09;702;1023;702;;13308
09:55:09;702;1023;702;;13212
09:55:10;702;1023;702;;13204
09:55:10;702;1023;702;;13240
09:55:11;702;1023;702;;13208
09:55:11;702;1023;702;;13204
09:55:12;702;1023;702;;13204
09:55:12;702;1023;702;;11908
09:55:13;702;1023;702;;13260
09:55:13;702;1023;702;;13208
09:55:14;702;1023;702;;13208
09:55:14;702;1023;702;;13236
09:55:15;702;1023;702;;11860
09:55:15;702;1023;702;;13204
09:55:16;702;1023;702;;13204
09:55:16;702;1023;702;;13256
09:55:17;702;1023;702;;13204
09:55:17;702;1023;702;;13256
09:55:18;702;1023;702;;13240
09:55:18;702;1023;702;;13280
09:55:19;702;1023;702;;13232
09:55:19;702;1023;702;;13284
09:55:20;702;1023;702;;13232
09:55:20;702;1023;702;;13204
09:55:21;702;1023;702;;13212
09:55:21;702;1023;702;;13204
09:55:22;702;1023;702;;13232
09:55:22;702;1023;702;;13236
09:55:23;702;1023;702;;13308
09:55:23;702;1023;702;;13204
09:55:24;702;1023;702;;13232
09:55:25;702;1023;702;;13284
09:55:25;702;1023;702;;13212
09:55:26;702;1023;702;;13212
09:55:26;702;1023;702;;13204
09:55:27;702;1023;702;;13236
09:55:27;702;1023;702;;13212
09:55:28;702;1023;702;;13208
09:55:28;702;1023;702;;13212
09:55:29;702;1023;702;;13232
09:55:29;702;1023;702;;13284
09:55:30;702;1023;702;;13260
09:55:30;702;1023;702;;7752
09:55:31;702;1023;702;;7704
09:55:31;702;1023;702;;13180
09:55:32;702;1023;702;;13208
09:55:32;702;1023;702;;13204
09:55:33;702;1023;702;;13232
09:55:33;702;1023;702;;13208
09:55:34;702;1023;702;;13208
09:55:34;702;1023;702;;13204
09:55:35;702;1023;702;;13232
09:55:35;702;1023;702;;13240
09:55:36;702;1023;702;;13228
09:55:36;702;1023;702;;13232
09:55:37;702;1023;702;;13208
09:55:37;702;1023;702;;13232
09:55:38;702;1023;702;;13212
09:55:38;702;1023;702;;13228
09:55:39;702;1023;702;;13208
09:55:39;702;1023;702;;13180
09:55:40;702;1023;702;;13204
09:55:40;702;1023;702;;13208
09:55:41;702;1023;702;;13208
09:55:41;702;1023;702;;7724
09:55:42;702;1023;702;;13232
09:55:42;702;1023;702;;13228
09:55:43;702;1023;702;;7704
09:55:43;702;1023;702;;13180
09:55:44;702;1023;702;;13204
09:55:44;702;1023;702;;13228
09:55:45;702;1023;702;;13208
09:55:45;702;1023;702;;13204
09:55:46;702;1023;702;;13208
09:55:46;702;1023;702;;13256
09:55:47;702;1023;702;;13212
09:55:47;702;1023;702;;13180
09:55:48;702;1023;702;;13208
09:55:48;702;1023;702;;7780
09:55:49;702;1023;702;;13180
09:55:49;702;1023;702;;13232
09:55:50;702;1023;702;;7776
09:55:50;702;1023;702;;13204
09:55:51;702;1023;702;;13208
09:55:52;702;1023;702;;13204
09:55:52;702;1023;702;;13232
09:55:53;702;1023;702;;13232
09:55:53;702;1023;702;;13212
09:55:54;702;1023;702;;13208
09:55:54;702;1023;702;;13232
09:55:55;702;1023;702;;13232
09:55:55;702;1023;702;;13304
09:55:56;702;1023;702;;13204
09:55:56;702;1023;702;;13212
09:55:57;702;1023;702;;13204
09:55:57;702;1023;702;;7728
09:55:58;702;1023;702;;13204
09:55:58;702;1023;702;;13232
09:55:59;702;1023;702;;13184
09:55:59;702;1023;702;;13260
09:56:00;702;1023;702;;13204
09:56:00;702;1023;702;;13204
09:56:01;702;1023;702;;13184
09:56:01;702;1023;702;;13180
09:56:02;702;1023;702;;13204
09:56:02;702;1023;702;;13180
09:56:03;702;1023;702;;13176
09:56:03;702;1023;702;;13208
09:56:04;702;1023;702;;13204
09:56:04;702;1023;702;;13180
09:56:05;702;1023;702;;13204
09:56:05;702;1023;702;;13204
09:56:06;702;1023;702;;13204
09:56:06;702;1023;702;;13228
09:56:07;702;1023;702;;13240
09:56:07;702;1023;702;;13208
09:56:08;702;1023;702;;13180
09:56:08;702;1023;702;;13208
09:56:09;702;1023;702;;13204
09:56:09;702;1023;702;;13212
09:56:10;702;1023;702;;7752
09:56:10;702;1023;702;;13180
09:56:11;702;1023;702;;13208
09:56:11;702;1023;702;;13208
09:56:12;702;1023;702;;7752
09:56:12;702;1023;702;;13240
09:56:13;702;1023;702;;13308
09:56:13;702;1023;702;;13260
09:56:14;702;1023;702;;13256
09:56:14;702;1023;702;;13208
09:56:15;702;1023;702;;13232
09:56:15;702;1023;702;;13232
09:56:16;702;1023;702;;13204
09:56:16;702;1023;702;;13208
09:56:17;702;1023;702;;13240
09:56:18;702;1023;702;;13208
09:56:18;702;1023;702;;13180
09:56:19;702;1023;702;;7652
09:56:19;702;1023;702;;13184
09:56:20;702;1023;702;;13240
09:56:20;702;1023;702;;13184
09:56:21;702;1023;702;;13252
09:56:21;702;1023;702;;13204
09:56:22;702;1023;702;;13208
09:56:22;702;1023;702;;13240
09:56:23;702;1023;702;;13180
09:56:23;702;1023;702;;13212
09:56:24;702;1023;702;;13180
09:56:24;702;1023;702;;13280
09:56:25;702;1023;702;;11860
09:56:25;702;1023;702;;13232
09:56:26;702;1023;702;;13204
09:56:26;702;1023;702;;13208
09:56:27;702;1023;702;;7704
09:56:27;702;1023;702;;11908
09:56:28;702;1023;702;;13208
09:56:28;702;1023;702;;13284
09:56:29;702;1023;702;;13208
09:56:29;702;1023;702;;13208
09:56:30;702;1023;702;;13180
09:56:30;702;1023;702;;13184
09:56:31;702;1023;702;;13308
09:56:31;702;1023;702;;13260
09:56:32;702;1023;702;;7780
09:56:32;702;1023;702;;13236
09:56:33;702;1023;702;;13180
09:56:33;702;1023;702;;13208
09:56:34;702;1023;702;;13256
09:56:34;702;1023;702;;13180
09:56:35;702;1023;702;;13204
09:56:35;702;1023;702;;13280
09:56:36;702;1023;702;;13280
09:56:36;702;1023;702;;13236
09:56:37;702;1023;702;;13208
09:56:37;702;1023;702;;13204
09:56:38;702;1023;702;;11836
09:56:38;702;1023;702;;13284
09:56:39;702;1023;702;;13204
09:56:39;702;1023;702;;13208
09:56:40;702;1023;702;;13260
09:56:40;702;1023;702;;13360
09:56:41;702;1023;702;;13204
09:56:41;702;1023;702;;13236
09:56:42;702;1023;702;;13204
09:56:42;702;1023;702;;13256
09:56:43;702;1023;702;;13208
09:56:44;702;1023;702;;13232
09:56:44;702;1023;702;;13204
09:56:45;702;1023;703;;13268
09:56:45;702;1023;703;;13280
09:56:46;702;1023;702;;13204
09:56:46;702;1023;702;;13260
09:56:47;702;1023;702;;13232
09:56:47;702;1023;702;;13308
09:56:48;702;1023;702;;13208
09:56:48;702;1023;702;;13208
09:56:49;702;1023;702;;13180
09:56:49;702;1023;702;;13260
09:56:50;702;1023;702;;13208
09:56:50;702;1023;702;;13232
09:56:51;702;1023;702;;13280
09:56:51;702;1023;702;;13284
09:56:52;702;1023;702;;13256
09:56:52;702;1023;702;;13180
09:56:53;702;1023;702;;13232
09:56:53;702;1023;702;;7876
09:56:54;702;1023;702;;13244
09:56:54;702;1023;702;;13232
09:56:55;702;1023;702;;13184
09:56:55;702;1023;702;;13208
09:56:56;702;1023;703;;13204
09:56:56;702;1023;703;;7728
09:56:57;702;1023;702;;13208
09:56:57;702;1023;702;;13232
09:56:58;702;1023;703;;13208
09:56:58;702;1023;703;;13232
09:56:59;702;1023;702;;13232
09:56:59;702;1023;702;;13180
09:57:00;702;1023;703;;13208
09:57:00;702;1023;703;;13280
09:57:01;702;1023;702;;13204
09:57:01;702;1023;702;;13308
09:57:02;702;1023;703;;13204
09:57:02;702;1023;703;;7808
09:57:03;702;1023;703;;11884
09:57:03;702;1023;703;;13232
09:57:04;702;1023;703;;13180
09:57:04;702;1023;703;;13204
09:57:05;702;1023;703;;13180
09:57:05;702;1023;703;;13240
09:57:06;702;1023;703;;13204
09:57:06;702;1023;703;;13208
09:57:07;702;1023;702;;13212
09:57:07;702;1023;702;;13180
09:57:08;703;1023;702;;13284
09:57:08;703;1023;702;;13180
09:57:09;702;1023;703;;13232
09:57:10;702;1023;703;;7680
09:57:10;702;1023;703;;13204
09:57:11;702;1023;703;;13260
09:57:11;702;1023;703;;13180
09:57:12;702;1023;702;;13232
09:57:12;702;1023;702;;13208
09:57:13;702;1023;702;;13232
09:57:13;702;1023;702;;13208
09:57:14;702;1023;703;;13232
09:57:14;702;1023;703;;13204
09:57:15;702;1023;702;;13204
09:57:15;702;1023;702;;13208
09:57:16;702;1023;703;;13232
09:57:16;702;1023;703;;13208
09:57:17;702;1023;702;;13208
09:57:17;702;1023;702;;13260
09:57:18;702;1023;702;;13208
09:57:18;702;1023;702;;13236
09:57:19;702;1023;702;;13208
09:57:19;702;1023;702;;13260
09:57:20;702;1023;702;;13208
09:57:20;702;1023;702;;13260
09:57:21;702;1023;703;;11852
09:57:21;702;1023;703;;13256
09:57:22;702;1023;703;;13256
09:57:22;702;1023;703;;13236
09:57:23;703;1023;703;;13280
09:57:23;703;1023;703;;13232
09:57:24;703;1023;703;;13204
09:57:24;703;1023;703;;13232
09:57:25;702;1023;703;;13208
09:57:25;702;1023;703;;13180
09:57:26;703;1023;703;;13184
09:57:26;703;1023;703;;13208
09:57:27;703;1023;703;;13204
09:57:27;703;1023;703;;13180
09:57:28;703;1023;703;;13204
09:57:28;703;1023;703;;13204
09:57:29;703;1023;703;;13232
09:57:29;703;1023;703;;13232
09:57:30;703;1023;703;;13204
09:57:30;703;1023;703;;13236
09:57:31;703;1023;703;;13232
09:57:31;703;1023;703;;13204
09:57:32;703;1023;703;;13204
09:57:32;703;1023;703;;13180
09:57:33;703;1023;703;;13212
09:57:33;703;1023;703;;13236
09:57:34;703;1023;703;;13180
09:57:34;703;1023;703;;13236
09:57:35;703;1023;703;;13208
09:57:36;703;1023;703;;13204
09:57:36;703;1023;703;;13232
09:57:37;703;1023;703;;13232
09:57:37;703;1023;703;;13232
09:57:38;703;1023;703;;13204
09:57:38;703;1023;703;;13260
09:57:39;703;1023;703;;13204
09:57:39;703;1023;703;;7752
09:57:40;703;1023;703;;13236
09:57:40;703;1023;703;;13180
09:57:41;703;1023;703;;13284
09:57:41;703;1023;703;;13236
09:57:42;703;1023;703;;13236
09:57:42;703;1023;703;;13280
09:57:43;703;1023;703;;13208
09:57:43;703;1023;703;;13180
09:57:44;703;1023;703;;13204
09:57:44;703;1023;703;;13204
09:57:45;703;1023;703;;13232
09:57:45;703;1023;703;;13188
09:57:46;703;1023;703;;13204
09:57:46;703;1023;703;;13204
09:57:47;703;1023;703;;13232
09:57:47;703;1023;703;;11884
09:57:48;703;1023;703;;13204
09:57:48;703;1023;703;;13232
09:57:49;703;1023;703;;13232
09:57:49;703;1023;703;;13204
09:57:50;703;1023;703;;13204
09:57:50;703;1023;703;;13236
09:57:51;703;1023;703;;13184
09:57:51;703;1023;703;;13208
09:57:52;703;1023;703;;13308
09:57:52;703;1023;703;;7800
09:57:53;703;1023;703;;13180
09:57:53;703;1023;703;;13208
09:57:54;703;1023;703;;13240
09:57:54;703;1023;703;;13236
09:57:55;703;1023;703;;13240
09:57:55;703;1023;703;;13184
09:57:56;703;1023;703;;13228
09:57:56;703;1023;703;;13232
09:57:57;703;1023;703;;13204
09:57:57;703;1023;703;;13208
09:57:58;703;1023;703;;13228
09:57:58;703;1023;703;;13204
09:57:59;703;1023;703;;13180
09:57:59;703;1023;703;;13284
09:58:00;703;1023;703;;13204
09:58:00;703;1023;703;;11808
09:58:01;703;1023;703;;13228
09:58:02;703;1023;703;;13180
09:58:02;703;1023;703;;13232
09:58:03;703;1023;703;;13208
09:58:03;703;1023;703;;13208
09:58:04;703;1023;703;;13180
09:58:04;703;1023;703;;13204
09:58:05;703;1023;703;;13204
09:58:05;703;1023;703;;13208
09:58:06;703;1023;703;;13200
09:58:06;703;1023;703;;13180
09:58:07;703;1023;703;;13232
09:58:07;703;1023;703;;7656
09:58:08;703;1023;703;;11808
09:58:08;703;1023;703;;11880
09:58:09;703;1023;703;;13232
09:58:09;703;1023;703;;13208
09:58:10;703;1023;703;;13180
09:58:10;703;1023;703;;13236
09:58:11;703;1023;703;;13208
09:58:11;703;1023;703;;13236
09:58:12;703;1023;703;;13208
09:58:12;703;1023;703;;13264
09:58:13;703;1023;703;;13232
09:58:13;703;1023;703;;13228
09:58:14;703;1023;703;;13208
09:58:14;703;1023;703;;13212
09:58:15;703;1023;703;;13204
09:58:15;703;1023;703;;13256
09:58:16;703;1023;703;;11884
09:58:16;703;1023;703;;13232
09:58:17;703;1023;703;;13236
09:58:17;703;1023;703;;13252
09:58:18;703;1023;703;;13204
09:58:18;703;1023;703;;13204
09:58:19;703;1023;703;;13204
09:58:19;703;1023;703;;13232
09:58:20;703;1023;703;;13260
09:58:20;703;1023;703;;13204
09:58:21;703;1023;703;;13204
09:58:21;703;1023;703;;13184
09:58:22;703;1023;703;;7696
09:58:22;703;1023;703;;13236
09:58:23;703;1023;703;;13308
09:58:23;703;1023;703;;13204
09:58:24;703;1023;703;;13228
09:58:24;703;1023;703;;13236
09:58:25;703;1023;703;;13232
09:58:25;703;1023;703;;13208
09:58:26;703;1023;703;;13208
09:58:26;703;1023;703;;13212
09:58:27;703;1023;703;;13180
09:58:28;703;1023;703;;13208
09:58:28;703;1023;703;;13180
09:58:29;703;1023;703;;13184
09:58:29;703;1023;703;;13204
09:58:30;703;1023;703;;7728
09:58:30;703;1023;703;;13208
09:58:31;703;1023;703;;13240
09:58:31;703;1023;703;;13180
09:58:32;703;1023;703;;13204
09:58:32;703;1023;703;;13204
09:58:33;703;1023;703;;7676
09:58:33;703;1023;703;;7776
09:58:34;703;1023;703;;13208
09:58:34;703;1023;703;;13204
09:58:35;703;1023;703;;13208
09:58:35;703;1023;703;;7724
09:58:36;703;1023;703;;13232
09:58:36;703;1023;703;;13260
09:58:37;703;1023;703;;11860
09:58:37;703;1023;703;;13204
09:58:38;703;1023;703;;13208
09:58:38;703;1023;703;;13236
09:58:39;703;1023;703;;13232
09:58:39;703;1023;703;;13336
09:58:40;703;1023;703;;13184
09:58:40;703;1023;703;;13208
09:58:41;703;1023;703;;13180
09:58:41;703;1023;703;;13180
09:58:42;703;1023;703;;13256
09:58:42;703;1023;703;;13236
09:58:43;703;1023;703;;13232
09:58:43;703;1023;703;;13228
09:58:44;703;1023;703;;13236
09:58:44;703;1023;703;;13184
09:58:45;703;1023;703;;13204
09:58:45;703;1023;703;;13236
09:58:46;703;1023;703;;13232
09:58:46;703;1023;703;;13236
09:58:47;703;1023;703;;13280
09:58:47;703;1023;703;;13232
09:58:48;703;1023;703;;13256
09:58:48;703;1023;703;;13204
09:58:49;703;1023;703;;13204
09:58:49;703;1023;703;;13180
09:58:50;703;1023;703;;13204
09:58:50;703;1023;703;;13256
09:58:51;703;1023;703;;13260
09:58:51;703;1023;703;;13284
09:58:52;703;1023;703;;13208
09:58:52;703;1023;703;;13308
09:58:53;703;1023;703;;13308
09:58:54;703;1023;703;;13180
09:58:54;703;1023;703;;13236
09:58:55;703;1023;703;;13240
09:58:55;703;1023;703;;11888
09:58:56;703;1023;703;;13208
09:58:56;703;1023;703;;13256
09:58:57;703;1023;703;;13208
09:58:57;703;1023;703;;13232
09:58:58;703;1023;703;;13212
09:58:58;703;1023;703;;13236
09:58:59;703;1023;703;;13232
09:58:59;703;1023;703;;13232
09:59:00;703;1023;703;;11864
09:59:00;703;1023;703;;13232
09:59:01;703;1023;703;;13284
09:59:01;703;1023;703;;13240
09:59:02;703;1023;703;;13204
09:59:02;703;1023;703;;13208
09:59:03;703;1023;703;;13208
09:59:03;703;1023;703;;13208
09:59:04;703;1023;703;;13280
09:59:04;703;1023;703;;13208
09:59:05;703;1023;703;;13236
09:59:05;703;1023;703;;13208
09:59:06;703;1023;703;;13204
09:59:06;703;1023;703;;13284
09:59:07;703;1023;703;;13200
09:59:07;703;1023;703;;13212
09:59:08;703;1023;703;;13232
09:59:08;703;1023;703;;13244
09:59:09;703;1023;703;;13256
09:59:09;703;1023;703;;13204
09:59:10;703;1023;703;;13308
09:59:10;703;1023;703;;11876
09:59:11;703;1023;703;;13204
09:59:11;703;1023;703;;13208
09:59:12;703;1023;703;;13208
09:59:12;703;1023;703;;11884
09:59:13;703;1023;703;;13232
09:59:13;703;1023;703;;7780
09:59:14;703;1023;703;;13204
09:59:14;703;1023;703;;13204
09:59:15;703;1023;703;;13208
09:59:15;703;1023;703;;13176
09:59:16;703;1023;703;;13228
09:59:16;703;1023;703;;13176
09:59:17;703;1023;703;;13204
09:59:17;703;1023;703;;13204
09:59:18;703;1023;703;;13204
09:59:18;703;1023;703;;13232
09:59:19;703;1023;703;;7752
09:59:20;703;1023;703;;13232
09:59:20;703;1023;703;;13204
09:59:21;703;1023;703;;13204
09:59:21;703;1023;703;;13208
09:59:22;703;1023;703;;13236
09:59:22;703;1023;703;;13232
09:59:23;703;1023;703;;13256
09:59:23;703;1023;703;;13232
09:59:24;703;1023;703;;11884
09:59:24;703;1023;703;;13208
09:59:25;703;1023;703;;13232
09:59:25;703;1023;703;;13204
09:59:26;703;1023;703;;13180
09:59:26;703;1023;703;;13204
09:59:27;703;1023;703;;13236
09:59:27;703;1023;703;;11884
09:59:28;703;1023;703;;13176
09:59:28;703;1023;703;;13232
09:59:29;703;1023;703;;13204
09:59:29;703;1023;703;;13204
09:59:30;703;1023;703;;13208
09:59:30;703;1023;703;;13208
09:59:31;703;1023;703;;13308
09:59:31;703;1023;703;;13256
09:59:32;703;1023;703;;13204
09:59:32;703;1023;703;;13200
09:59:33;703;1023;703;;13232
09:59:33;703;1023;703;;13208
09:59:34;703;1023;703;;13284
09:59:34;703;1023;703;;7756
09:59:35;703;1023;703;;13232
09:59:35;703;1023;703;;13228
09:59:36;703;1023;703;;13180
09:59:36;703;1023;703;;13316
09:59:37;703;1023;703;;13336
09:59:37;703;1023;703;;13204
09:59:38;703;1023;703;;13284
09:59:38;703;1023;703;;13180
09:59:39;703;1023;703;;13256
09:59:39;703;1023;703;;13204
09:59:40;703;1023;703;;13212
09:59:40;703;1023;703;;13180
09:59:41;703;1023;703;;13180
09:59:41;703;1023;703;;13156
09:59:42;703;1023;703;;13204
09:59:42;703;1023;703;;13228
09:59:43;703;1023;703;;13184
09:59:43;703;1023;703;;7660
09:59:44;703;1023;703;;13232
09:59:44;703;1023;703;;7688
09:59:45;703;1023;703;;13208
09:59:46;703;1023;703;;13212
09:59:46;703;1023;703;;13208
09:59:47;703;1023;703;;13204
09:59:47;703;1023;703;;13308
09:59:48;703;1023;703;;13180
09:59:48;703;1023;703;;13208
09:59:49;703;1023;703;;13180
09:59:49;703;1023;703;;13204
09:59:50;703;1023;703;;13256
09:59:50;703;1023;703;;13240
09:59:51;703;1023;703;;13180
09:59:51;703;1023;703;;13200
09:59:52;703;1023;703;;13240
09:59:52;703;1023;703;;7648
09:59:53;703;1023;703;;13204
09:59:53;703;1023;703;;13232
09:59:54;703;1023;703;;13256
09:59:54;703;1023;703;;13280
09:59:55;703;1023;703;;13204
09:59:55;703;1023;703;;13204
09:59:56;703;1023;703;;13208
09:59:56;703;1023;703;;13212
09:59:57;703;1023;703;;13304
09:59:57;703;1023;703;;13208
09:59:58;703;1023;703;;13208
09:59:58;703;1023;703;;13284
09:59:59;703;1023;703;;13208
09:59:59;703;1023;703;;13204
