12:31:57;617;690;602;
12:31:57;618;742;618;
12:31:58;616;737;616;
12:31:59;616;737;616;
12:32:00;616;736;616;
12:32:01;616;736;616;
12:32:02;616;735;616;
12:32:03;616;735;616;
12:32:04;615;734;616;
12:32:05;615;733;615;
12:32:06;615;732;615;
12:32:07;615;732;615;
12:32:08;614;731;614;
12:32:09;614;730;614;
12:32:10;614;729;614;
12:32:11;613;728;614;
12:32:27;603;696;601;;7684
12:32:28;603;701;603;;11524
12:32:28;603;701;603;;3832
12:32:29;603;700;603;;1148
12:32:29;603;700;603;;18748
12:32:30;602;700;602;;4016
12:32:30;602;700;602;;17256
12:32:32;602;699;602;;136
12:32:33;602;699;602;;9468
12:32:33;602;699;602;;1392
12:32:34;602;698;602;;3040
12:32:34;602;698;602;;20668
12:32:35;601;698;602;;2912
12:32:35;601;698;602;;524
12:32:36;601;698;602;;19596
12:32:36;601;698;602;;5216
12:32:37;601;698;601;;19348
12:32:37;601;698;601;;3772
12:32:38;601;697;601;;1352
12:32:38;601;697;601;;14792
12:32:39;601;697;601;;6304
12:32:40;601;697;601;;3828
12:32:40;601;697;601;;17676
12:32:41;601;696;601;;4440
12:32:41;601;696;601;;920
12:32:42;601;697;601;;1700
12:32:42;601;697;601;;14152
12:32:43;600;696;600;;3144
12:32:43;600;696;600;;836
12:32:44;598;690;598;;52
12:32:44;598;690;598;;17924
12:32:45;597;688;597;;5324
12:32:45;597;688;597;;19768
12:32:46;597;687;597;;5460
12:32:46;597;687;597;;20032
12:32:47;596;686;596;;3984
12:32:47;596;686;596;;1848
12:32:48;633;814;639;;19412
12:32:48;633;814;639;;3676
12:32:49;712;1020;713;;1352
12:32:49;712;1020;713;;3868
12:32:50;698;983;698;;16040
12:32:50;698;983;698;;960
12:32:51;672;890;667;;1548
12:32:51;672;890;667;;1504
12:32:52;633;797;632;;240
12:32:52;633;797;632;;2024
12:32:53;622;761;623;;680
12:32:53;622;761;623;;14712
12:32:54;619;750;620;;6604
12:32:54;619;750;620;;268
12:32:55;617;741;617;;14556
12:32:55;617;741;617;;1540
12:32:56;613;726;612;;692
12:32:56;613;726;612;;4812
12:32:57;609;717;609;;960
12:32:57;609;717;609;;432
12:32:58;607;714;608;;14080
12:32:58;607;714;608;;8296
12:32:59;606;712;607;;1796
12:32:59;606;712;607;;10228
12:33:00;606;711;606;;10044
12:33:00;606;711;606;;3828
12:33:01;606;709;606;;19228
12:33:01;606;709;606;;3108
12:33:02;605;706;604;;3420
12:33:02;605;706;604;;2124
12:33:03;604;705;604;;16336
12:33:03;604;705;604;;5384
12:33:04;604;704;604;;10920
12:33:04;604;704;604;;8036
12:33:05;603;704;603;;624
12:33:05;603;704;603;;6184
12:33:06;603;704;603;;9144
12:33:06;603;704;603;;1616
12:33:07;603;703;603;;516
12:33:07;603;703;603;;3240
12:33:08;603;702;603;;15728
12:33:08;603;702;603;;7404
12:33:09;603;702;603;;5300
12:33:09;603;702;603;;3556
12:33:10;602;701;602;;11420
12:33:10;602;701;602;;708
12:33:13;602;701;602;;592
12:33:13;602;701;602;;11940
12:33:14;602;700;602;;9668
12:33:14;602;700;602;;11128
12:33:15;602;699;602;;8492
12:33:15;602;699;602;;1488
12:33:16;601;699;601;;12584
12:33:16;601;699;601;;3868
12:33:17;601;698;601;;2944
12:33:17;601;698;601;;5284
12:33:18;601;698;601;;1776
12:33:18;601;698;601;;11192
12:33:19;601;697;601;;4396
12:33:19;601;697;601;;3268
12:33:20;601;697;601;;3736
12:33:20;601;697;601;;2536
12:33:21;601;697;601;;6964
12:33:21;601;697;601;;9476
12:33:22;601;697;601;;1804
12:33:22;601;697;601;;424
12:33:23;600;697;600;;4080
12:33:23;600;697;600;;7844
12:33:24;600;696;600;;5876
12:33:24;600;696;600;;1772
12:33:25;600;696;600;;3584
12:33:25;600;696;600;;6916
12:33:26;600;696;600;;6628
12:33:26;600;696;600;;2488
12:33:27;600;696;600;;9064
12:33:27;600;696;600;;8872
12:33:28;600;695;600;;6308
12:33:28;600;695;600;;8344
12:33:29;600;695;600;;5800
12:33:29;600;695;600;;4228
12:33:30;600;695;600;;14588
12:33:30;600;695;600;;8436
12:33:31;600;695;600;;2512
12:33:31;600;695;600;;6640
12:33:32;600;695;600;;9444
12:33:32;600;695;600;;5136
12:33:33;600;695;600;;1592
12:33:33;600;695;600;;11336
12:33:34;599;694;599;;14464
12:33:34;599;694;599;;3484
12:33:35;599;694;599;;7336
12:33:35;599;694;599;;4272
12:33:36;599;694;599;;3112
12:33:36;599;694;599;;4452
12:33:37;599;694;599;;13276
12:33:37;599;694;599;;3924
12:33:38;599;694;599;;1252
12:33:38;599;694;599;;416
12:33:39;599;693;599;;68
12:33:39;599;693;599;;4776
12:33:40;598;692;599;;2472
12:33:40;598;692;599;;3108
12:33:41;599;693;599;;1240
12:33:41;599;693;599;;18916
12:33:42;599;694;599;;22948
12:33:43;600;695;600;;11816
12:33:43;600;695;600;;17784
12:33:44;600;696;600;;2944
12:33:44;600;696;600;;5728
12:33:45;600;696;600;;1336
12:33:45;600;696;600;;7572
12:33:46;600;696;600;;8308
12:33:46;600;696;600;;144
12:33:47;600;696;600;;19160
12:33:47;600;696;600;;320
12:33:48;600;697;600;;1004
12:33:48;600;697;600;;360
12:33:49;600;697;601;;18916
12:33:49;600;697;601;;2568
12:33:50;601;698;601;;19404
12:33:50;601;698;601;;4496
12:33:51;601;698;601;;19720
12:33:51;601;698;601;;3288
12:33:52;601;699;601;;19828
12:33:52;601;699;601;;4828
12:33:53;601;699;601;;15956
12:33:53;601;699;601;;7204
12:33:54;601;699;601;;20084
12:33:54;601;699;601;;1156
12:33:55;601;700;601;;19924
12:33:55;601;700;601;;3336
12:33:56;601;699;601;;312
12:33:56;601;699;601;;16480
12:33:57;601;700;601;;6700
12:33:57;601;700;601;;544
12:33:58;602;700;602;;19488
12:33:58;602;700;602;;3196
12:33:59;602;701;602;;272
12:33:59;602;701;602;;19400
12:34:00;602;701;602;;3212
12:34:00;602;701;602;;668
12:34:01;602;701;602;;19692
12:34:01;602;701;602;;3812
12:34:02;602;701;602;;1328
12:34:02;602;701;602;;19048
12:34:03;602;701;602;;4936
12:34:03;602;701;602;;1028
12:34:04;602;702;602;;372
12:34:04;602;702;602;;18268
12:34:05;602;702;602;;5796
12:34:05;602;702;602;;116
12:34:06;602;702;602;;17056
12:34:06;602;702;602;;6492
12:34:07;602;702;602;;15080
12:34:07;602;702;602;;9584
12:34:09;602;703;602;;484044
12:34:10;603;703;603;;3004
12:34:10;603;703;603;;145552
12:34:11;603;703;603;;10892
12:34:11;603;703;603;;2400
12:34:12;603;704;603;;21264
12:34:12;603;704;603;;4268
12:34:13;603;704;603;;84
12:34:13;603;704;603;;20068
12:34:14;603;704;603;;5644
12:34:14;603;704;603;;19740
12:34:15;603;705;603;;4084
12:34:15;603;705;603;;19616
12:34:16;603;705;603;;3504
12:34:16;603;705;603;;19608
12:34:17;603;705;603;;8024
12:34:17;603;705;603;;752
12:34:18;603;705;603;;20104
12:34:18;603;705;603;;4632
12:34:19;603;705;603;;1900
12:34:19;603;705;603;;18076
12:34:20;603;706;603;;3288
12:34:20;603;706;603;;964
12:34:21;604;706;604;;2268
12:34:21;604;706;604;;8364
12:34:22;604;706;604;;6980
12:34:22;604;706;604;;8416
12:34:23;604;707;604;;8336
12:34:23;604;707;604;;7208
12:34:24;604;707;604;;6636
12:34:24;604;707;604;;7032
12:34:25;604;707;604;;8444
12:34:25;604;707;604;;8392
12:34:26;604;707;604;;8420
12:34:27;604;707;604;;8496
12:34:27;604;707;604;;8476
12:34:28;604;708;604;;8476
12:34:28;604;708;604;;8396
12:34:29;604;708;604;;8344
12:34:29;604;708;604;;8420
12:34:30;604;709;605;;8372
12:34:30;604;709;605;;8400
12:34:31;605;709;605;;8500
12:34:31;605;709;605;;8396
12:34:32;605;709;605;;8368
12:34:32;605;709;605;;8472
12:34:33;605;709;605;;8348
12:34:33;605;709;605;;8372
12:34:34;605;709;605;;8396
12:34:34;605;709;605;;8344
12:34:35;605;709;605;;8348
12:34:35;605;709;605;;8292
12:34:36;605;709;605;;8424
12:34:36;605;709;605;;8164
12:34:37;605;710;605;;8424
12:34:37;605;710;605;;8192
12:34:38;605;710;605;;8452
12:34:38;605;710;605;;8088
12:34:39;605;710;605;;8136
12:34:39;605;710;605;;8168
12:34:40;605;710;605;;8500
12:34:40;605;710;605;;8368
12:34:41;605;710;605;;8344
12:34:41;605;710;605;;8500
12:34:46;605;711;605;;8484
12:34:46;605;711;605;;8472
12:34:47;605;711;605;;4584
12:34:47;605;711;605;;2976
12:34:48;605;712;606;;1048
12:34:48;605;712;606;;8400
12:34:49;605;711;605;;4328
12:34:49;605;711;605;;3036
12:34:50;605;712;605;;2908
12:34:50;605;712;605;;7184
12:34:51;605;712;605;;2072
12:34:51;605;712;605;;6472
12:34:52;605;712;606;;2080
12:34:52;605;712;606;;2740
12:34:53;606;712;606;;2700
12:34:53;606;712;606;;2828
12:34:54;606;712;606;;2624
12:34:54;606;712;606;;3064
12:34:55;606;712;606;;1160
12:34:55;606;712;606;;1044
12:34:56;606;712;606;;1340
12:34:56;606;712;606;;1396
12:34:57;606;713;606;;8192
12:34:57;606;713;606;;1268
12:34:58;606;713;606;;6896
12:34:58;606;713;606;;6840
12:34:59;606;713;606;;1236
12:34:59;606;713;606;;1276
12:35:00;606;713;606;;1252
12:35:00;606;713;606;;1260
12:35:01;606;713;606;;1280
12:35:01;606;713;606;;1304
12:35:02;606;714;606;;6796
12:35:02;606;714;606;;8420
12:35:03;606;713;606;;8448
12:35:03;606;713;606;;8344
12:35:04;606;713;606;;6072
12:35:04;606;713;606;;6320
12:35:05;606;713;606;;6624
12:35:05;606;713;606;;3436
12:35:06;606;714;606;;3464
12:35:06;606;714;606;;3456
12:35:07;606;713;606;;6952
12:35:07;606;713;606;;7084
12:35:08;606;714;606;;8340
12:35:08;606;714;606;;8396
12:35:09;606;714;606;;9120
12:35:09;606;714;606;;7080
12:35:10;606;715;606;;6952
12:35:10;606;715;606;;1988
12:35:11;606;715;606;;1412
12:35:11;606;715;606;;1128
12:35:12;607;715;607;;1076
12:35:12;607;715;607;;1084
12:35:13;607;715;607;;1052
12:35:13;607;715;607;;1060
12:35:14;607;716;607;;1060
12:35:14;607;716;607;;1060
12:35:15;607;716;607;;1120
12:35:15;607;716;607;;1076
12:35:16;607;716;607;;1108
12:35:16;607;716;607;;1144
12:35:17;607;716;607;;1148
12:35:17;607;716;607;;1160
12:35:18;607;716;607;;1692
12:35:18;607;716;607;;2004
12:35:19;607;717;607;;2268
12:35:19;607;717;607;;2424
12:35:20;607;717;607;;2848
12:35:20;607;717;607;;3132
12:35:21;607;716;607;;3220
12:35:21;607;716;607;;3196
12:35:22;607;717;607;;3184
12:35:22;607;717;607;;3132
12:35:23;607;718;608;;6076
12:35:23;607;718;608;;6824
12:35:24;607;717;607;;6620
12:35:24;607;717;607;;6396
12:35:25;607;717;607;;6896
12:35:25;607;717;607;;8364
12:35:26;607;718;607;;6876
12:35:26;607;718;607;;7688
12:35:27;608;718;608;;7232
12:35:27;608;718;608;;6876
12:35:28;608;718;608;;7388
12:35:28;608;718;608;;4728
12:35:29;608;718;608;;4608
12:35:29;608;718;608;;4320
12:35:30;608;719;608;;4260
12:35:30;608;719;608;;4264
12:35:31;608;719;608;;8148
12:35:31;608;719;608;;4252
12:35:32;608;720;608;;4256
12:35:32;608;720;608;;4260
12:35:33;608;719;608;;4280
12:35:33;608;719;608;;4312
12:35:34;608;720;608;;4396
12:35:34;608;720;608;;4368
12:35:35;608;720;608;;4284
12:35:35;608;720;608;;4280
12:35:36;608;721;609;;4288
12:35:36;608;721;609;;4352
12:35:37;608;720;608;;4276
12:35:38;609;721;609;;4300
12:35:38;609;721;609;;4256
12:35:39;609;721;609;;4492
12:35:39;609;721;609;;4300
12:35:40;609;721;609;;4260
12:35:40;609;721;609;;4260
12:35:41;609;721;609;;4260
12:35:41;609;721;609;;4332
12:35:42;609;722;609;;4228
12:35:42;609;722;609;;6580
12:35:43;609;722;609;;7308
12:35:43;609;722;609;;7252
12:35:44;609;722;609;;7184
12:35:44;609;722;609;;6548
12:35:45;609;722;609;;7032
12:35:45;609;722;609;;8364
12:35:46;609;723;609;;6588
12:35:46;609;723;609;;8420
12:35:47;609;723;610;;7176
12:35:47;609;723;610;;8344
12:35:48;610;724;610;;8532
12:35:48;610;724;610;;7740
12:35:49;610;723;610;;11132
12:35:49;610;723;610;;8416
12:35:50;610;724;610;;4680
12:35:50;610;724;610;;8372
12:35:51;610;724;610;;8472
12:35:51;610;724;610;;8444
12:35:52;610;724;610;;8392
12:35:52;610;724;610;;6240
12:35:53;610;724;610;;6300
12:35:53;610;724;610;;6004
12:35:54;610;724;610;;6016
12:35:54;610;724;610;;8444
12:35:55;610;725;610;;9328
12:35:55;610;725;610;;7108
12:35:56;610;725;610;;4712
12:35:56;610;725;610;;8344
12:35:57;610;725;610;;8340
12:35:57;610;725;610;;6836
12:35:58;610;726;610;;8480
12:35:58;610;726;610;;8396
12:35:59;610;726;611;;8392
12:35:59;610;726;611;;8360
12:36:00;611;726;611;;8416
12:36:00;611;726;611;;8364
12:36:01;611;726;611;;8364
12:36:01;611;726;611;;8364
12:36:02;611;727;611;;8336
12:36:02;611;727;611;;8388
12:36:03;611;727;611;;8420
12:36:03;611;727;611;;8336
12:36:04;611;727;611;;8368
12:36:04;611;727;611;;8372
12:36:05;611;727;611;;8364
12:36:05;611;727;611;;8400
12:36:06;611;728;611;;8392
12:36:06;611;728;611;;8496
12:36:07;611;728;611;;8948
12:36:07;611;728;611;;9252
12:36:08;611;728;611;;8892
12:36:08;611;728;611;;7132
12:36:09;611;728;611;;3276
12:36:09;611;728;611;;8444
12:36:10;611;729;611;;8416
12:36:10;611;729;611;;8492
12:36:11;612;730;612;;8392
12:36:11;612;730;612;;8392
12:36:12;612;730;612;;8500
12:36:12;612;730;612;;8420
12:36:13;612;729;612;;8472
12:36:13;612;729;612;;8472
12:36:14;612;730;612;;7564
12:36:14;612;730;612;;8448
12:36:15;612;731;612;;8452
12:36:15;612;731;612;;8448
12:36:16;612;731;612;;8484
12:36:16;612;731;612;;8448
12:36:17;612;731;612;;7536
12:36:17;612;731;612;;8600
12:36:18;612;731;612;;8496
12:36:18;612;731;612;;8448
12:36:19;612;732;612;;8468
12:36:19;612;732;612;;8420
12:36:20;611;728;611;;8400
12:36:21;611;727;611;;8364
12:36:21;611;727;611;;8396
12:36:22;611;727;611;;8416
12:36:22;611;727;611;;8376
12:36:23;611;728;611;;8444
12:36:23;611;728;611;;8396
12:36:24;611;728;611;;8344
12:36:24;611;728;611;;8392
12:36:25;611;728;611;;8368
12:36:25;611;728;611;;8424
12:36:26;611;729;612;;8448
12:36:26;611;729;612;;8396
12:36:27;612;730;612;;8396
12:36:27;612;730;612;;8500
12:36:28;612;730;612;;8368
12:36:28;612;730;612;;8400
12:36:29;612;730;612;;8464
12:36:29;612;730;612;;8472
12:36:30;612;731;612;;8344
12:36:30;612;731;612;;8704
12:36:31;612;731;612;;8488
12:36:31;612;731;612;;8392
12:36:32;612;731;612;;8424
12:36:32;612;731;612;;7724
12:36:33;612;731;612;;8400
12:36:33;612;731;612;;8376
12:36:34;612;732;612;;8480
12:36:34;612;732;612;;8420
12:36:35;612;732;613;;8368
12:36:35;612;732;613;;8396
12:36:36;613;732;613;;8392
12:36:36;613;732;613;;8448
12:36:37;613;732;613;;8396
12:36:37;613;732;613;;8416
12:36:38;613;733;613;;8420
12:36:38;613;733;613;;8396
12:36:39;613;733;613;;8340
12:36:39;613;733;613;;8396
12:36:40;613;733;613;;8392
12:36:40;613;733;613;;8376
12:36:41;613;734;613;;8444
12:36:41;613;734;613;;8572
12:36:42;613;734;613;;8420
12:36:42;613;734;613;;8376
12:36:43;613;735;614;;8420
12:36:43;613;735;614;;8392
12:36:44;613;735;613;;8392
12:36:44;613;735;613;;8396
12:36:45;614;735;614;;8364
12:36:45;614;735;614;;8392
12:36:46;614;736;614;;8396
12:36:46;614;736;614;;8364
12:36:47;614;737;614;;8424
12:36:47;614;737;614;;8396
12:36:48;614;737;614;;8416
12:36:48;614;737;614;;8372
12:36:49;614;737;614;;8424
12:36:49;614;737;614;;8072
12:36:50;615;738;615;;7824
12:36:50;615;738;615;;8416
12:36:51;615;739;615;;8444
12:36:51;615;739;615;;8368
12:36:52;615;738;615;;8448
12:36:52;615;738;615;;8416
12:36:53;615;739;615;;8420
12:36:53;615;739;615;;8368
12:36:54;615;739;615;;8392
12:36:54;615;739;615;;8368
12:36:55;615;740;615;;8424
12:36:55;615;740;615;;8396
12:36:56;615;740;615;;8496
12:36:56;615;740;615;;7588
12:36:57;615;740;615;;7340
12:36:57;615;740;615;;8448
12:36:58;616;741;616;;8420
12:36:58;616;741;616;;7568
12:36:59;616;741;616;;8400
12:36:59;616;741;616;;8400
12:37:00;616;741;616;;6796
12:37:01;616;742;616;;7084
12:37:01;616;742;616;;7372
12:37:02;616;743;616;;6880
12:37:02;616;743;616;;6184
12:37:03;617;743;617;;8380
12:37:03;617;743;617;;7680
12:37:04;617;744;617;;7720
12:37:04;617;744;617;;7692
12:37:05;617;744;617;;8472
12:37:05;617;744;617;;8372
12:37:06;617;745;617;;8396
12:37:06;617;745;617;;8488
12:37:07;617;746;617;;8396
12:37:07;617;746;617;;8524
12:37:08;617;745;617;;7500
12:37:08;617;745;617;;7260
12:37:09;617;745;617;;6620
12:37:09;617;745;617;;7732
12:37:10;617;746;617;;8416
12:37:10;617;746;617;;8496
12:37:11;618;747;618;;7112
12:37:11;618;747;618;;9252
12:37:12;618;747;618;;8444
12:37:12;618;747;618;;8420
12:37:13;618;747;618;;8420
12:37:13;618;747;618;;8448
12:37:14;618;748;618;;8392
12:37:14;618;748;618;;8316
12:37:15;618;747;618;;6512
12:37:15;618;747;618;;9356
12:37:16;618;747;618;;4724
12:37:16;618;747;618;;6164
12:37:17;618;747;618;;6292
12:37:17;618;747;618;;5624
12:37:18;618;748;618;;6388
12:37:18;618;748;618;;5032
12:37:19;618;749;618;;9352
12:37:19;618;749;618;;9428
12:37:20;618;748;618;;3900
12:37:20;618;748;618;;6868
12:37:21;618;748;618;;5552
12:37:21;618;748;618;;5064
12:37:22;618;749;619;;5916
12:37:22;618;749;619;;4732
12:37:23;618;749;619;;5528
12:37:23;618;749;619;;6488
12:37:24;619;750;619;;6644
12:37:24;619;750;619;;6836
12:37:25;619;750;619;;7052
12:37:25;619;750;619;;6800
12:37:26;619;751;619;;6892
12:37:26;619;751;619;;6908
12:37:27;619;751;619;;7144
12:37:27;619;751;619;;6936
12:37:28;619;752;619;;6880
12:37:28;619;752;619;;6888
12:37:29;619;752;619;;6896
12:37:29;619;752;619;;6836
12:37:30;620;752;620;;6800
12:37:30;620;752;620;;6828
12:37:31;620;753;620;;7128
12:37:31;620;753;620;;6760
12:37:32;620;754;620;;6660
12:37:32;620;754;620;;6608
12:37:33;620;753;620;;6624
12:37:33;620;753;620;;6736
12:37:34;620;752;620;;6772
12:37:34;620;752;620;;6676
12:37:35;620;752;620;;6360
12:37:35;620;752;620;;6928
12:37:36;620;753;620;;6904
12:37:36;620;753;620;;6976
12:37:37;620;753;620;;7024
12:37:37;620;753;620;;6656
12:37:38;620;753;620;;6384
12:37:38;620;753;620;;6768
12:37:39;620;752;620;;6688
12:37:39;620;752;620;;6764
12:37:40;620;752;620;;6480
12:37:40;620;752;620;;8316
12:37:41;620;753;620;;7440
12:37:41;620;753;620;;8484
12:37:42;620;753;620;;4912
12:37:42;620;753;620;;8396
12:37:43;620;753;620;;7772
12:37:43;620;753;620;;8396
12:37:44;620;753;620;;6696
12:37:45;620;753;620;;7800
12:37:45;620;753;620;;8520
12:37:46;620;753;620;;6512
12:37:46;620;753;620;;6988
12:37:47;620;753;620;;7176
12:37:47;620;753;620;;7136
12:37:48;620;753;620;;7468
12:37:48;620;753;620;;6928
12:37:49;620;753;620;;5980
12:37:49;620;753;620;;7668
12:37:50;620;754;620;;6680
12:37:50;620;754;620;;7080
12:37:51;620;753;620;;6920
12:37:51;620;753;620;;8444
12:37:52;619;751;619;;7164
12:37:52;619;751;619;;7348
12:37:53;619;750;619;;7356
12:37:53;619;750;619;;7396
12:37:54;618;749;618;;6912
12:37:54;618;749;618;;8364
12:37:55;618;749;618;;8524
12:37:55;618;749;618;;8184
12:37:56;618;749;618;;7496
12:37:56;618;749;618;;8320
12:37:57;618;749;618;;8168
12:37:57;618;749;618;;8368
12:37:58;619;749;619;;8396
12:37:58;619;749;619;;8396
12:37:59;619;750;619;;8500
12:37:59;619;750;619;;8420
12:38:00;619;751;619;;8548
12:38:00;619;751;619;;8396
12:38:01;619;751;619;;8368
12:38:01;619;751;619;;8368
12:38:02;619;751;619;;3976
12:38:02;619;751;619;;8396
12:38:03;619;751;619;;4632
12:38:03;619;751;619;;5284
12:38:04;619;751;619;;5244
12:38:04;619;751;619;;5636
12:38:05;619;751;619;;8360
12:38:05;619;751;619;;8312
12:38:06;619;752;619;;8420
12:38:06;619;752;619;;8392
12:38:07;619;752;619;;8316
12:38:07;619;752;619;;8420
12:38:08;619;752;620;;6820
12:38:08;619;752;620;;8400
12:38:09;619;752;620;;7388
12:38:09;619;752;620;;6668
12:38:10;619;751;619;;4692
12:38:10;619;751;619;;6928
12:38:11;619;750;619;;4856
12:38:11;619;750;619;;4796
12:38:12;619;751;619;;4760
12:38:12;619;751;619;;6956
12:38:13;619;751;619;;8416
12:38:13;619;751;619;;8472
12:38:14;619;751;619;;8520
12:38:14;619;751;619;;8444
12:38:15;619;750;619;;8392
12:38:15;619;750;619;;8392
12:38:16;619;750;619;;8444
12:38:16;619;750;619;;8472
12:38:17;619;749;619;;8420
12:38:17;619;749;619;;8468
12:38:18;619;751;619;;8368
12:38:18;619;751;619;;8608
12:38:19;619;751;619;;5140
12:38:19;619;751;619;;8464
12:38:20;619;751;619;;3360
12:38:20;619;751;619;;9404
12:38:21;619;751;619;;8416
12:38:21;619;751;619;;8368
12:38:22;619;751;619;;8440
12:38:22;619;751;619;;8364
12:38:23;619;750;619;;8360
12:38:23;619;750;619;;8364
12:38:24;618;749;619;;8392
12:38:24;618;749;619;;8364
12:38:25;618;749;618;;8340
12:38:25;618;749;618;;8368
12:38:26;619;749;619;;8440
12:38:27;619;750;619;;8396
12:38:27;619;750;619;;8392
12:38:28;619;750;619;;8364
12:38:28;619;750;619;;8392
12:38:29;619;750;619;;8392
12:38:29;619;750;619;;8420
12:38:30;619;749;619;;8496
12:38:30;619;749;619;;8420
12:38:31;619;749;619;;8444
12:38:31;619;749;619;;8392
12:38:32;619;750;619;;8444
12:38:32;619;750;619;;8416
12:38:33;619;751;619;;8416
12:38:33;619;751;619;;8520
12:38:34;619;751;619;;8392
12:38:34;619;751;619;;8392
12:38:35;619;752;619;;8416
12:38:35;619;752;619;;8420
12:38:36;620;752;620;;8368
12:38:36;620;752;620;;8444
12:38:37;620;753;620;;8444
12:38:37;620;753;620;;8492
12:38:38;620;753;620;;8412
12:38:38;620;753;620;;8392
12:38:39;620;753;620;;8492
12:38:39;620;753;620;;8416
12:38:40;619;752;619;;8444
12:38:40;619;752;619;;8368
12:38:41;619;750;619;;8364
12:38:41;619;750;619;;8388
12:38:42;619;750;619;;8388
12:38:42;619;750;619;;8360
12:38:43;619;750;619;;8420
12:38:43;619;750;619;;8496
12:38:44;619;750;619;;8540
12:38:44;619;750;619;;8392
12:38:45;619;751;619;;8384
12:38:45;619;751;619;;8468
12:38:46;619;752;619;;8416
12:38:46;619;752;619;;8388
12:38:47;619;753;620;;8444
12:38:47;619;753;620;;8504
12:38:48;620;753;620;;8388
12:38:48;620;753;620;;8420
12:38:49;620;753;620;;8420
12:38:49;620;753;620;;8500
12:38:50;620;754;620;;8484
12:38:50;620;754;620;;8472
12:38:51;620;755;620;;8424
12:38:51;620;755;620;;8372
12:38:52;620;755;620;;8396
12:38:52;620;755;620;;8448
12:38:53;620;755;620;;8396
12:38:53;620;755;620;;8416
12:38:54;620;754;620;;8396
12:38:54;620;754;620;;8424
12:38:55;620;754;620;;8500
12:38:55;620;754;620;;8500
12:38:56;620;754;620;;8444
12:38:56;620;754;620;;8480
12:38:57;620;754;620;;8444
12:38:57;620;754;620;;8420
12:38:58;620;754;620;;8396
12:38:58;620;754;620;;8396
12:38:59;620;755;620;;8452
12:38:59;620;755;620;;8448
12:39:00;620;756;621;;8424
12:39:00;620;756;621;;8480
12:39:01;621;756;621;;8420
12:39:01;621;756;621;;8420
12:39:02;621;755;621;;8472
12:39:02;621;755;621;;8424
12:39:03;621;755;621;;8396
12:39:03;621;755;621;;8420
12:39:04;621;756;621;;8448
12:39:04;621;756;621;;8396
12:39:05;620;755;621;;8472
12:39:05;620;755;621;;8444
12:39:06;621;755;621;;8424
12:39:07;621;756;621;;8420
12:39:07;621;756;621;;8448
12:39:08;621;757;621;;8492
12:39:08;621;757;621;;8396
12:39:09;621;758;621;;8396
12:39:09;621;758;621;;8472
12:39:10;621;758;621;;8396
12:39:10;621;758;621;;8476
12:39:11;621;757;621;;8396
12:39:11;621;757;621;;8424
12:39:12;621;758;622;;8420
12:39:12;621;758;622;;8420
12:39:13;622;759;622;;8420
12:39:13;622;759;622;;8396
12:39:14;622;760;622;;8392
12:39:14;622;760;622;;8448
12:39:15;622;760;622;;8368
12:39:15;622;760;622;;8380
12:39:16;622;760;622;;8372
12:39:16;622;760;622;;8396
12:39:17;622;761;622;;8488
12:39:17;622;761;622;;8372
12:39:18;622;761;623;;8396
12:39:18;622;761;623;;8396
12:39:19;622;761;623;;8368
12:39:19;622;761;623;;8484
12:39:20;623;761;623;;8396
12:39:20;623;761;623;;8424
12:39:21;623;762;623;;8396
12:39:21;623;762;623;;8396
12:39:22;623;762;623;;8428
12:39:22;623;762;623;;8420
12:39:23;623;763;623;;8448
12:39:23;623;763;623;;8404
12:39:24;623;763;623;;8424
12:39:24;623;763;623;;8396
12:39:25;623;763;623;;8452
12:39:25;623;763;623;;8420
12:39:26;623;762;623;;8420
12:39:26;623;762;623;;8396
12:39:27;623;763;623;;8424
12:39:27;623;763;623;;8424
12:39:28;623;763;623;;8396
12:39:28;623;763;623;;8424
12:39:29;623;764;623;;8396
12:39:29;623;764;623;;8368
12:39:30;623;764;624;;8420
12:39:30;623;764;624;;8424
12:39:31;624;766;624;;8472
12:39:31;624;766;624;;8400
12:39:32;624;766;624;;8368
12:39:32;624;766;624;;8488
12:39:33;624;766;624;;8396
12:39:33;624;766;624;;8396
12:39:34;624;766;624;;8500
12:39:34;624;766;624;;8424
12:39:35;624;766;624;;8448
12:39:35;624;766;624;;8528
12:39:36;624;765;624;;8448
12:39:36;624;765;624;;8604
12:39:37;624;765;624;;8396
12:39:37;624;765;624;;8424
12:39:38;624;765;624;;8424
12:39:38;624;765;624;;8372
12:39:39;623;764;624;;8444
12:39:39;623;764;624;;8576
12:39:40;623;765;624;;8396
12:39:40;623;765;624;;8492
12:39:41;624;765;624;;8396
12:39:41;624;765;624;;8396
12:39:42;624;765;624;;8392
12:39:42;624;765;624;;8452
12:39:43;624;766;624;;8372
12:39:43;624;766;624;;8448
12:39:44;624;765;624;;8396
12:39:44;624;765;624;;8396
12:39:45;624;765;624;;8396
12:39:45;624;765;624;;8420
12:39:46;624;765;624;;8424
12:39:47;624;766;624;;8376
12:39:47;624;766;624;;8424
12:39:48;624;766;624;;8424
12:39:48;624;766;624;;8372
12:39:49;624;767;625;;8448
12:39:49;624;767;625;;8500
12:39:50;624;768;625;;8452
12:39:50;624;768;625;;8396
12:39:51;624;767;625;;8396
12:39:51;624;767;625;;8420
12:39:52;624;767;625;;8452
12:39:52;624;767;625;;8396
12:39:53;625;768;625;;3988
12:39:53;625;768;625;;8396
12:39:54;625;768;625;;8348
12:39:54;625;768;625;;8376
12:39:55;624;768;625;;6848
12:39:55;624;768;625;;5408
12:39:56;624;767;624;;528
12:39:56;624;767;624;;7524
12:39:57;624;766;624;;8452
12:39:57;624;766;624;;5508
12:39:58;624;767;624;;6804
12:39:58;624;767;624;;8420
12:39:59;624;766;624;;7040
12:39:59;624;766;624;;5708
12:40:00;624;766;624;;8368
12:40:00;624;766;624;;8396
12:40:01;624;766;624;;8444
12:40:01;624;766;624;;8420
12:40:02;624;768;625;;6856
12:40:02;624;768;625;;6704
12:40:03;625;768;625;;8476
12:40:03;625;768;625;;8516
12:40:04;625;769;625;;8368
12:40:04;625;769;625;;8420
12:40:05;625;768;625;;8420
12:40:05;625;768;625;;6432
12:40:06;625;769;625;;7000
12:40:06;625;769;625;;7112
12:40:07;625;769;625;;8444
12:40:07;625;769;625;;7832
12:40:08;625;769;625;;6792
12:40:08;625;769;625;;8444
12:40:09;625;769;625;;8448
12:40:09;625;769;625;;7080
12:40:10;625;768;625;;8396
12:40:10;625;768;625;;6968
12:40:11;625;769;625;;8424
12:40:11;625;769;625;;8420
12:40:12;625;770;625;;8524
12:40:12;625;770;625;;8400
12:40:13;625;770;626;;8368
12:40:13;625;770;626;;8372
12:40:14;625;770;625;;8396
12:40:14;625;770;625;;8376
12:40:15;625;770;626;;8424
12:40:15;625;770;626;;8484
12:40:16;625;771;626;;8448
12:40:16;625;771;626;;8448
12:40:17;626;771;626;;8500
12:40:17;626;771;626;;8368
12:40:18;626;772;626;;8420
12:40:18;626;772;626;;8472
12:40:19;626;772;626;;8452
12:40:19;626;772;626;;8476
12:40:20;626;773;626;;8372
12:40:20;626;773;626;;8396
12:40:21;626;774;627;;8488
12:40:21;626;774;627;;8396
12:40:22;627;774;627;;8372
12:40:22;627;774;627;;8420
12:40:23;627;774;627;;8424
12:40:23;627;774;627;;6880
12:40:24;627;774;627;;8424
12:40:24;627;774;627;;8448
12:40:25;626;774;627;;8396
12:40:25;626;774;627;;6944
12:40:26;626;773;627;;7096
12:40:26;626;773;627;;8488
12:40:27;627;774;627;;8552
12:40:28;627;774;627;;8428
12:40:28;627;774;627;;8452
12:40:29;627;775;627;;8556
12:40:29;627;775;627;;7332
12:40:30;627;776;627;;7132
12:40:30;627;776;627;;8488
12:40:31;627;776;627;;8552
12:40:31;627;776;627;;8452
12:40:32;628;777;628;;8488
12:40:32;628;777;628;;7132
12:40:33;627;776;627;;8396
12:40:33;627;776;627;;7556
12:40:34;627;775;627;;8424
12:40:34;627;775;627;;7004
12:40:35;627;774;627;;8484
12:40:35;627;774;627;;6800
12:40:36;626;773;626;;8376
12:40:36;626;773;626;;8396
12:40:37;626;771;626;;8480
12:40:37;626;771;626;;8424
12:40:38;626;771;626;;8320
12:40:38;626;771;626;;8396
12:40:39;626;772;626;;8548
12:40:39;626;772;626;;8500
12:40:40;626;772;626;;8548
12:40:40;626;772;626;;8428
12:40:41;626;772;626;;8704
12:40:41;626;772;626;;8420
12:40:42;626;773;627;;8404
12:40:42;626;773;627;;8496
12:40:43;627;775;627;;7464
12:40:43;627;775;627;;7332
12:40:44;627;776;627;;7380
12:40:44;627;776;627;;7312
12:40:45;627;776;627;;7388
12:40:45;627;776;627;;7408
12:40:46;627;776;628;;7328
12:40:46;627;776;628;;7472
12:40:47;628;777;628;;7428
12:40:47;628;777;628;;7384
12:40:48;628;777;628;;7392
12:40:48;628;777;628;;7416
12:40:49;628;777;628;;7308
12:40:49;628;777;628;;7252
12:40:50;627;777;628;;7424
12:40:50;627;777;628;;7208
12:40:51;628;777;628;;8448
12:40:51;628;777;628;;7232
12:40:52;628;777;628;;8420
12:40:52;628;777;628;;8396
12:40:53;627;777;628;;8492
12:40:53;627;777;628;;8392
12:40:54;627;776;627;;7600
12:40:54;627;776;627;;8424
12:40:55;627;776;627;;7228
12:40:55;627;776;627;;8392
12:40:56;627;776;627;;8416
12:40:56;627;776;627;;8416
12:40:57;627;775;627;;8388
12:40:57;627;775;627;;8448
12:40:58;626;773;627;;8416
12:40:58;626;773;627;;7228
12:40:59;626;772;626;;8448
12:40:59;626;772;626;;8424
12:41:00;626;771;626;;7284
12:41:00;626;771;626;;8344
12:41:01;626;771;626;;8424
12:41:01;626;771;626;;8392
12:41:02;626;771;626;;8496
12:41:02;626;771;626;;8420
12:41:03;626;771;626;;8444
12:41:03;626;771;626;;5512
12:41:04;626;772;626;;6768
12:41:04;626;772;626;;8420
12:41:05;626;773;626;;8424
12:41:05;626;773;626;;8424
12:41:06;627;774;627;;8396
12:41:06;627;774;627;;8400
12:41:07;627;774;627;;8500
12:41:08;627;775;627;;8444
12:41:08;627;775;627;;8424
12:41:09;627;776;627;;8416
12:41:09;627;776;627;;8396
12:41:10;627;777;628;;8416
12:41:10;627;777;628;;8420
12:41:11;627;777;628;;8628
12:41:11;627;777;628;;8500
12:41:12;627;776;627;;8448
12:41:12;627;776;627;;8400
12:41:13;627;775;627;;8448
12:41:13;627;775;627;;8524
12:41:14;627;775;627;;8472
12:41:14;627;775;627;;8448
12:41:15;627;775;627;;8448
12:41:15;627;775;627;;8512
12:41:16;627;775;627;;8388
12:41:16;627;775;627;;8468
12:41:17;627;775;627;;8440
12:41:17;627;775;627;;8364
12:41:18;627;775;627;;8416
12:41:18;627;775;627;;8364
12:41:19;627;776;628;;8392
12:41:19;627;776;628;;8388
12:41:20;627;777;628;;8416
12:41:20;627;777;628;;8416
12:41:21;628;777;628;;8440
12:41:21;628;777;628;;8392
12:41:22;628;777;628;;8444
12:41:22;628;777;628;;8420
12:41:23;628;777;628;;8420
12:41:23;628;777;628;;8416
12:41:24;628;777;628;;8400
12:41:24;628;777;628;;8392
12:41:25;627;776;627;;8416
12:41:25;627;776;627;;8388
12:41:26;626;773;626;;8420
12:41:26;626;773;626;;8416
12:41:27;626;772;626;;8396
12:41:27;626;772;626;;8416
12:41:28;626;772;626;;8448
12:41:28;626;772;626;;8416
12:41:29;626;773;626;;8420
12:41:29;626;773;626;;8452
12:41:30;626;774;627;;8400
12:41:30;626;774;627;;8444
12:41:31;627;775;627;;8444
12:41:31;627;775;627;;8492
12:41:32;627;776;627;;8500
12:41:32;627;776;627;;8420
12:41:33;627;777;628;;8424
12:41:33;627;777;628;;8420
12:41:34;628;778;628;;8424
12:41:34;628;778;628;;8548
12:41:35;628;778;628;;8488
12:41:35;628;778;628;;8448
12:41:36;628;777;628;;8396
12:41:36;628;777;628;;8448
12:41:37;628;778;628;;8448
12:41:37;628;778;628;;8472
12:41:38;627;776;628;;8444
12:41:38;627;776;628;;8448
12:41:39;627;774;627;;8476
12:41:39;627;774;627;;8528
12:41:40;626;773;626;;8448
12:41:40;626;773;626;;8500
12:41:41;626;773;626;;8452
12:41:41;626;773;626;;8424
12:41:42;627;774;627;;8492
12:41:42;627;774;627;;8424
12:41:43;627;774;627;;8500
12:41:43;627;774;627;;8628
12:41:44;627;774;627;;8500
12:41:44;627;774;627;;8448
12:41:45;627;775;627;;8476
12:41:45;627;775;627;;8452
12:41:46;627;776;627;;8452
12:41:46;627;776;627;;8524
12:41:47;627;776;627;;8452
12:41:48;627;777;628;;8448
12:41:48;627;777;628;;8424
12:41:49;628;777;628;;8424
12:41:49;628;777;628;;8476
12:41:50;628;777;628;;8520
12:41:50;628;777;628;;8396
12:41:51;628;778;628;;8428
12:41:51;628;778;628;;8400
12:41:52;628;779;628;;8400
12:41:52;628;779;628;;8528
12:41:53;628;779;628;;8448
12:41:53;628;779;628;;8488
12:41:54;628;779;628;;8400
12:41:54;628;779;628;;8428
12:41:55;628;779;629;;8452
12:41:55;628;779;629;;8424
12:41:56;628;780;629;;8424
12:41:56;628;780;629;;8504
12:41:57;628;780;629;;8396
12:41:57;628;780;629;;8452
12:41:58;629;780;629;;8528
12:41:58;629;780;629;;8428
12:41:59;629;780;629;;8424
12:41:59;629;780;629;;8424
12:42:00;629;781;629;;8432
12:42:00;629;781;629;;8424
12:42:01;629;781;629;;8452
12:42:01;629;781;629;;8428
12:42:02;629;780;629;;8452
12:42:02;629;780;629;;8492
12:42:03;629;780;629;;8484
12:42:03;629;780;629;;8488
12:42:04;629;780;629;;8404
12:42:04;629;780;629;;8400
12:42:05;628;779;628;;8424
12:42:05;628;779;628;;8424
12:42:06;628;778;628;;8424
12:42:06;628;778;628;;8396
12:42:07;628;777;628;;8448
12:42:07;628;777;628;;8424
12:42:08;628;777;628;;8424
12:42:08;628;777;628;;8476
12:42:09;627;777;628;;8400
12:42:09;627;777;628;;8400
12:42:10;627;777;628;;8452
12:42:10;627;777;628;;8472
12:42:11;628;778;628;;8448
12:42:11;628;778;628;;8452
12:42:12;628;779;628;;8456
12:42:12;628;779;628;;8400
12:42:13;629;780;629;;8428
12:42:13;629;780;629;;8420
12:42:14;629;781;629;;8424
12:42:14;629;781;629;;8400
12:42:15;629;781;629;;8448
12:42:15;629;781;629;;8448
12:42:16;629;780;629;;8400
12:42:16;629;780;629;;8452
12:42:17;629;781;629;;8492
12:42:17;629;781;629;;8428
12:42:18;629;781;629;;8428
12:42:18;629;781;629;;8428
12:42:19;629;781;629;;8452
12:42:19;629;781;629;;8476
12:42:20;629;781;629;;8424
12:42:20;629;781;629;;8424
12:42:21;629;780;629;;8508
12:42:21;629;780;629;;8404
12:42:22;629;781;629;;8452
12:42:22;629;781;629;;8400
12:42:23;629;782;629;;8424
12:42:23;629;782;629;;8424
12:42:24;629;782;629;;8428
12:42:24;629;782;629;;8428
12:42:25;629;782;629;;8504
12:42:25;629;782;629;;8428
12:42:26;629;782;629;;8452
12:42:26;629;782;629;;8456
12:42:27;629;782;629;;8428
12:42:28;629;781;629;;8424
12:42:28;629;781;629;;8480
12:42:29;629;780;629;;8452
12:42:29;629;780;629;;8432
12:42:30;629;780;629;;8404
12:42:30;629;780;629;;8400
12:42:31;629;781;629;;8400
12:42:31;629;781;629;;8400
12:42:32;628;779;628;;8424
12:42:32;628;779;628;;8404
12:42:33;628;778;628;;8408
12:42:33;628;778;628;;8396
12:42:34;628;779;628;;8400
12:42:34;628;779;628;;8452
12:42:35;628;779;628;;8452
12:42:35;628;779;628;;8476
12:42:36;628;779;628;;8376
12:42:36;628;779;628;;8532
12:42:37;628;779;628;;8428
12:42:37;628;779;628;;8404
12:42:38;628;779;628;;8492
12:42:38;628;779;628;;8452
12:42:39;628;779;628;;8424
12:42:39;628;779;628;;8452
12:42:40;629;780;629;;8456
12:42:40;629;780;629;;8432
12:42:41;629;781;629;;8404
12:42:41;629;781;629;;8432
12:42:42;629;782;629;;8432
12:42:42;629;782;629;;8404
12:42:43;630;783;630;;8432
12:42:43;630;783;630;;8456
12:42:44;630;783;630;;8532
12:42:44;630;783;630;;8504
12:42:45;630;783;630;;8432
12:42:45;630;783;630;;8456
12:42:46;629;783;630;;8500
12:42:46;629;783;630;;8432
12:42:47;629;781;629;;8432
12:42:47;629;781;629;;8428
12:42:48;629;780;629;;8508
12:42:48;629;780;629;;8504
12:42:49;629;780;629;;8432
12:42:49;629;780;629;;8452
12:42:50;629;781;629;;8480
12:42:50;629;781;629;;8456
12:42:51;629;781;629;;8496
12:42:51;629;781;629;;8432
12:42:52;629;781;629;;8432
12:42:52;629;781;629;;8492
12:42:53;629;781;629;;8460
12:42:53;629;781;629;;8456
12:42:54;629;781;629;;8456
12:42:54;629;781;629;;8400
12:42:55;629;781;629;;8456
12:42:55;629;781;629;;8428
12:42:56;629;780;629;;8432
12:42:56;629;780;629;;8500
12:42:57;628;779;628;;8456
12:42:57;628;779;628;;8428
12:42:58;628;779;628;;8456
12:42:58;628;779;628;;8428
12:42:59;628;779;628;;8500
12:42:59;628;779;628;;8488
12:43:00;628;780;629;;8432
12:43:00;628;780;629;;8428
12:43:01;629;780;629;;8452
12:43:01;629;780;629;;8400
12:43:02;629;781;629;;8400
12:43:02;629;781;629;;8428
12:43:03;629;781;629;;8380
12:43:03;629;781;629;;8404
12:43:04;629;780;629;;8456
12:43:04;629;780;629;;8456
12:43:05;628;779;628;;8508
12:43:05;628;779;628;;8432
12:43:06;628;779;628;;8404
12:43:06;628;779;628;;8404
12:43:07;628;779;628;;8456
12:43:08;628;779;628;;8428
12:43:08;628;779;628;;8432
12:43:09;628;779;628;;8432
12:43:09;628;779;628;;8432
12:43:10;628;779;628;;8404
12:43:10;628;779;628;;8460
12:43:11;629;780;629;;8400
12:43:11;629;780;629;;8452
12:43:12;629;781;629;;8432
12:43:12;629;781;629;;8432
12:43:13;629;781;629;;8404
12:43:13;629;781;629;;8456
12:43:14;629;782;629;;8456
12:43:14;629;782;629;;8404
12:43:15;629;783;630;;8404
12:43:15;629;783;630;;8404
12:43:16;629;783;630;;8452
12:43:16;629;783;630;;8452
12:43:17;630;784;630;;7688
12:43:17;630;784;630;;3932
12:43:18;630;784;630;;8356
12:43:18;630;784;630;;7908
12:43:19;630;784;630;;8496
12:43:19;630;784;630;;8372
12:43:20;630;784;630;;8400
12:43:20;630;784;630;;8448
12:43:21;630;784;630;;8504
12:43:21;630;784;630;;8500
12:43:22;629;783;630;;8428
12:43:22;629;783;630;;8492
12:43:23;629;782;629;;8396
12:43:23;629;782;629;;8424
12:43:24;629;781;629;;8348
12:43:24;629;781;629;;8380
12:43:25;629;780;629;;8424
12:43:25;629;780;629;;8472
12:43:26;628;779;628;;8484
12:43:26;628;779;628;;8500
12:43:27;628;779;628;;8468
12:43:27;628;779;628;;8396
12:43:28;628;780;629;;8600
12:43:28;628;780;629;;9108
12:43:29;629;781;629;;8424
12:43:29;629;781;629;;6864
12:43:30;629;781;629;;8476
12:43:30;629;781;629;;8476
12:43:31;629;782;629;;8556
12:43:31;629;782;629;;6268
12:43:32;629;782;629;;6276
12:43:32;629;782;629;;8452
12:43:33;629;782;629;;8432
12:43:33;629;782;629;;8448
12:43:34;629;781;629;;6296
12:43:34;629;781;629;;6276
12:43:35;629;781;629;;6936
12:43:35;629;781;629;;8452
12:43:36;629;782;629;;6924
12:43:36;629;782;629;;8452
12:43:37;629;783;630;;8488
12:43:37;629;783;630;;8424
12:43:38;629;783;630;;8484
12:43:38;629;783;630;;8428
12:43:39;630;783;630;;8404
12:43:39;630;783;630;;8428
12:43:40;630;784;630;;8556
12:43:40;630;784;630;;8508
12:43:41;630;785;630;;8456
12:43:41;630;785;630;;8404
12:43:42;630;785;630;;8400
12:43:42;630;785;630;;8456
12:43:43;630;785;630;;8428
12:43:43;630;785;630;;8328
12:43:44;630;785;630;;7164
12:43:44;630;785;630;;8432
12:43:45;630;786;630;;8404
12:43:45;630;786;630;;8432
12:43:46;630;786;631;;8484
12:43:46;630;786;631;;8556
12:43:47;630;786;631;;7188
12:43:48;630;785;630;;8480
12:43:48;630;785;630;;7292
12:43:49;630;785;630;;7208
12:43:49;630;785;630;;8612
12:43:50;630;786;630;;8500
12:43:50;630;786;630;;8428
12:43:51;630;786;630;;7048
12:43:51;630;786;630;;3928
12:43:52;630;785;630;;8404
12:43:52;630;785;630;;8556
12:43:53;630;786;630;;8456
12:43:53;630;786;630;;8456
12:43:54;630;786;631;;8488
12:43:54;630;786;631;;8420
12:43:55;630;786;631;;8364
12:43:55;630;786;631;;8372
12:43:56;631;786;631;;8420
12:43:56;631;786;631;;8424
12:43:57;631;787;631;;8420
12:43:57;631;787;631;;8424
12:43:58;631;788;631;;8488
12:43:58;631;788;631;;8604
12:43:59;631;788;631;;8496
12:43:59;631;788;631;;8476
12:44:00;631;789;631;;8424
12:44:00;631;789;631;;8396
12:44:01;631;789;632;;8476
12:44:01;631;789;632;;8424
12:44:02;632;790;632;;8528
12:44:02;632;790;632;;8400
12:44:03;632;790;632;;8372
12:44:03;632;790;632;;8528
12:44:04;631;789;631;;8420
12:44:04;631;789;631;;8448
12:44:05;631;789;631;;8400
12:44:05;631;789;631;;8452
12:44:06;631;789;632;;8480
12:44:06;631;789;632;;8452
12:44:07;631;789;632;;8480
12:44:07;631;789;632;;8504
12:44:08;631;789;631;;8452
12:44:08;631;789;631;;8452
12:44:09;631;788;631;;8556
12:44:09;631;788;631;;8448
12:44:10;630;785;630;;8448
12:44:10;630;785;630;;8452
12:44:11;629;782;629;;8420
12:44:11;629;782;629;;8424
12:44:12;629;782;629;;8500
12:44:12;629;782;629;;8480
12:44:13;629;782;629;;8400
12:44:13;629;782;629;;8476
12:44:14;629;783;630;;8504
12:44:14;629;783;630;;8704
12:44:15;630;784;630;;8632
12:44:15;630;784;630;;8452
12:44:16;630;784;630;;8552
12:44:16;630;784;630;;8476
12:44:17;630;783;630;;8448
12:44:17;630;783;630;;8452
12:44:18;630;783;630;;8452
12:44:18;630;783;630;;8488
12:44:19;629;783;630;;8508
12:44:19;629;783;630;;8452
12:44:20;629;782;629;;8432
12:44:20;629;782;629;;8552
12:44:21;629;781;629;;8452
12:44:21;629;781;629;;8476
12:44:22;629;781;629;;8580
12:44:22;629;781;629;;8424
12:44:23;629;781;629;;8628
12:44:23;629;781;629;;8488
12:44:24;629;782;629;;8528
12:44:24;629;782;629;;8424
12:44:25;629;782;629;;8428
12:44:25;629;782;629;;8476
12:44:26;629;782;629;;8424
12:44:27;629;783;630;;8452
12:44:27;629;783;630;;8504
12:44:28;630;783;630;;8476
12:44:28;630;783;630;;8528
12:44:29;630;784;630;;8532
12:44:29;630;784;630;;8452
12:44:30;630;785;630;;8452
12:44:30;630;785;630;;8504
12:44:31;630;786;630;;8452
12:44:31;630;786;630;;8448
12:44:32;630;785;630;;8508
12:44:32;630;785;630;;8400
12:44:33;630;785;630;;8428
12:44:33;630;785;630;;8452
12:44:34;630;784;630;;8476
12:44:34;630;784;630;;8452
12:44:35;630;784;630;;8532
12:44:35;630;784;630;;8428
12:44:36;630;784;630;;8424
12:44:36;630;784;630;;8452
12:44:37;630;784;630;;8448
12:44:37;630;784;630;;8492
12:44:38;630;786;631;;8452
12:44:38;630;786;631;;8452
12:44:39;631;787;631;;8460
12:44:39;631;787;631;;8452
12:44:40;631;787;631;;8496
12:44:40;631;787;631;;8452
12:44:41;631;787;631;;8452
12:44:41;631;787;631;;8452
12:44:42;631;788;631;;8424
12:44:42;631;788;631;;8448
12:44:43;631;789;632;;8452
12:44:43;631;789;632;;8492
12:44:44;632;790;632;;8424
12:44:44;632;790;632;;8448
12:44:45;632;790;632;;8424
12:44:45;632;790;632;;8424
12:44:46;632;791;632;;8424
12:44:46;632;791;632;;8504
12:44:47;632;792;632;;8500
12:44:47;632;792;632;;8424
12:44:48;632;791;632;;8424
12:44:48;632;791;632;;8488
12:44:49;632;790;632;;8456
12:44:49;632;790;632;;8452
12:44:50;632;790;632;;8452
12:44:50;632;790;632;;8400
12:44:51;632;790;632;;8580
12:44:51;632;790;632;;8400
12:44:52;631;789;632;;8960
12:44:52;631;789;632;;8492
12:44:53;631;789;631;;8428
12:44:53;631;789;631;;8428
12:44:54;631;789;632;;8424
12:44:54;631;789;632;;8456
12:44:55;631;788;631;;8532
12:44:55;631;788;631;;8400
12:44:56;631;786;631;;8488
12:44:56;631;786;631;;8488
12:44:57;631;786;631;;8484
12:44:57;631;786;631;;8504
12:44:58;631;787;631;;8424
12:44:58;631;787;631;;8476
12:44:59;630;786;630;;8488
12:44:59;630;786;630;;8400
12:45:00;630;785;630;;8428
12:45:00;630;785;630;;8480
12:45:01;630;786;630;;8528
12:45:01;630;786;630;;8492
12:45:02;630;787;631;;8476
12:45:02;630;787;631;;8448
12:45:03;631;787;631;;8464
12:45:03;631;787;631;;8448
12:45:04;631;788;631;;8400
12:45:04;631;788;631;;8424
12:45:05;631;789;632;;8448
12:45:05;631;789;632;;8452
12:45:06;632;790;632;;8956
12:45:07;632;790;632;;8452
12:45:07;632;790;632;;8424
12:45:08;632;791;632;;8500
12:45:08;632;791;632;;8484
12:45:09;632;791;632;;8448
12:45:09;632;791;632;;8484
12:45:10;632;790;632;;8400
12:45:10;632;790;632;;8424
12:45:11;632;791;632;;8396
12:45:11;632;791;632;;8396
12:45:12;632;791;632;;8420
12:45:12;632;791;632;;8488
12:45:13;632;792;632;;8448
12:45:13;632;792;632;;8452
12:45:14;632;792;632;;8424
12:45:14;632;792;632;;8484
12:45:15;632;792;633;;8452
12:45:15;632;792;633;;8428
12:45:16;633;793;633;;8452
12:45:16;633;793;633;;8504
12:45:17;633;793;633;;8428
12:45:17;633;793;633;;8428
12:45:18;633;794;633;;8488
12:45:18;633;794;633;;8708
12:45:19;633;794;633;;8400
12:45:19;633;794;633;;8400
12:45:20;633;794;633;;8428
12:45:20;633;794;633;;8480
12:45:21;633;793;633;;8452
12:45:21;633;793;633;;8480
12:45:22;633;793;633;;8480
12:45:22;633;793;633;;8452
12:45:23;632;792;632;;8488
12:45:23;632;792;632;;8456
12:45:24;632;791;632;;8428
12:45:24;632;791;632;;8452
12:45:25;632;791;632;;8452
12:45:25;632;791;632;;8452
12:45:26;632;791;632;;8480
12:45:26;632;791;632;;8476
12:45:27;632;793;633;;8512
12:45:27;632;793;633;;8488
12:45:28;633;793;633;;8528
12:45:28;633;793;633;;8484
12:45:29;632;792;633;;8492
12:45:29;632;792;633;;8400
12:45:30;632;792;633;;8496
12:45:30;632;792;633;;8428
12:45:31;632;792;633;;8452
12:45:31;632;792;633;;8452
12:45:32;632;792;632;;8428
12:45:32;632;792;632;;8456
12:45:33;632;791;632;;8424
12:45:33;632;791;632;;8424
12:45:34;631;790;632;;8420
12:45:34;631;790;632;;8424
12:45:35;631;789;631;;8452
12:45:35;631;789;631;;8400
12:45:36;631;788;631;;8424
12:45:36;631;788;631;;8476
12:45:37;631;787;631;;8428
12:45:37;631;787;631;;8496
12:45:38;631;788;631;;8428
12:45:38;631;788;631;;8484
12:45:39;631;787;631;;8424
12:45:39;631;787;631;;8404
12:45:40;630;786;631;;8428
12:45:40;630;786;631;;8424
12:45:41;630;785;630;;8456
12:45:41;630;785;630;;8432
12:45:42;630;785;630;;8400
12:45:42;630;785;630;;8504
12:45:43;630;784;630;;8532
12:45:43;630;784;630;;8428
12:45:44;630;784;630;;8452
12:45:44;630;784;630;;8480
12:45:45;630;785;630;;8468
12:45:45;630;785;630;;8464
12:45:46;630;786;630;;8432
12:45:47;631;787;631;;8456
12:45:47;631;787;631;;8536
12:45:48;631;788;631;;8432
12:45:48;631;788;631;;8456
12:45:49;631;789;632;;8428
12:45:49;631;789;632;;8432
12:45:50;632;789;632;;8452
12:45:50;632;789;632;;8488
12:45:51;631;789;632;;8504
12:45:51;631;789;632;;8528
12:45:52;631;789;631;;8400
12:45:52;631;789;631;;8508
12:45:53;631;788;631;;8404
12:45:53;631;788;631;;8476
12:45:54;631;788;631;;8556
12:45:54;631;788;631;;8452
12:45:55;631;789;631;;8456
12:45:55;631;789;631;;8488
12:45:56;631;789;631;;8428
12:45:56;631;789;631;;8424
12:45:57;631;788;631;;8428
12:45:57;631;788;631;;8400
12:45:58;631;789;631;;8400
12:45:58;631;789;631;;8424
12:45:59;632;790;632;;8504
12:45:59;632;790;632;;8428
12:46:00;632;790;632;;8400
12:46:00;632;790;632;;8424
12:46:01;631;787;631;;8500
12:46:01;631;787;631;;8424
12:46:02;630;786;631;;8448
12:46:02;630;786;631;;8452
12:46:03;630;786;631;;8452
12:46:03;630;786;631;;8452
12:46:04;630;786;631;;8428
12:46:04;630;786;631;;8500
12:46:05;631;786;631;;8448
12:46:05;631;786;631;;8424
12:46:06;631;787;631;;8400
12:46:06;631;787;631;;8448
12:46:07;631;788;631;;8428
12:46:07;631;788;631;;8480
12:46:08;631;788;631;;8484
12:46:08;631;788;631;;8488
12:46:09;631;789;631;;8680
12:46:09;631;789;631;;8504
12:46:10;631;789;632;;8556
12:46:10;631;789;632;;8424
12:46:11;631;789;631;;8400
12:46:11;631;789;631;;8400
12:46:12;631;789;631;;8500
12:46:12;631;789;631;;8504
12:46:13;631;790;632;;8424
12:46:13;631;790;632;;8476
12:46:14;631;790;632;;8448
12:46:14;631;790;632;;8428
12:46:15;631;789;632;;8656
12:46:15;631;789;632;;8580
12:46:16;632;790;632;;8452
12:46:16;632;790;632;;8480
12:46:17;632;791;632;;8456
12:46:17;632;791;632;;8428
12:46:18;632;791;632;;8400
12:46:18;632;791;632;;8448
12:46:19;632;791;632;;8424
12:46:19;632;791;632;;8428
12:46:20;632;791;632;;8428
12:46:20;632;791;632;;8456
12:46:21;632;791;632;;8508
12:46:21;632;791;632;;8456
12:46:22;632;790;632;;8456
12:46:22;632;790;632;;8404
12:46:23;632;789;632;;8424
12:46:23;632;789;632;;8452
12:46:24;631;789;632;;8452
12:46:24;631;789;632;;8484
12:46:25;632;790;632;;8504
12:46:26;632;790;632;;8452
12:46:26;632;790;632;;8428
12:46:27;631;788;631;;9056
12:46:27;631;788;631;;8448
12:46:28;631;787;631;;8488
12:46:28;631;787;631;;8476
12:46:29;630;786;631;;8504
12:46:29;630;786;631;;8532
12:46:30;630;786;630;;8492
12:46:30;630;786;630;;8400
12:46:31;631;787;631;;8448
12:46:31;631;787;631;;8420
12:46:32;631;788;631;;8504
12:46:32;631;788;631;;8500
12:46:33;631;787;631;;8476
12:46:33;631;787;631;;8424
12:46:34;631;788;631;;8472
12:46:34;631;788;631;;8400
12:46:35;631;788;631;;8420
12:46:35;631;788;631;;8448
12:46:36;631;788;631;;8576
12:46:36;631;788;631;;8424
12:46:37;631;787;631;;8420
12:46:37;631;787;631;;8424
12:46:38;631;788;631;;8452
12:46:38;631;788;631;;8448
12:46:39;631;788;631;;8604
12:46:39;631;788;631;;8420
12:46:40;631;789;631;;8424
12:46:40;631;789;631;;8424
12:46:41;631;789;631;;8448
12:46:41;631;789;631;;8448
12:46:42;631;790;632;;8452
12:46:42;631;790;632;;8424
12:46:43;631;790;632;;8524
12:46:43;631;790;632;;8476
12:46:44;632;789;632;;8448
12:46:44;632;789;632;;8448
12:46:45;631;789;631;;8424
12:46:45;631;789;631;;8492
12:46:46;631;789;631;;8492
12:46:46;631;789;631;;8448
12:46:47;631;788;631;;8424
12:46:47;631;788;631;;8424
12:46:48;631;789;631;;8452
12:46:48;631;789;631;;8496
12:46:49;632;790;632;;8448
12:46:49;632;790;632;;8424
12:46:50;632;791;632;;8424
12:46:50;632;791;632;;8392
12:46:51;632;791;632;;8420
12:46:51;632;791;632;;8420
12:46:52;632;792;632;;8492
12:46:52;632;792;632;;8396
12:46:53;632;793;633;;8396
12:46:53;632;793;633;;8392
12:46:54;632;793;633;;8368
12:46:54;632;793;633;;8444
12:46:55;633;793;633;;8524
12:46:55;633;793;633;;8448
12:46:56;633;794;633;;8420
12:46:56;633;794;633;;8396
12:46:57;633;795;633;;8492
12:46:57;633;795;633;;8420
12:46:58;633;795;633;;8548
12:46:58;633;795;633;;8424
12:46:59;633;795;633;;8444
12:46:59;633;795;633;;8396
12:47:00;633;796;634;;8396
12:47:00;633;796;634;;8448
12:47:01;634;796;634;;8424
12:47:01;634;796;634;;8424
12:47:02;634;796;634;;8448
12:47:02;634;796;634;;8468
12:47:03;634;797;634;;8396
12:47:03;634;797;634;;8372
12:47:04;634;797;634;;8396
12:47:04;634;797;634;;8464
12:47:05;634;797;634;;8472
12:47:06;634;796;634;;8476
12:47:06;634;796;634;;8420
12:47:07;634;797;634;;8392
12:47:07;634;797;634;;8604
12:47:08;634;797;634;;8396
12:47:08;634;797;634;;8472
12:47:09;634;797;634;;8464
12:47:09;634;797;634;;8476
12:47:10;634;796;634;;8392
12:47:10;634;796;634;;8400
12:47:11;634;797;634;;8580
12:47:11;634;797;634;;8504
12:47:12;634;796;634;;8420
12:47:12;634;796;634;;8420
12:47:13;634;796;634;;8420
12:47:13;634;796;634;;8448
12:47:14;633;796;634;;8500
12:47:14;633;796;634;;8472
12:47:15;633;795;634;;8648
12:47:15;633;795;634;;8424
12:47:16;633;795;633;;8500
12:47:16;633;795;633;;8500
12:47:17;633;794;633;;8444
12:47:17;633;794;633;;8492
12:47:18;633;795;633;;8396
12:47:18;633;795;633;;8448
12:47:19;633;795;633;;8448
12:47:19;633;795;633;;8528
12:47:20;633;794;633;;8488
12:47:20;633;794;633;;8480
12:47:21;633;795;633;;8480
12:47:21;633;795;633;;8424
12:47:22;633;795;633;;8532
12:47:22;633;795;633;;8424
12:47:23;633;794;633;;8500
12:47:23;633;794;633;;8452
12:47:24;633;794;633;;8508
12:47:24;633;794;633;;8424
12:47:25;633;794;633;;8452
12:47:25;633;794;633;;8428
12:47:26;632;792;632;;8428
12:47:26;632;792;632;;8452
12:47:27;632;790;632;;8500
12:47:27;632;790;632;;8424
12:47:28;632;790;632;;8424
12:47:28;632;790;632;;8456
12:47:29;632;791;632;;8476
12:47:29;632;791;632;;8488
12:47:30;632;791;632;;8484
12:47:30;632;791;632;;8456
12:47:31;632;791;632;;8452
12:47:31;632;791;632;;8428
12:47:32;632;790;632;;8424
12:47:32;632;790;632;;8424
12:47:33;631;789;631;;8424
12:47:33;631;789;631;;8428
12:47:34;631;787;631;;8428
12:47:34;631;787;631;;8428
12:47:35;630;785;630;;8420
12:47:35;630;785;630;;8448
12:47:36;630;785;630;;8448
12:47:36;630;785;630;;8552
12:47:37;630;786;631;;8628
12:47:37;630;786;631;;8424
12:47:38;631;786;631;;8500
12:47:38;631;786;631;;8452
12:47:39;631;788;631;;8492
12:47:39;631;788;631;;8500
12:47:40;631;789;631;;8624
12:47:40;631;789;631;;8500
12:47:41;631;790;632;;8424
12:47:41;631;790;632;;8444
12:47:42;632;790;632;;8552
12:47:42;632;790;632;;8448
12:47:43;632;791;632;;8424
12:47:43;632;791;632;;8420
12:47:44;632;792;632;;8448
12:47:45;632;792;632;;8448
12:47:45;632;792;632;;8424
12:47:46;632;793;633;;8504
12:47:46;632;793;633;;8400
12:47:47;632;792;632;;8624
12:47:47;632;792;632;;8528
12:47:48;632;790;632;;8428
12:47:48;632;790;632;;8424
12:47:49;632;790;632;;8500
12:47:49;632;790;632;;8424
12:47:50;631;790;632;;8504
12:47:50;631;790;632;;8452
12:47:51;632;790;632;;8424
12:47:51;632;790;632;;8424
12:47:52;632;790;632;;8424
12:47:52;632;790;632;;8452
12:47:53;632;790;632;;8424
12:47:53;632;790;632;;8424
12:47:54;632;791;632;;8424
12:47:54;632;791;632;;8428
12:47:55;632;791;632;;8452
12:47:55;632;791;632;;8424
12:47:56;632;791;632;;8500
12:47:56;632;791;632;;8552
12:47:57;632;792;632;;8424
12:47:57;632;792;632;;8428
12:47:58;632;792;632;;8452
12:47:58;632;792;632;;8452
12:47:59;632;791;632;;8448
12:47:59;632;791;632;;8452
12:48:00;632;791;632;;8424
12:48:00;632;791;632;;8528
12:48:01;632;792;632;;8476
12:48:01;632;792;632;;8448
12:48:02;632;791;632;;8448
12:48:02;632;791;632;;8428
12:48:03;632;790;632;;8452
12:48:03;632;790;632;;8524
12:48:04;632;790;632;;8476
12:48:04;632;790;632;;8452
12:48:05;632;791;632;;8448
12:48:05;632;791;632;;8476
12:48:06;632;790;632;;8476
12:48:06;632;790;632;;8444
12:48:07;631;788;631;;8448
12:48:07;631;788;631;;8420
12:48:08;631;788;631;;8420
12:48:08;631;788;631;;8444
12:48:09;631;788;631;;8392
12:48:09;631;788;631;;8420
12:48:10;631;789;631;;8524
12:48:10;631;789;631;;8416
12:48:11;632;790;632;;8420
12:48:11;632;790;632;;8424
12:48:12;632;791;632;;8448
12:48:12;632;791;632;;8444
12:48:13;632;791;632;;8420
12:48:13;632;791;632;;8396
12:48:14;632;791;632;;8392
12:48:14;632;791;632;;8396
12:48:15;632;792;632;;8652
12:48:15;632;792;632;;8448
12:48:16;632;793;633;;8448
12:48:16;632;793;633;;8424
12:48:17;632;792;632;;8424
12:48:17;632;792;632;;8500
12:48:18;632;792;632;;8420
12:48:18;632;792;632;;8488
12:48:19;632;793;633;;8448
12:48:19;632;793;633;;8472
12:48:20;632;792;632;;8416
12:48:20;632;792;632;;8420
12:48:21;632;791;632;;8472
12:48:21;632;791;632;;8396
12:48:22;632;792;632;;8500
12:48:22;632;792;632;;8420
12:48:23;632;791;632;;8420
12:48:23;632;791;632;;8444
12:48:24;632;791;632;;8424
12:48:25;632;790;632;;8448
12:48:25;632;790;632;;8448
12:48:26;632;791;632;;8488
12:48:26;632;791;632;;8488
12:48:27;632;791;632;;8476
12:48:27;632;791;632;;8420
12:48:28;632;791;632;;8424
12:48:28;632;791;632;;8448
12:48:29;632;791;632;;8476
12:48:29;632;791;632;;8396
12:48:30;632;792;632;;8476
12:48:30;632;792;632;;8576
12:48:31;631;789;631;;8448
12:48:31;631;789;631;;8448
12:48:32;631;788;631;;8496
12:48:32;631;788;631;;8448
12:48:33;631;789;631;;8452
12:48:33;631;789;631;;8476
12:48:34;631;789;632;;8552
12:48:34;631;789;632;;8444
12:48:35;631;789;632;;8448
12:48:35;631;789;632;;8396
12:48:36;632;790;632;;8500
12:48:36;632;790;632;;8420
12:48:37;632;791;632;;8396
12:48:37;632;791;632;;8420
12:48:38;632;791;632;;8424
12:48:38;632;791;632;;8444
12:48:39;632;792;632;;8456
12:48:39;632;792;632;;8488
12:48:40;633;793;633;;8448
12:48:40;633;793;633;;8448
12:48:41;633;794;633;;8484
12:48:41;633;794;633;;8524
12:48:42;633;793;633;;8448
12:48:42;633;793;633;;8420
12:48:43;631;789;631;;8420
12:48:43;631;789;631;;8500
12:48:44;631;788;631;;8420
12:48:44;631;788;631;;8420
12:48:45;631;787;631;;8444
12:48:45;631;787;631;;8396
12:48:46;631;787;631;;8420
12:48:46;631;787;631;;8368
12:48:47;631;787;631;;8420
12:48:47;631;787;631;;8396
12:48:48;631;788;631;;8424
12:48:48;631;788;631;;8392
12:48:49;631;788;631;;8444
12:48:49;631;788;631;;8472
12:48:50;631;787;631;;8492
12:48:50;631;787;631;;8416
12:48:51;631;787;631;;8424
12:48:51;631;787;631;;8448
12:48:52;631;787;631;;8448
12:48:52;631;787;631;;8488
12:48:53;631;788;631;;8444
12:48:53;631;788;631;;8424
12:48:54;631;788;631;;8552
12:48:54;631;788;631;;8500
12:48:55;631;789;631;;8424
12:48:55;631;789;631;;8424
12:48:56;631;788;631;;8452
12:48:56;631;788;631;;8452
12:48:57;631;788;631;;8420
12:48:57;631;788;631;;8448
12:48:58;631;789;631;;8500
12:48:58;631;789;631;;8424
12:48:59;631;790;632;;8524
12:48:59;631;790;632;;8420
12:49:00;631;789;631;;8500
12:49:00;631;789;631;;8524
12:49:01;631;788;631;;8500
12:49:01;631;788;631;;8444
12:49:02;631;789;631;;8396
12:49:02;631;789;631;;8488
12:49:03;631;789;631;;8488
12:49:03;631;789;631;;8488
12:49:04;631;789;631;;8472
12:49:05;631;790;632;;8520
12:49:05;631;790;632;;8396
12:49:06;631;790;632;;8392
12:49:06;631;790;632;;8604
12:49:07;631;789;631;;8604
12:49:07;631;789;631;;8444
12:49:08;631;789;631;;8448
12:49:08;631;789;631;;8724
12:49:09;631;790;632;;8392
12:49:09;631;790;632;;8416
12:49:10;632;790;632;;8444
12:49:10;632;790;632;;8444
12:49:11;632;790;632;;8392
12:49:11;632;790;632;;8444
12:49:12;632;791;632;;8444
12:49:12;632;791;632;;8472
12:49:13;632;792;632;;8416
12:49:13;632;792;632;;8524
12:49:14;632;792;632;;8500
12:49:14;632;792;632;;8500
12:49:15;632;793;633;;8448
12:49:15;632;793;633;;8524
12:49:16;633;794;633;;8396
12:49:16;633;794;633;;8420
12:49:17;633;794;633;;8448
12:49:17;633;794;633;;8448
12:49:18;633;794;633;;8472
12:49:18;633;794;633;;8528
12:49:19;633;794;633;;8528
12:49:19;633;794;633;;8420
12:49:20;633;795;633;;8424
12:49:20;633;795;633;;8420
12:49:21;633;794;633;;8452
12:49:21;633;794;633;;8424
12:49:22;633;794;633;;8476
12:49:22;633;794;633;;8424
12:49:23;633;794;633;;8500
12:49:23;633;794;633;;8428
12:49:24;633;795;633;;8548
12:49:24;633;795;633;;8420
12:49:25;633;794;633;;8500
12:49:25;633;794;633;;8424
12:49:26;633;795;633;;8552
12:49:26;633;795;633;;8420
12:49:27;633;796;633;;8472
12:49:27;633;796;633;;8424
12:49:28;633;794;633;;8420
12:49:28;633;794;633;;8420
12:49:29;632;792;632;;8396
12:49:29;632;792;632;;8448
12:49:30;632;791;632;;8424
12:49:30;632;791;632;;8448
12:49:31;631;789;631;;8448
12:49:31;631;789;631;;8448
12:49:32;631;788;631;;8424
12:49:32;631;788;631;;8452
12:49:33;631;789;631;;8504
12:49:33;631;789;631;;8400
12:49:34;632;790;632;;8396
12:49:34;632;790;632;;8452
12:49:35;632;791;632;;8428
12:49:35;632;791;632;;8528
12:49:36;632;792;632;;8404
12:49:36;632;792;632;;8404
12:49:37;632;793;633;;8456
12:49:37;632;793;633;;8428
12:49:38;632;793;633;;8456
12:49:38;632;793;633;;8488
12:49:39;632;792;632;;8404
12:49:39;632;792;632;;8428
12:49:40;632;792;632;;8428
12:49:40;632;792;632;;8428
12:49:41;632;792;632;;8380
12:49:41;632;792;632;;8432
12:49:42;632;791;632;;8372
12:49:42;632;791;632;;8452
12:49:43;632;790;632;;8424
12:49:44;632;790;632;;8400
12:49:44;632;790;632;;8452
12:49:45;631;790;632;;8424
12:49:45;631;790;632;;8452
12:49:46;631;789;631;;8452
12:49:46;631;789;631;;8500
12:49:47;631;789;632;;8452
12:49:47;631;789;632;;8424
12:49:48;631;790;632;;8448
12:49:48;631;790;632;;8448
12:49:49;631;788;631;;8424
12:49:49;631;788;631;;8420
12:49:50;631;787;631;;8424
12:49:50;631;787;631;;8452
12:49:51;631;787;631;;8448
12:49:51;631;787;631;;8448
12:49:52;631;788;631;;8424
12:49:52;631;788;631;;8420
12:49:53;631;788;631;;8492
12:49:53;631;788;631;;8452
12:49:54;631;789;631;;8528
12:49:54;631;789;631;;8428
12:49:55;632;790;632;;8400
12:49:55;632;790;632;;8400
12:49:56;632;791;632;;8492
12:49:56;632;791;632;;8528
12:49:57;632;790;632;;8524
12:49:57;632;790;632;;8396
12:49:58;631;789;631;;8484
12:49:58;631;789;631;;8424
12:49:59;631;790;632;;8428
12:49:59;631;790;632;;8528
12:50:00;631;789;631;;8400
12:50:00;631;789;631;;8476
12:50:01;631;789;631;;8424
12:50:01;631;789;631;;8452
12:50:02;632;790;632;;8452
12:50:02;632;790;632;;8400
12:50:03;632;791;632;;8428
12:50:03;632;791;632;;8580
12:50:04;632;791;632;;8404
12:50:04;632;791;632;;8400
12:50:05;632;792;632;;8400
12:50:05;632;792;632;;8452
12:50:06;632;793;633;;8400
12:50:06;632;793;633;;8428
12:50:07;633;793;633;;8456
12:50:07;633;793;633;;8452
12:50:08;633;793;633;;8404
12:50:08;633;793;633;;8404
12:50:09;633;795;633;;8428
12:50:09;633;795;633;;8424
12:50:10;633;795;633;;8448
12:50:10;633;795;633;;8452
12:50:11;633;794;633;;8452
12:50:11;633;794;633;;8452
12:50:12;633;793;633;;8404
12:50:12;633;793;633;;8432
12:50:13;633;794;633;;8452
12:50:13;633;794;633;;8432
12:50:14;633;794;633;;8484
12:50:14;633;794;633;;8552
12:50:15;633;794;633;;8504
12:50:15;633;794;633;;8396
12:50:16;633;794;633;;8480
12:50:16;633;794;633;;8488
12:50:17;633;794;633;;8420
12:50:17;633;794;633;;8400
12:50:18;632;791;632;;8500
12:50:18;632;791;632;;8424
12:50:19;632;791;632;;8424
12:50:19;632;791;632;;8396
12:50:20;632;792;632;;8448
12:50:20;632;792;632;;8420
12:50:21;632;793;632;;8400
12:50:21;632;793;632;;8548
12:50:22;632;793;633;;8652
12:50:23;633;794;633;;8396
12:50:23;633;794;633;;8524
12:50:24;633;794;633;;8448
12:50:24;633;794;633;;8484
12:50:25;633;793;633;;8448
12:50:25;633;793;633;;8420
12:50:26;632;792;632;;8420
12:50:26;632;792;632;;8448
12:50:27;632;792;632;;8448
12:50:27;632;792;632;;8448
12:50:28;632;793;633;;8400
12:50:28;632;793;633;;8400
12:50:29;632;792;632;;8400
12:50:29;632;792;632;;8556
12:50:30;632;792;632;;8448
12:50:30;632;792;632;;8372
12:50:31;632;791;632;;8400
12:50:31;632;791;632;;8608
12:50:32;631;788;631;;8424
12:50:32;631;788;631;;8452
12:50:33;631;788;631;;8448
12:50:33;631;788;631;;8496
12:50:34;631;789;631;;8448
12:50:34;631;789;631;;8652
12:50:35;631;790;632;;8424
12:50:35;631;790;632;;8420
12:50:36;632;791;632;;8476
12:50:36;632;791;632;;8420
12:50:37;632;792;632;;8396
12:50:37;632;792;632;;8452
12:50:38;632;793;633;;8576
12:50:38;632;793;633;;8488
12:50:39;632;792;632;;8492
12:50:39;632;792;632;;8472
12:50:40;632;792;632;;8420
12:50:40;632;792;632;;8396
12:50:41;632;793;633;;8704
12:50:41;632;793;633;;8448
12:50:42;632;793;633;;8492
12:50:42;632;793;633;;8448
12:50:43;633;793;633;;8476
12:50:43;633;793;633;;8580
12:50:44;633;794;633;;8420
12:50:44;633;794;633;;8448
12:50:45;633;794;633;;8488
12:50:45;633;794;633;;8680
12:50:46;633;794;633;;8420
12:50:46;633;794;633;;8468
12:50:47;633;794;633;;8396
12:50:47;633;794;633;;8500
12:50:48;633;794;633;;8492
12:50:48;633;794;633;;8416
12:50:49;633;793;633;;8420
12:50:49;633;793;633;;8448
12:50:50;632;792;632;;8576
12:50:50;632;792;632;;8552
12:50:51;632;792;632;;8576
12:50:51;632;792;632;;8496
12:50:52;632;793;633;;8472
12:50:52;632;793;633;;8448
12:50:53;632;792;632;;8572
12:50:53;632;792;632;;8500
12:50:54;632;791;632;;8448
12:50:54;632;791;632;;8500
12:50:55;632;792;632;;8484
12:50:55;632;792;632;;8444
12:50:56;632;793;633;;8520
12:50:56;632;793;633;;8400
12:50:57;633;793;633;;8444
12:50:57;633;793;633;;8424
12:50:58;633;794;633;;8424
12:50:58;633;794;633;;8428
12:50:59;633;796;633;;8424
12:50:59;633;796;633;;8528
12:51:00;633;796;634;;8552
12:51:00;633;796;634;;8400
12:51:01;634;796;634;;8424
12:51:02;634;797;634;;8424
12:51:02;634;797;634;;8448
12:51:03;633;796;634;;8452
12:51:03;633;796;634;;8484
12:51:04;633;796;633;;8400
12:51:04;633;796;633;;8428
12:51:05;633;795;633;;8452
12:51:05;633;795;633;;8452
12:51:06;633;796;634;;8452
12:51:06;633;796;634;;8500
12:51:07;633;796;634;;8424
12:51:07;633;796;634;;8488
12:51:08;633;796;633;;8400
12:51:08;633;796;633;;8448
12:51:09;633;796;634;;8452
12:51:09;633;796;634;;8448
12:51:10;634;797;634;;8528
12:51:10;634;797;634;;8448
12:51:11;634;796;634;;8424
12:51:11;634;796;634;;8452
12:51:12;633;795;633;;8556
12:51:12;633;795;633;;8448
12:51:13;633;796;634;;8424
12:51:13;633;796;634;;8472
12:51:14;633;796;634;;8476
12:51:14;633;796;634;;8552
12:51:15;633;796;634;;8500
12:51:15;633;796;634;;8504
12:51:16;633;796;634;;8500
12:51:16;633;796;634;;8424
12:51:17;633;796;634;;8492
12:51:17;633;796;634;;8420
12:51:18;633;795;633;;8448
12:51:18;633;795;633;;8628
12:51:19;633;795;633;;8472
12:51:19;633;795;633;;8448
12:51:20;633;796;633;;8552
12:51:20;633;796;633;;8420
12:51:21;633;796;633;;8552
12:51:21;633;796;633;;8448
12:51:22;633;795;633;;8424
12:51:22;633;795;633;;8548
12:51:23;633;794;633;;8420
12:51:23;633;794;633;;8524
12:51:24;633;794;633;;8444
12:51:24;633;794;633;;8448
12:51:25;633;794;633;;8424
12:51:25;633;794;633;;8396
12:51:26;633;794;633;;8396
12:51:26;633;794;633;;8400
12:51:27;632;793;633;;8424
12:51:27;632;793;633;;8524
12:51:28;632;792;632;;8420
12:51:28;632;792;632;;8396
12:51:29;632;790;632;;8472
12:51:29;632;790;632;;8420
12:51:30;631;790;632;;8424
12:51:30;631;790;632;;8448
12:51:31;631;790;632;;8420
12:51:31;631;790;632;;8420
12:51:32;631;789;631;;8448
12:51:32;631;789;631;;8420
12:51:33;631;788;631;;8448
12:51:33;631;788;631;;8620
12:51:34;631;789;631;;8468
12:51:34;631;789;631;;8500
12:51:35;631;790;632;;8524
12:51:35;631;790;632;;8396
12:51:36;632;790;632;;8396
12:51:36;632;790;632;;8424
12:51:37;632;790;632;;8396
12:51:37;632;790;632;;8392
12:51:38;632;791;632;;8448
12:51:38;632;791;632;;8424
12:51:39;632;791;632;;8528
12:51:39;632;791;632;;8448
12:51:40;632;791;632;;8500
12:51:40;632;791;632;;8476
12:51:41;632;792;632;;8624
12:51:42;632;792;632;;8448
12:51:42;632;792;632;;8480
12:51:43;632;791;632;;8448
12:51:43;632;791;632;;8556
12:51:44;632;791;632;;8500
12:51:44;632;791;632;;8500
12:51:45;632;791;632;;8472
12:51:45;632;791;632;;8448
12:51:46;631;789;632;;8552
12:51:46;631;789;632;;8472
12:51:47;631;789;631;;8552
12:51:47;631;789;631;;8500
12:51:48;631;789;631;;8424
12:51:48;631;789;631;;8448
12:51:49;631;790;632;;8424
12:51:49;631;790;632;;8484
12:51:50;632;790;632;;8444
12:51:50;632;790;632;;8444
12:51:51;632;790;632;;8448
12:51:51;632;790;632;;8416
12:51:52;632;790;632;;8600
12:51:52;632;790;632;;8500
12:51:53;632;790;632;;8420
12:51:53;632;790;632;;8424
12:51:54;631;789;631;;8500
12:51:54;631;789;631;;8480
12:51:55;631;788;631;;8452
12:51:55;631;788;631;;8452
12:51:56;631;787;631;;8652
12:51:56;631;787;631;;8476
12:51:57;631;787;631;;8452
12:51:57;631;787;631;;8448
12:51:58;631;787;631;;8452
12:51:58;631;787;631;;8604
12:51:59;631;787;631;;8428
12:51:59;631;787;631;;8448
12:52:00;631;788;631;;8452
12:52:00;631;788;631;;8424
12:52:01;631;787;631;;8488
12:52:01;631;787;631;;8484
12:52:02;630;787;631;;8420
12:52:02;630;787;631;;8420
12:52:03;630;786;630;;8424
12:52:03;630;786;630;;8500
12:52:04;630;785;630;;8420
12:52:04;630;785;630;;8400
12:52:05;630;785;630;;8476
12:52:05;630;785;630;;8528
12:52:06;630;787;631;;8396
12:52:06;630;787;631;;8424
12:52:07;630;787;631;;8424
12:52:07;630;787;631;;8448
12:52:08;630;785;630;;8452
12:52:08;630;785;630;;8452
12:52:09;630;785;630;;8496
12:52:09;630;785;630;;8400
12:52:10;630;786;630;;8496
12:52:10;630;786;630;;8424
12:52:11;630;786;631;;8452
12:52:11;630;786;631;;8420
12:52:12;631;788;631;;8524
12:52:12;631;788;631;;8476
12:52:13;631;789;631;;8400
12:52:13;631;789;631;;8448
12:52:14;631;790;632;;8476
12:52:14;631;790;632;;8424
12:52:15;631;788;631;;8524
12:52:15;631;788;631;;8448
12:52:16;631;788;631;;8448
12:52:16;631;788;631;;8396
12:52:17;631;790;632;;8452
12:52:17;631;790;632;;8420
12:52:18;632;790;632;;8472
12:52:18;632;790;632;;8496
12:52:19;632;791;632;;8448
12:52:19;632;791;632;;8420
12:52:20;632;793;632;;8524
12:52:21;633;794;633;;8420
12:52:21;633;794;633;;8448
12:52:22;633;794;633;;8396
12:52:22;633;794;633;;8396
12:52:23;633;795;633;;8448
12:52:23;633;795;633;;8468
12:52:24;633;794;633;;8420
12:52:24;633;794;633;;8420
12:52:25;633;794;633;;8420
12:52:25;633;794;633;;8476
12:52:26;633;793;633;;8492
12:52:26;633;793;633;;8472
12:52:27;633;794;633;;8488
12:52:27;633;794;633;;8484
12:52:28;633;795;633;;8420
12:52:28;633;795;633;;8492
12:52:29;633;795;633;;8424
12:52:29;633;795;633;;8528
12:52:30;633;795;633;;8400
12:52:30;633;795;633;;8480
12:52:31;633;795;633;;8528
12:52:31;633;795;633;;8480
12:52:32;633;794;633;;8400
12:52:32;633;794;633;;8420
12:52:33;633;794;633;;8428
12:52:33;633;794;633;;8424
12:52:34;633;794;633;;8452
12:52:34;633;794;633;;8452
12:52:35;633;795;633;;8452
12:52:35;633;795;633;;8424
12:52:36;633;794;633;;8452
12:52:36;633;794;633;;8480
12:52:37;633;794;633;;8488
12:52:37;633;794;633;;8428
12:52:38;633;795;633;;8428
12:52:38;633;795;633;;8528
12:52:39;633;795;633;;8424
12:52:39;633;795;633;;8652
12:52:40;633;795;633;;8448
12:52:40;633;795;633;;8456
12:52:41;633;795;633;;8424
12:52:41;633;795;633;;8576
12:52:42;633;796;633;;8452
12:52:42;633;796;633;;8448
12:52:43;633;796;634;;8452
12:52:43;633;796;634;;8424
12:52:44;634;796;634;;8448
12:52:44;634;796;634;;8448
12:52:45;634;797;634;;8424
12:52:45;634;797;634;;8580
12:52:46;634;797;634;;8420
12:52:46;634;797;634;;8396
12:52:47;634;797;634;;8452
12:52:47;634;797;634;;8476
12:52:48;634;798;634;;8420
12:52:48;634;798;634;;8444
12:52:49;634;799;634;;8492
12:52:49;634;799;634;;8448
12:52:50;634;799;634;;8648
12:52:50;634;799;634;;8444
12:52:51;634;798;634;;8444
12:52:51;634;798;634;;8472
12:52:52;634;798;634;;8416
12:52:52;634;798;634;;8420
12:52:53;634;798;634;;8500
12:52:53;634;798;634;;8520
12:52:54;634;798;634;;8448
12:52:54;634;798;634;;8468
12:52:55;634;799;634;;8448
12:52:55;634;799;634;;8504
12:52:56;634;799;635;;8496
12:52:56;634;799;635;;8496
12:52:57;634;799;635;;8700
12:52:57;634;799;635;;8444
12:52:58;634;798;634;;8444
12:52:58;634;798;634;;8496
12:52:59;634;799;634;;8444
12:52:59;634;799;634;;8448
12:53:00;634;799;634;;8420
12:53:01;634;798;634;;8428
12:53:01;634;798;634;;8496
12:53:02;634;798;634;;8504
12:53:02;634;798;634;;8472
12:53:03;634;799;635;;8420
12:53:03;634;799;635;;8496
12:53:04;634;799;635;;8420
12:53:04;634;799;635;;8448
12:53:05;635;799;635;;8420
12:53:05;635;799;635;;8396
12:53:06;635;800;635;;8444
12:53:06;635;800;635;;8448
12:53:07;634;799;635;;8532
12:53:07;634;799;635;;8452
12:53:08;634;798;634;;8472
12:53:08;634;798;634;;8500
12:53:09;634;797;634;;8420
12:53:09;634;797;634;;8496
12:53:10;633;795;633;;8448
12:53:10;633;795;633;;8524
12:53:11;633;793;633;;8448
12:53:11;633;793;633;;8448
12:53:12;633;794;633;;8424
12:53:12;633;794;633;;8504
12:53:13;633;794;633;;8704
12:53:13;633;794;633;;8452
12:53:14;633;795;633;;8476
12:53:14;633;795;633;;8496
12:53:15;633;795;633;;8420
12:53:15;633;795;633;;8552
12:53:16;633;796;633;;8488
12:53:16;633;796;633;;9128
12:53:17;633;796;633;;8572
12:53:17;633;796;633;;8444
12:53:18;633;795;633;;8448
12:53:18;633;795;633;;8396
12:53:19;633;794;633;;8396
12:53:19;633;794;633;;8396
12:53:20;633;795;633;;8400
12:53:20;633;795;633;;8448
12:53:21;633;795;633;;8452
12:53:21;633;795;633;;8444
12:53:22;633;794;633;;8448
12:53:22;633;794;633;;8420
12:53:23;633;794;633;;8448
12:53:23;633;794;633;;8420
12:53:24;633;795;633;;8520
12:53:24;633;795;633;;8496
12:53:25;633;795;633;;8472
12:53:25;633;795;633;;8520
12:53:26;633;795;633;;8420
12:53:26;633;795;633;;8624
12:53:27;633;796;633;;8424
12:53:27;633;796;633;;8420
12:53:28;634;797;634;;8424
12:53:28;634;797;634;;8496
12:53:29;634;797;634;;8400
12:53:29;634;797;634;;8448
12:53:30;634;797;634;;8556
12:53:30;634;797;634;;8480
12:53:31;634;797;634;;8424
12:53:31;634;797;634;;8448
12:53:32;633;795;633;;8444
12:53:32;633;795;633;;8488
12:53:33;633;794;633;;8392
12:53:33;633;794;633;;8420
12:53:34;633;794;633;;8496
12:53:34;633;794;633;;8396
12:53:35;633;794;633;;8424
12:53:35;633;794;633;;8444
12:53:36;633;793;633;;8448
12:53:36;633;793;633;;8416
12:53:37;633;793;633;;8448
12:53:37;633;793;633;;8424
12:53:38;633;794;633;;8448
12:53:38;633;794;633;;8400
12:53:39;633;795;633;;8448
12:53:40;633;795;633;;8448
12:53:40;633;795;633;;8448
12:53:41;633;796;633;;8444
12:53:41;633;796;633;;8524
12:53:42;633;796;634;;8396
12:53:42;633;796;634;;8472
12:53:43;633;795;633;;8448
12:53:43;633;795;633;;8448
12:53:44;633;795;633;;8424
12:53:44;633;795;633;;8448
12:53:45;633;794;633;;8444
12:53:45;633;794;633;;8524
12:53:46;632;793;633;;8448
12:53:46;632;793;633;;8396
12:53:47;632;793;633;;8448
12:53:47;632;793;633;;8424
12:53:48;632;793;633;;8396
12:53:48;632;793;633;;8392
12:53:49;632;792;632;;8420
12:53:49;632;792;632;;8392
12:53:50;632;791;632;;8392
12:53:50;632;791;632;;8524
12:53:51;632;791;632;;8444
12:53:51;632;791;632;;8444
12:53:52;632;791;632;;8392
12:53:52;632;791;632;;8496
12:53:53;632;791;632;;8420
12:53:53;632;791;632;;8548
12:53:54;632;791;632;;8524
12:53:54;632;791;632;;8420
12:53:55;632;792;632;;8548
12:53:55;632;792;632;;8404
12:53:56;632;792;632;;8420
12:53:56;632;792;632;;8448
12:53:57;632;793;633;;8424
12:53:57;632;793;633;;8496
12:53:58;633;794;633;;8424
12:53:58;633;794;633;;8472
12:53:59;633;795;633;;8448
12:53:59;633;795;633;;8552
12:54:00;633;795;633;;8448
12:54:00;633;795;633;;8504
12:54:01;633;795;633;;8424
12:54:01;633;795;633;;8448
12:54:02;633;796;633;;8568
12:54:02;633;796;633;;8648
12:54:03;633;796;633;;8420
12:54:03;633;796;633;;8448
12:54:04;633;795;633;;8444
12:54:04;633;795;633;;8420
12:54:05;633;795;633;;8472
12:54:05;633;795;633;;8420
12:54:06;633;796;634;;8500
12:54:06;633;796;634;;8500
12:54:07;634;797;634;;8496
12:54:07;634;797;634;;8524
12:54:08;634;797;634;;8652
12:54:08;634;797;634;;8448
12:54:09;633;796;634;;8496
12:54:09;633;796;634;;8476
12:54:10;633;796;634;;8504
12:54:10;633;796;634;;8448
12:54:11;633;795;633;;8444
12:54:11;633;795;633;;8488
12:54:12;633;795;633;;8484
12:54:12;633;795;633;;8420
12:54:13;633;795;633;;8448
12:54:13;633;795;633;;8444
12:54:14;633;796;633;;8392
12:54:14;633;796;633;;8488
12:54:15;633;796;633;;8484
12:54:15;633;796;633;;8492
12:54:16;633;796;633;;8472
12:54:16;633;796;633;;8496
12:54:17;633;795;633;;8420
12:54:17;633;795;633;;8520
12:54:18;632;792;632;;8416
12:54:18;632;792;632;;8420
12:54:19;632;791;632;;8672
12:54:20;631;790;632;;8468
12:54:20;631;790;632;;8500
12:54:21;631;790;632;;8468
12:54:21;631;790;632;;8500
12:54:22;632;790;632;;8420
12:54:22;632;790;632;;8496
12:54:23;632;791;632;;8572
12:54:23;632;791;632;;8444
12:54:24;632;793;633;;8444
12:54:24;632;793;633;;8392
12:54:25;633;793;633;;8416
12:54:25;633;793;633;;8416
12:54:26;633;794;633;;8472
12:54:26;633;794;633;;8416
12:54:27;633;795;633;;8444
12:54:27;633;795;633;;8524
12:54:28;633;796;633;;8444
12:54:28;633;796;633;;8676
12:54:29;633;796;633;;8468
12:54:29;633;796;633;;8444
12:54:30;633;796;633;;8424
12:54:30;633;796;633;;8416
12:54:31;633;796;634;;8524
12:54:31;633;796;634;;8420
12:54:32;633;796;634;;8676
12:54:32;633;796;634;;8448
12:54:33;633;796;633;;8424
12:54:33;633;796;633;;8424
12:54:34;633;796;633;;8488
12:54:34;633;796;633;;8500
12:54:35;633;795;633;;8420
12:54:35;633;795;633;;8444
12:54:36;633;794;633;;8420
12:54:36;633;794;633;;8500
12:54:37;633;793;633;;8496
12:54:37;633;793;633;;8500
12:54:38;633;794;633;;8428
12:54:38;633;794;633;;8420
12:54:39;633;794;633;;8452
12:54:39;633;794;633;;8448
12:54:40;633;794;633;;8444
12:54:40;633;794;633;;8420
12:54:41;633;794;633;;8472
12:54:41;633;794;633;;8444
12:54:42;633;795;633;;8472
12:54:42;633;795;633;;8472
12:54:43;633;794;633;;8440
12:54:43;633;794;633;;8444
12:54:44;633;795;633;;8420
12:54:44;633;795;633;;8492
12:54:45;633;796;634;;8416
12:54:45;633;796;634;;8392
12:54:46;633;796;634;;8416
12:54:46;633;796;634;;8492
12:54:47;633;796;633;;8644
12:54:47;633;796;633;;8416
12:54:48;634;797;634;;8444
12:54:48;634;797;634;;8440
12:54:49;634;797;634;;8444
12:54:49;634;797;634;;8392
12:54:50;634;797;634;;8416
12:54:50;634;797;634;;8472
12:54:51;633;796;634;;8524
12:54:51;633;796;634;;8492
12:54:52;633;796;634;;8472
12:54:52;633;796;634;;8604
12:54:53;633;795;633;;8476
12:54:53;633;795;633;;8472
12:54:54;632;793;632;;8420
12:54:54;632;793;632;;8420
12:54:55;632;791;632;;8420
12:54:55;632;791;632;;8500
12:54:56;632;791;632;;8444
12:54:56;632;791;632;;8444
12:54:57;632;791;632;;8468
12:54:57;632;791;632;;8448
12:54:58;632;791;632;;8416
12:54:59;632;791;632;;8420
12:54:59;632;791;632;;8444
12:55:00;632;791;632;;8496
12:55:00;632;791;632;;8444
12:55:01;632;791;632;;8468
12:55:01;632;791;632;;8416
12:55:02;632;792;632;;8416
12:55:02;632;792;632;;8520
12:55:03;632;792;632;;8468
12:55:03;632;792;632;;8424
12:55:04;632;791;632;;8416
12:55:04;632;791;632;;8420
12:55:05;632;791;632;;8420
12:55:05;632;791;632;;8548
12:55:06;632;791;632;;8488
12:55:06;632;791;632;;8496
12:55:07;632;792;632;;8444
12:55:07;632;792;632;;8424
12:55:08;632;792;632;;8444
12:55:08;632;792;632;;8448
12:55:09;632;792;632;;8420
12:55:09;632;792;632;;8448
12:55:10;632;792;632;;8472
12:55:10;632;792;632;;8444
12:55:11;632;791;632;;8420
12:55:11;632;791;632;;8448
12:55:12;632;791;632;;8448
12:55:12;632;791;632;;8480
12:55:13;632;791;632;;8488
12:55:13;632;791;632;;8420
12:55:14;632;792;632;;8448
12:55:14;632;792;632;;8420
12:55:15;632;792;632;;8448
12:55:15;632;792;632;;8396
12:55:16;632;792;632;;8448
12:55:16;632;792;632;;8496
12:55:17;632;793;632;;8444
12:55:17;632;793;632;;8440
12:55:18;632;792;632;;8420
12:55:18;632;792;632;;8420
12:55:19;632;792;632;;8484
12:55:19;632;792;632;;8496
12:55:20;632;793;633;;8392
12:55:20;632;793;633;;8488
12:55:21;633;794;633;;8420
12:55:21;633;794;633;;8444
12:55:22;633;794;633;;8420
12:55:22;633;794;633;;8724
12:55:23;633;795;633;;8484
12:55:23;633;795;633;;8500
12:55:24;633;794;633;;8472
12:55:24;633;794;633;;8396
12:55:25;632;793;633;;8484
12:55:25;632;793;633;;8448
12:55:26;633;794;633;;8420
12:55:26;633;794;633;;8500
12:55:27;633;795;633;;8396
12:55:27;633;795;633;;8484
12:55:28;633;795;633;;8444
12:55:28;633;795;633;;8484
12:55:29;633;794;633;;8420
12:55:29;633;794;633;;8484
12:55:30;633;795;633;;8472
12:55:30;633;795;633;;8420
12:55:31;633;796;633;;8444
12:55:31;633;796;633;;8392
12:55:32;633;796;633;;8448
12:55:32;633;796;633;;8396
12:55:33;633;796;634;;8392
12:55:33;633;796;634;;8420
12:55:34;633;797;634;;8420
12:55:34;633;797;634;;8420
12:55:35;634;797;634;;8392
12:55:35;634;797;634;;8420
12:55:36;633;796;634;;8452
12:55:36;633;796;634;;8500
12:55:37;633;796;633;;8500
12:55:37;633;796;633;;8472
12:55:38;633;795;633;;8492
12:55:39;633;795;633;;8500
12:55:39;633;795;633;;8420
12:55:40;633;795;633;;8420
12:55:40;633;795;633;;8420
12:55:41;633;795;633;;8420
12:55:41;633;795;633;;8420
12:55:42;633;795;633;;8504
12:55:42;633;795;633;;8420
12:55:43;633;795;633;;8472
12:55:43;633;795;633;;8508
12:55:44;633;795;633;;8396
12:55:44;633;795;633;;8468
12:55:45;633;796;633;;8444
12:55:45;633;796;633;;8520
12:55:46;633;795;633;;8548
12:55:46;633;795;633;;8472
12:55:47;633;795;633;;8448
12:55:47;633;795;633;;8472
12:55:48;633;794;633;;8472
12:55:48;633;794;633;;8468
12:55:49;633;794;633;;8472
12:55:49;633;794;633;;8420
12:55:50;633;793;633;;8444
12:55:50;633;793;633;;8472
12:55:51;633;795;633;;8520
12:55:51;633;795;633;;8492
12:55:52;633;795;633;;8444
12:55:52;633;795;633;;8524
12:55:53;633;795;633;;8448
12:55:53;633;795;633;;8448
12:55:54;634;796;634;;8420
12:55:54;634;796;634;;8444
12:55:55;634;798;634;;8572
12:55:55;634;798;634;;8472
12:55:56;634;798;634;;8440
12:55:56;634;798;634;;8544
12:55:57;634;798;634;;8492
12:55:57;634;798;634;;8496
12:55:58;634;799;634;;8472
12:55:58;634;799;634;;8496
12:55:59;634;799;634;;8420
12:55:59;634;799;634;;8420
12:56:00;634;798;634;;8496
12:56:00;634;798;634;;8420
12:56:01;634;798;634;;8420
12:56:01;634;798;634;;8416
12:56:02;634;799;634;;8524
12:56:02;634;799;634;;8548
12:56:03;634;798;634;;8488
12:56:03;634;798;634;;8448
12:56:04;634;797;634;;8476
12:56:04;634;797;634;;8500
12:56:05;634;798;634;;8444
12:56:05;634;798;634;;8444
12:56:06;634;798;634;;8600
12:56:06;634;798;634;;8472
12:56:07;634;798;634;;8548
12:56:07;634;798;634;;8500
12:56:08;634;798;634;;8472
12:56:08;634;798;634;;8448
12:56:09;634;798;634;;8524
12:56:09;634;798;634;;8420
12:56:10;634;798;634;;8472
12:56:10;634;798;634;;8620
12:56:11;634;798;634;;8444
12:56:11;634;798;634;;8488
12:56:12;634;798;634;;8484
12:56:12;634;798;634;;8472
12:56:13;634;798;634;;8472
12:56:13;634;798;634;;8420
12:56:14;634;798;634;;8484
12:56:14;634;798;634;;8500
12:56:15;634;798;634;;8672
12:56:15;634;798;634;;8416
12:56:16;634;799;634;;8496
12:56:16;634;799;634;;8476
12:56:17;634;799;634;;8480
12:56:18;634;798;634;;8420
12:56:18;634;798;634;;8448
12:56:19;634;798;634;;8500
12:56:19;634;798;634;;8496
12:56:20;634;799;634;;8472
12:56:20;634;799;634;;8396
12:56:21;634;798;634;;8452
12:56:21;634;798;634;;8420
12:56:22;634;798;634;;8420
12:56:22;634;798;634;;8468
12:56:23;634;799;634;;8496
12:56:23;634;799;634;;8472
12:56:24;634;798;634;;8468
12:56:24;634;798;634;;8396
12:56:25;634;797;634;;8472
12:56:25;634;797;634;;8444
12:56:26;634;797;634;;8396
12:56:26;634;797;634;;8448
12:56:27;633;797;634;;8672
12:56:27;633;797;634;;8444
12:56:28;633;796;633;;8480
12:56:28;633;796;633;;8448
12:56:29;633;796;633;;8668
12:56:29;633;796;633;;8420
12:56:30;633;797;634;;8420
12:56:30;633;797;634;;8420
12:56:31;634;797;634;;8420
12:56:31;634;797;634;;8420
12:56:32;634;797;634;;8468
12:56:32;634;797;634;;8444
12:56:33;634;798;634;;8520
12:56:33;634;798;634;;8496
12:56:34;634;799;634;;8440
12:56:34;634;799;634;;8480
12:56:35;634;799;634;;8420
12:56:35;634;799;634;;8448
12:56:36;635;800;635;;8548
12:56:36;635;800;635;;8472
12:56:37;635;800;635;;8424
12:56:37;635;800;635;;8548
12:56:38;634;799;634;;8420
12:56:38;634;799;634;;8424
12:56:39;634;798;634;;8548
12:56:39;634;798;634;;8448
12:56:40;634;799;634;;8448
12:56:40;634;799;634;;8488
12:56:41;634;799;635;;8420
12:56:41;634;799;635;;8392
12:56:42;634;799;634;;8444
12:56:42;634;799;634;;8444
12:56:43;634;798;634;;8416
12:56:43;634;798;634;;8420
12:56:44;634;799;634;;8420
12:56:44;634;799;634;;8364
12:56:45;634;799;634;;8444
12:56:45;634;799;634;;8604
12:56:46;634;799;634;;8472
12:56:46;634;799;634;;8416
12:56:47;634;799;634;;8448
12:56:47;634;799;634;;8420
12:56:48;634;798;634;;8548
12:56:48;634;798;634;;8444
12:56:49;634;797;634;;8444
12:56:49;634;797;634;;8484
12:56:50;634;796;634;;8444
12:56:50;634;796;634;;8420
12:56:51;634;797;634;;8472
12:56:51;634;797;634;;8420
12:56:52;634;797;634;;8416
12:56:52;634;797;634;;8648
12:56:53;634;797;634;;8468
12:56:53;634;797;634;;8472
12:56:54;634;797;634;;8444
12:56:54;634;797;634;;8468
12:56:55;634;798;634;;8420
12:56:55;634;798;634;;8444
12:56:56;634;798;634;;8672
12:56:57;634;798;634;;8548
12:56:57;634;798;634;;8500
12:56:58;634;799;634;;8444
12:56:58;634;799;634;;8420
12:56:59;634;799;634;;8424
12:56:59;634;799;634;;8420
12:57:00;634;798;634;;8444
12:57:00;634;798;634;;8424
12:57:01;634;799;634;;8528
12:57:01;634;799;634;;8420
12:57:02;634;798;634;;8424
12:57:02;634;798;634;;8448
12:57:03;634;796;634;;8448
12:57:03;634;796;634;;8444
12:57:04;633;796;633;;8652
12:57:04;633;796;633;;8444
12:57:05;633;797;634;;8500
12:57:05;633;797;634;;8420
12:57:06;634;797;634;;8420
12:57:06;634;797;634;;8420
12:57:07;634;797;634;;8500
12:57:07;634;797;634;;8524
12:57:08;634;797;634;;8468
12:57:08;634;797;634;;8420
12:57:09;634;797;634;;8420
12:57:09;634;797;634;;8444
12:57:10;634;797;634;;8420
12:57:10;634;797;634;;8420
12:57:11;634;798;634;;8500
12:57:11;634;798;634;;8416
12:57:12;634;798;634;;8420
12:57:12;634;798;634;;8420
12:57:13;634;797;634;;8496
12:57:13;634;797;634;;8472
12:57:14;634;797;634;;8484
12:57:14;634;797;634;;8416
12:57:15;634;797;634;;8424
12:57:15;634;797;634;;8444
12:57:16;633;796;634;;8484
12:57:16;633;796;634;;8448
12:57:17;633;796;633;;8424
12:57:17;633;796;633;;8420
12:57:18;633;796;633;;8500
12:57:18;633;796;633;;8444
12:57:19;633;797;634;;8448
12:57:19;633;797;634;;8524
12:57:20;633;796;634;;8420
12:57:20;633;796;634;;8576
12:57:21;633;796;634;;8496
12:57:21;633;796;634;;8448
12:57:22;633;796;634;;8420
12:57:22;633;796;634;;8420
12:57:23;633;797;634;;8500
12:57:23;633;797;634;;8524
12:57:24;633;795;633;;8488
12:57:24;633;795;633;;8392
12:57:25;633;795;633;;8444
12:57:25;633;795;633;;8392
12:57:26;633;796;634;;8420
12:57:26;633;796;634;;8472
12:57:27;633;796;634;;8484
12:57:27;633;796;634;;8420
12:57:28;633;796;633;;8440
12:57:28;633;796;633;;8420
12:57:29;633;796;634;;8396
12:57:29;633;796;634;;8480
12:57:30;634;797;634;;8416
12:57:30;634;797;634;;8444
12:57:31;634;797;634;;8392
12:57:31;634;797;634;;8440
12:57:32;634;798;634;;8420
12:57:32;634;798;634;;8416
12:57:33;634;797;634;;8472
12:57:33;634;797;634;;8416
12:57:34;633;795;633;;8468
12:57:34;633;795;633;;8444
12:57:35;633;794;633;;8444
12:57:35;633;794;633;;8440
12:57:36;633;794;633;;8444
12:57:37;633;795;633;;8444
12:57:37;633;795;633;;8392
12:57:38;633;795;633;;8416
12:57:38;633;795;633;;8484
12:57:39;633;795;633;;8444
12:57:39;633;795;633;;8440
12:57:40;633;797;634;;8444
12:57:40;633;797;634;;8392
12:57:41;633;796;634;;8472
12:57:41;633;796;634;;8444
12:57:42;633;796;634;;8420
12:57:42;633;796;634;;8520
12:57:43;634;797;634;;8488
12:57:43;634;797;634;;8420
12:57:44;634;798;634;;8420
12:57:44;634;798;634;;8576
12:57:45;634;796;634;;8420
12:57:45;634;796;634;;8484
12:57:46;634;797;634;;8424
12:57:46;634;797;634;;8496
12:57:47;634;797;634;;8444
12:57:47;634;797;634;;8484
12:57:48;634;797;634;;8448
12:57:48;634;797;634;;8488
12:57:49;634;798;634;;8448
12:57:49;634;798;634;;8424
12:57:50;634;799;634;;8500
12:57:50;634;799;634;;8448
12:57:51;634;799;634;;8448
12:57:51;634;799;634;;8420
12:57:52;634;799;634;;8472
12:57:52;634;799;634;;8448
12:57:53;634;798;634;;8468
12:57:53;634;798;634;;8496
12:57:54;634;798;634;;8420
12:57:54;634;798;634;;8488
12:57:55;634;797;634;;8444
12:57:55;634;797;634;;8424
12:57:56;633;796;634;;8472
12:57:56;633;796;634;;8524
12:57:57;633;797;634;;8448
12:57:57;633;797;634;;8608
12:57:58;634;797;634;;8496
12:57:58;634;797;634;;8576
12:57:59;634;797;634;;8448
12:57:59;634;797;634;;8504
12:58:00;634;797;634;;8448
12:58:00;634;797;634;;8444
12:58:01;634;798;634;;8428
12:58:01;634;798;634;;8492
12:58:02;634;797;634;;8420
12:58:02;634;797;634;;8444
12:58:03;634;797;634;;8524
12:58:03;634;797;634;;8484
12:58:04;634;798;634;;8448
12:58:04;634;798;634;;8648
12:58:05;634;798;634;;8500
12:58:05;634;798;634;;8396
12:58:06;634;797;634;;8420
12:58:06;634;797;634;;8488
12:58:07;634;797;634;;8424
12:58:07;634;797;634;;8476
12:58:08;634;798;634;;8392
12:58:08;634;798;634;;8444
12:58:09;634;797;634;;8396
12:58:09;634;797;634;;8444
12:58:10;634;798;634;;8476
12:58:10;634;798;634;;8448
12:58:11;634;798;634;;8396
12:58:11;634;798;634;;8424
12:58:12;634;797;634;;8448
12:58:12;634;797;634;;8452
12:58:13;633;795;633;;8472
12:58:13;633;795;633;;8420
12:58:14;633;795;633;;8420
12:58:14;633;795;633;;8468
12:58:15;633;795;633;;8484
12:58:16;633;794;633;;8496
12:58:16;633;794;633;;8424
12:58:17;633;794;633;;8440
12:58:17;633;794;633;;8444
12:58:18;633;794;633;;8420
12:58:18;633;794;633;;8420
12:58:19;633;794;633;;8420
12:58:19;633;794;633;;8420
12:58:20;633;794;633;;8420
12:58:20;633;794;633;;8424
12:58:21;633;795;633;;8472
12:58:21;633;795;633;;8400
12:58:22;633;795;633;;8476
12:58:22;633;795;633;;8528
12:58:23;633;795;633;;8488
12:58:23;633;795;633;;8496
12:58:24;633;795;633;;8420
12:58:24;633;795;633;;8420
12:58:25;633;796;633;;8472
12:58:25;633;796;633;;8488
12:58:26;633;796;634;;8520
12:58:26;633;796;634;;8528
12:58:27;633;796;634;;8444
12:58:27;633;796;634;;8496
12:58:28;633;796;634;;8424
12:58:28;633;796;634;;8424
12:58:29;633;796;634;;8496
12:58:29;633;796;634;;8476
12:58:30;633;795;633;;8524
12:58:30;633;795;633;;8448
12:58:31;633;794;633;;8524
12:58:31;633;794;633;;8444
12:58:32;633;794;633;;8472
12:58:32;633;794;633;;8448
12:58:33;633;794;633;;8496
12:58:33;633;794;633;;8444
12:58:34;633;794;633;;8448
12:58:34;633;794;633;;8448
12:58:35;633;795;633;;8448
12:58:35;633;795;633;;8444
12:58:36;632;793;633;;8448
12:58:36;632;793;633;;8548
12:58:37;632;791;632;;8500
12:58:37;632;791;632;;8452
12:58:38;632;790;632;;8420
12:58:38;632;790;632;;8448
12:58:39;632;791;632;;8524
12:58:39;632;791;632;;8472
12:58:40;632;791;632;;8524
12:58:40;632;791;632;;8448
12:58:41;631;788;631;;8424
12:58:41;631;788;631;;8448
12:58:42;631;788;631;;8444
12:58:42;631;788;631;;8600
12:58:43;631;789;631;;8448
12:58:43;631;789;631;;8448
12:58:44;631;789;631;;8392
12:58:44;631;789;631;;8492
12:58:45;631;790;631;;8424
12:58:45;631;790;631;;8420
12:58:46;631;790;632;;8488
12:58:46;631;790;632;;8420
12:58:47;631;790;632;;8420
12:58:47;631;790;632;;8420
12:58:48;632;790;632;;8444
12:58:48;632;790;632;;8448
12:58:49;632;791;632;;8400
12:58:49;632;791;632;;8424
12:58:50;632;791;632;;8448
12:58:50;632;791;632;;8420
12:58:51;632;790;632;;8500
12:58:51;632;790;632;;8500
12:58:52;632;791;632;;8548
12:58:52;632;791;632;;8420
12:58:53;632;792;632;;8448
12:58:53;632;792;632;;8496
12:58:54;632;792;632;;8444
12:58:54;632;792;632;;8472
12:58:55;632;792;632;;8520
12:58:56;632;792;632;;8420
12:58:56;632;792;632;;8496
12:58:57;632;793;632;;8412
12:58:57;632;793;632;;8448
12:58:58;632;792;632;;8472
12:58:58;632;792;632;;8420
12:58:59;632;793;633;;8396
12:58:59;632;793;633;;8520
12:59:00;633;794;633;;8472
12:59:00;633;794;633;;8548
12:59:01;633;795;633;;8444
12:59:01;633;795;633;;8472
12:59:02;633;794;633;;8444
12:59:02;633;794;633;;8472
12:59:03;633;795;633;;8444
12:59:03;633;795;633;;8416
12:59:04;633;796;633;;8420
12:59:04;633;796;633;;8492
12:59:05;633;795;633;;8468
12:59:05;633;795;633;;8420
12:59:06;633;796;633;;8416
12:59:06;633;796;633;;8548
12:59:07;633;796;634;;8472
12:59:07;633;796;634;;8480
12:59:08;633;796;633;;8548
12:59:08;633;796;633;;8416
12:59:09;633;796;634;;8416
12:59:09;633;796;634;;8416
12:59:10;634;797;634;;8496
12:59:10;634;797;634;;8416
12:59:11;633;796;633;;8416
12:59:11;633;796;633;;8444
12:59:12;633;795;633;;8488
12:59:12;633;795;633;;8444
12:59:13;633;794;633;;8468
12:59:13;633;794;633;;8468
12:59:14;633;795;633;;8472
12:59:14;633;795;633;;8448
12:59:15;633;794;633;;8392
12:59:15;633;794;633;;8444
12:59:16;633;795;633;;8484
12:59:16;633;795;633;;8416
12:59:17;633;797;634;;8476
12:59:17;633;797;634;;8444
12:59:18;634;797;634;;8444
12:59:18;634;797;634;;8476
12:59:19;634;797;634;;8472
12:59:19;634;797;634;;8420
12:59:20;634;798;634;;8476
12:59:20;634;798;634;;8496
12:59:21;634;798;634;;8600
12:59:21;634;798;634;;8528
12:59:22;634;798;634;;8392
12:59:22;634;798;634;;8420
12:59:23;634;797;634;;8448
12:59:23;634;797;634;;8472
12:59:24;633;796;634;;8444
12:59:24;633;796;634;;8448
12:59:25;633;795;633;;8444
12:59:25;633;795;633;;8420
12:59:26;633;794;633;;8472
12:59:26;633;794;633;;8472
12:59:27;633;794;633;;8472
12:59:27;633;794;633;;8524
12:59:28;633;794;633;;8500
12:59:28;633;794;633;;8496
12:59:29;632;794;633;;8420
12:59:29;632;794;633;;8420
12:59:30;633;793;633;;8472
12:59:30;633;793;633;;8488
12:59:31;633;794;633;;8452
12:59:31;633;794;633;;8420
12:59:32;633;794;633;;8444
12:59:32;633;794;633;;8424
12:59:33;633;794;633;;8444
12:59:33;633;794;633;;8392
12:59:34;632;792;632;;8476
12:59:34;632;792;632;;8472
12:59:35;632;792;632;;8396
12:59:36;632;793;633;;8444
12:59:36;632;793;633;;8420
12:59:37;633;794;633;;8472
12:59:37;633;794;633;;8484
12:59:38;633;795;633;;8480
12:59:38;633;795;633;;8396
12:59:39;633;795;633;;8472
12:59:39;633;795;633;;8420
12:59:40;633;794;633;;8504
12:59:40;633;794;633;;8420
12:59:41;633;795;633;;8396
12:59:41;633;795;633;;8420
12:59:42;633;794;633;;8424
12:59:42;633;794;633;;8420
12:59:43;632;792;632;;8448
12:59:43;632;792;632;;8392
12:59:44;631;790;631;;8424
12:59:44;631;790;631;;8496
12:59:45;631;789;631;;8420
12:59:45;631;789;631;;8420
12:59:46;631;789;631;;8476
12:59:46;631;789;631;;8420
12:59:47;631;790;631;;8488
12:59:47;631;790;631;;8444
12:59:48;631;790;632;;8444
12:59:48;631;790;632;;8420
12:59:49;632;791;632;;8416
12:59:49;632;791;632;;8444
12:59:50;632;791;632;;8624
12:59:50;632;791;632;;8468
12:59:51;632;792;632;;8444
12:59:51;632;792;632;;8520
12:59:52;632;793;633;;8468
12:59:52;632;793;633;;8484
12:59:53;632;793;633;;8416
12:59:53;632;793;633;;8444
12:59:54;633;793;633;;8416
12:59:54;633;793;633;;8416
12:59:55;632;793;633;;8444
12:59:55;632;793;633;;8520
12:59:56;632;793;632;;8444
12:59:56;632;793;632;;8448
12:59:57;632;793;632;;8416
12:59:57;632;793;632;;8524
12:59:58;633;794;633;;8392
12:59:58;633;794;633;;8484
12:59:59;633;795;633;;8472
12:59:59;633;795;633;;8572
