16:23:01;554;621;563;
16:23:02;566;632;569;
16:23:03;569;634;570;
16:23:04;572;638;572;
16:23:05;573;640;573;
16:23:06;574;642;574;
16:23:07;574;643;574;
16:23:08;574;644;575;
16:23:09;575;645;575;
16:23:10;576;646;576;
16:23:11;576;647;576;
16:23:12;576;648;576;
16:23:13;577;648;577;
16:23:14;577;649;577;
16:23:15;577;650;577;
16:23:16;577;650;578;
16:23:17;578;651;578;
16:23:18;578;652;578;
16:23:19;578;652;579;
16:23:20;579;653;579;
16:23:21;579;654;579;
16:23:22;579;654;579;
16:23:23;579;655;580;
16:23:24;580;655;580;
16:23:25;580;656;580;
16:23:26;580;656;580;
16:23:27;580;657;581;
16:23:28;581;657;581;
16:23:29;581;658;581;
16:23:30;581;658;581;
16:23:31;581;658;581;
16:23:32;581;659;581;
16:23:33;582;659;582;
16:23:34;582;660;582;
16:23:35;582;660;582;
16:23:36;582;660;582;
16:23:37;582;661;582;
16:23:38;582;661;583;
16:23:39;583;662;583;
16:23:40;583;662;583;
16:23:41;583;663;583;
16:23:42;583;663;583;
16:23:43;584;664;584;
16:23:44;584;664;584;
16:23:45;584;664;584;
16:23:46;584;665;584;
16:23:47;584;665;584;
16:23:48;585;666;585;
16:23:49;585;667;585;
16:23:50;585;667;585;
16:23:51;585;667;585;
16:23:52;585;668;585;
16:23:53;586;668;586;
16:23:54;586;668;586;
16:23:55;586;669;586;
16:23:56;586;669;586;
16:23:57;586;670;586;
16:23:58;587;671;587;
16:23:59;587;671;587;
16:24:00;587;671;587;
16:24:01;587;672;587;
16:24:02;587;671;587;
16:24:03;587;672;587;
16:24:04;587;672;587;
16:24:05;588;673;588;
16:24:06;588;673;588;
16:24:07;588;673;588;
16:24:08;588;673;588;
16:24:09;588;674;588;
16:24:10;588;675;589;
16:24:11;588;674;588;
16:24:12;589;675;589;
16:24:13;589;676;589;
16:24:14;589;676;589;
16:24:15;589;676;589;
16:24:16;589;677;589;
16:24:17;590;677;590;
16:24:18;590;677;590;
16:24:19;590;678;590;
16:24:20;590;678;590;
16:24:21;590;679;590;
16:24:22;590;679;590;
16:24:23;591;679;591;
16:24:24;591;680;591;
16:24:25;591;680;591;
16:24:26;591;681;591;
16:24:27;591;681;591;
16:24:28;591;681;591;
16:24:29;591;681;591;
16:24:30;591;682;591;
16:24:31;591;682;591;
16:24:32;592;682;592;
16:24:33;592;682;592;
16:24:34;592;683;592;
16:24:35;592;683;592;
16:24:36;592;683;592;
16:24:37;592;683;592;
16:24:38;592;684;592;
16:24:39;592;684;592;
16:24:40;592;684;592;
16:24:41;593;685;593;
16:24:42;593;685;593;
16:24:43;593;685;593;
16:24:44;593;686;593;
16:24:45;593;686;593;
16:24:46;593;686;593;
16:24:47;593;686;593;
16:24:48;593;686;593;
16:24:49;593;686;593;
16:24:50;593;686;593;
16:24:51;593;686;593;
16:24:52;593;687;594;
16:24:53;594;687;594;
16:24:54;594;687;594;
16:24:55;594;688;594;
16:24:56;594;688;594;
16:24:57;594;688;594;
16:24:58;594;688;594;
16:24:59;594;689;594;
16:25:00;595;689;595;
16:25:01;595;690;595;
16:25:02;595;690;595;
16:25:03;595;689;595;
16:25:04;595;690;595;
16:25:05;595;690;595;
16:25:06;595;690;595;
16:25:07;595;690;595;
16:25:08;595;690;595;
16:25:09;595;691;595;
16:25:10;595;691;596;
16:25:11;595;691;596;
16:25:12;595;692;596;
16:25:13;596;692;596;
16:25:14;596;692;596;
16:25:15;596;692;596;
16:25:16;595;691;596;
16:25:17;596;692;596;
16:25:18;596;693;596;
16:25:19;596;692;596;
16:25:20;596;692;596;
16:25:21;596;693;596;
16:25:22;596;693;596;
16:25:23;596;694;597;
16:25:24;596;694;597;
16:25:25;597;695;597;
16:25:26;597;695;597;
16:25:27;597;695;597;
16:25:28;597;694;597;
16:25:29;596;694;596;
16:25:30;597;694;597;
16:25:31;597;694;597;
16:25:32;596;694;596;
16:25:33;596;694;597;
16:25:34;596;694;596;
16:25:35;596;694;596;
16:25:36;596;694;596;
16:25:37;596;694;596;
16:25:38;596;694;597;
16:25:39;597;695;597;
16:25:40;597;695;597;
16:25:41;597;696;597;
16:25:42;597;694;597;
16:25:43;596;692;596;
16:25:44;595;691;595;
16:25:45;595;691;595;
16:25:46;595;690;595;
16:25:47;595;690;595;
16:25:48;595;691;595;
16:25:49;595;691;595;
16:25:50;596;694;596;
16:25:51;597;696;597;
16:25:52;597;696;597;
16:25:53;597;695;597;
16:25:54;596;694;597;
16:25:55;597;695;597;
16:25:56;597;695;597;
16:25:57;597;695;597;
16:25:58;597;695;597;
16:25:59;597;696;597;
16:26:00;597;695;597;
16:26:01;597;695;597;
16:26:02;597;696;597;
16:26:03;597;696;597;
16:26:04;597;696;597;
16:26:05;597;696;597;
16:26:06;597;696;597;
16:26:07;597;696;597;
16:26:08;597;696;597;
16:26:09;597;696;597;
16:26:10;597;696;597;
16:26:11;597;696;597;
16:26:12;597;696;597;
16:26:13;597;696;597;
16:26:14;597;697;598;
16:26:15;597;696;597;
16:26:16;597;696;597;
16:26:17;596;692;596;
16:26:18;596;694;597;
16:26:19;597;695;597;
16:26:20;597;695;597;
16:26:21;597;695;597;
16:26:22;596;694;596;
16:26:23;596;692;596;
16:26:24;596;692;596;
16:26:25;595;691;595;
16:26:26;595;690;595;
16:26:27;591;669;586;
16:31:41;571;649;576;
16:31:42;573;641;573;
16:31:43;574;643;574;
16:31:44;575;646;576;
16:31:45;576;648;576;
16:31:46;577;650;578;
16:31:47;578;652;578;
16:31:48;579;654;579;
16:31:49;580;656;580;
16:31:50;581;658;581;
16:31:51;582;660;582;
16:31:52;582;662;583;
16:31:53;583;663;583;
16:31:54;583;664;584;
16:31:55;584;665;584;
16:31:56;585;666;585;
16:31:57;585;668;585;
16:31:58;585;668;586;
16:31:59;586;669;586;
16:32:00;586;670;586;
16:32:01;587;671;587;
16:32:02;587;672;587;
16:32:03;587;673;587;
16:32:04;588;673;588;
16:32:05;588;674;588;
16:32:06;588;675;588;
16:32:07;589;675;589;
16:32:08;589;676;589;
16:32:09;589;677;589;
16:32:10;588;673;588;
16:32:11;587;673;587;
16:32:12;587;672;587;
16:32:13;587;671;587;
16:32:14;587;671;587;
16:32:15;587;671;587;
16:32:16;587;671;587;
16:32:17;587;671;587;
16:32:18;587;671;587;
16:32:19;587;671;587;
16:32:20;587;672;587;
16:32:21;587;672;587;
16:32:22;587;671;587;
16:32:23;587;671;587;
16:32:24;587;671;587;
16:32:25;587;672;587;
16:32:26;587;672;587;
16:32:27;587;672;587;
16:32:28;587;672;587;
16:32:29;587;672;587;
16:32:30;588;673;588;
16:32:31;588;673;588;
16:32:32;588;674;588;
16:32:33;588;674;588;
16:32:34;588;675;588;
16:32:35;589;676;589;
16:32:36;589;677;589;
16:32:37;589;677;589;
16:32:38;589;677;589;
16:32:39;589;676;589;
16:32:40;589;676;589;
16:32:41;589;675;589;
16:32:42;589;676;589;
16:32:43;589;676;589;
16:32:44;589;676;589;
16:32:45;589;677;589;
16:32:46;589;676;589;
16:32:47;589;676;589;
16:32:48;589;677;589;
16:32:49;589;677;589;
16:32:50;589;677;589;
16:32:51;589;678;590;
16:32:52;589;678;590;
16:32:53;590;679;590;
16:32:54;590;679;590;
16:32:55;590;680;590;
16:32:56;590;680;590;
16:32:57;590;679;590;
16:32:58;590;679;590;
16:32:59;591;681;591;
16:33:00;591;681;591;
16:33:01;591;681;591;
16:33:02;590;679;590;
16:33:03;590;679;590;
16:33:04;590;679;590;
16:33:05;590;679;590;
16:33:06;590;680;590;
16:33:07;591;680;591;
16:33:08;591;681;591;
16:33:09;591;680;591;
16:33:10;591;680;591;
16:33:11;591;681;591;
16:33:12;591;681;591;
16:33:13;591;681;591;
16:33:14;591;681;591;
16:33:15;591;681;591;
16:33:16;591;681;591;
16:33:17;591;681;591;
16:33:18;591;681;591;
16:33:19;591;681;591;
16:33:20;591;681;591;
16:33:21;591;682;591;
16:33:22;591;682;591;
16:33:23;591;681;591;
16:33:24;591;680;591;
16:33:25;591;680;591;
16:33:26;590;680;590;
16:33:27;590;679;590;
16:33:28;590;679;590;
16:33:29;590;680;591;
16:33:30;590;679;590;
16:33:31;590;679;590;
16:33:32;590;679;590;
16:33:33;590;679;590;
16:33:34;590;679;590;
16:33:35;590;679;590;
16:33:36;590;680;590;
16:33:37;590;679;590;
16:33:38;590;679;590;
16:33:39;590;680;590;
16:33:40;590;680;590;
16:33:41;591;680;591;
16:33:42;591;681;591;
16:33:43;591;682;591;
16:33:44;591;681;591;
16:33:45;591;681;591;
16:33:46;591;682;591;
16:33:47;591;682;591;
16:33:48;591;681;591;
16:33:49;591;681;591;
16:33:50;591;681;591;
16:33:51;591;682;591;
16:33:52;591;682;591;
16:33:53;591;682;591;
16:33:54;591;682;592;
16:33:55;592;684;592;
16:33:56;592;684;592;
16:33:57;592;685;593;
16:33:58;592;685;593;
16:33:59;592;685;593;
16:34:00;593;685;593;
16:34:01;593;685;593;
16:34:02;593;685;593;
16:34:03;592;685;593;
16:34:04;593;686;593;
16:34:05;593;686;593;
16:34:06;593;686;593;
16:34:07;593;687;593;
16:34:08;593;687;593;
16:34:09;593;687;594;
16:34:10;594;688;594;
16:34:11;594;689;594;
16:34:12;594;689;594;
16:34:13;594;689;594;
16:34:14;594;689;594;
16:34:15;594;690;595;
16:34:16;594;690;594;
16:34:17;594;690;595;
16:34:18;594;690;594;
16:34:19;594;689;594;
16:34:20;594;690;595;
16:34:21;594;689;594;
16:34:22;594;689;594;
16:34:23;594;689;594;
16:34:24;594;689;594;
16:34:25;594;690;595;
16:34:26;594;689;594;
16:34:27;594;690;595;
16:34:28;594;690;594;
16:34:29;594;690;594;
16:34:30;594;690;594;
16:34:31;594;690;594;
16:34:32;594;690;595;
16:34:33;594;690;595;
16:34:34;594;690;594;
16:34:35;595;691;595;
16:34:36;595;690;595;
16:34:37;595;691;595;
16:34:38;595;691;595;
16:34:39;595;690;595;
16:34:40;595;691;595;
16:34:41;595;691;595;
16:34:42;595;691;595;
16:34:43;595;691;595;
16:34:44;595;691;595;
16:34:45;595;691;595;
16:34:46;595;691;595;
16:34:47;595;691;595;
16:34:48;595;691;595;
16:34:49;595;691;595;
16:34:50;595;691;595;
16:34:51;595;690;595;
16:34:52;595;691;595;
16:34:53;595;691;595;
16:34:54;595;691;595;
16:34:55;595;691;595;
16:34:56;595;691;595;
16:34:57;595;691;595;
16:34:58;595;691;595;
16:34:59;595;692;595;
16:35:00;595;692;595;
16:35:01;595;692;595;
16:35:02;595;692;595;
16:35:03;596;694;596;
16:35:04;596;693;596;
16:35:05;596;694;596;
16:35:06;596;694;596;
16:35:07;596;694;596;
16:35:08;596;694;596;
16:35:09;596;694;596;
16:35:10;596;694;596;
16:35:11;596;694;596;
16:35:12;596;694;596;
16:35:13;596;694;596;
16:35:14;596;694;596;
16:35:15;596;694;596;
16:35:16;596;694;596;
16:35:17;596;695;596;
16:35:18;596;694;596;
16:35:19;596;694;596;
16:35:20;596;694;596;
16:35:21;596;695;596;
16:35:22;596;694;596;
16:35:23;596;695;597;
16:35:24;597;695;597;
16:35:25;597;696;597;
16:35:26;596;695;597;
16:35:27;596;695;597;
16:35:28;596;695;596;
16:35:29;596;694;596;
16:35:30;596;694;596;
16:35:31;596;694;596;
16:35:32;596;693;596;
16:35:33;596;693;596;
16:35:34;596;694;596;
16:35:35;596;693;596;
16:35:36;596;693;596;
16:35:37;596;694;596;
16:35:38;596;694;596;
16:35:39;596;694;596;
16:35:40;596;694;596;
16:35:41;596;694;596;
16:35:42;596;695;597;
16:35:43;596;695;596;
16:35:44;596;695;597;
16:35:45;597;696;597;
16:35:46;597;697;597;
16:35:47;597;697;597;
16:35:48;597;696;597;
16:35:49;597;696;597;
16:35:50;597;696;597;
16:35:51;597;696;597;
16:35:52;597;696;597;
16:35:53;597;696;597;
16:35:54;597;696;597;
16:35:55;597;696;597;
16:35:56;597;696;597;
16:35:57;597;696;597;
16:35:58;597;696;597;
16:35:59;597;696;597;
16:36:00;597;696;597;
16:36:01;597;697;597;
16:36:02;597;696;597;
16:36:03;597;697;597;
16:36:04;597;696;597;
16:36:05;597;697;597;
16:36:06;597;697;597;
16:36:07;597;697;597;
16:36:08;597;697;597;
16:36:09;597;697;597;
16:36:10;597;697;597;
16:36:11;597;697;597;
16:36:12;597;697;597;
16:36:13;597;697;597;
16:36:14;597;696;597;
16:36:15;597;697;597;
16:36:16;597;696;597;
16:36:17;597;695;597;
16:36:18;597;696;597;
16:36:19;596;695;597;
16:36:20;596;695;596;
16:36:21;596;695;596;
16:36:22;596;694;596;
16:36:23;596;695;596;
16:36:24;596;694;596;
16:36:25;596;695;597;
16:36:26;596;695;596;
16:36:27;597;695;597;
16:36:28;597;695;597;
16:36:29;597;696;597;
16:36:30;597;696;597;
16:36:31;597;696;597;
16:36:32;597;696;597;
16:36:33;597;696;597;
16:36:34;597;695;597;
16:36:35;597;696;597;
16:36:36;597;696;597;
16:36:37;597;696;597;
16:36:38;597;696;597;
16:36:39;597;696;597;
16:36:40;597;696;597;
16:36:41;596;695;596;
16:36:42;596;694;596;
16:36:43;596;694;596;
16:36:44;596;693;596;
16:36:45;596;693;596;
16:36:46;596;693;596;
16:36:47;596;693;596;
16:36:48;595;693;596;
16:36:49;596;693;596;
16:36:50;595;693;596;
16:36:51;595;692;595;
16:36:52;595;693;595;
16:36:53;595;692;595;
16:36:54;596;693;596;
16:36:55;595;692;595;
16:36:56;596;693;596;
16:36:57;595;693;596;
16:36:58;595;693;596;
16:36:59;595;692;595;
16:37:00;596;693;596;
16:37:01;595;693;596;
16:37:02;595;693;595;
16:37:03;595;692;595;
16:37:04;596;693;596;
16:37:05;596;693;596;
16:37:06;596;694;596;
16:37:07;596;694;596;
16:37:08;596;694;596;
16:37:09;596;695;596;
16:37:10;596;695;597;
16:37:11;597;696;597;
16:37:12;596;695;596;
16:37:13;596;695;596;
16:37:14;596;694;596;
16:37:15;596;695;597;
16:37:16;596;694;596;
16:37:17;596;695;596;
16:37:18;596;695;597;
16:37:19;597;695;597;
16:37:21;598;755;616;
16:37:23;598;720;608;
16:37:25;597;713;606;
16:37:26;597;672;591;
16:37:28;598;670;590;
16:37:29;597;674;591;
16:37:31;598;689;596;
16:37:32;597;654;583;
16:37:34;598;641;575;
16:37:35;599;732;609;
16:37:37;598;740;612;
16:37:39;598;716;606;
16:37:40;599;689;594;
16:37:42;597;672;590;
16:37:43;598;766;618;
16:37:45;598;661;584;
16:37:46;598;667;588;
16:37:48;597;741;615;
16:37:49;598;728;607;
16:37:51;598;686;593;
16:37:53;598;640;575;
16:37:54;598;648;578;
16:37:56;597;651;581;
16:37:57;599;682;591;
16:37:59;597;672;590;
16:38:01;598;699;598;
16:38:02;599;714;606;
16:38:04;599;702;602;
16:38:05;600;656;581;
16:38:07;600;648;578;
16:38:11;600;653;583;
16:38:12;600;722;606;
16:38:14;600;714;603;
16:38:17;601;704;599;
16:38:18;600;642;577;
16:38:20;599;676;591;
16:38:22;599;708;604;
16:38:25;599;752;618;
16:38:26;600;775;622;
16:38:28;600;714;603;
16:38:30;601;703;599;
16:38:31;600;652;580;
16:38:33;600;652;579;
16:38:34;600;645;577;
16:38:36;600;661;586;
16:38:37;599;687;596;
16:38:39;600;712;605;
16:38:40;599;711;605;
16:38:42;599;660;585;
16:38:43;600;726;610;
16:38:45;600;697;597;
16:38:47;599;754;619;
16:38:48;600;692;595;
16:38:50;599;753;619;
16:38:51;600;693;598;
16:38:53;599;770;621;
16:38:54;599;726;610;
16:38:56;599;656;581;
16:38:57;600;754;619;
16:38:59;599;753;619;
16:39:01;599;663;587;
16:39:02;599;653;582;
16:39:04;599;703;602;
16:39:05;599;705;602;
16:39:07;600;654;583;
16:39:08;600;682;594;
16:39:10;600;758;617;
16:39:11;601;696;596;
16:39:13;600;649;580;
16:39:15;600;742;615;
16:39:16;599;758;620;
16:39:18;599;658;584;
16:39:19;600;679;590;
16:39:21;599;644;578;
16:39:22;599;651;581;
16:39:24;600;717;604;
16:39:25;599;769;624;
16:39:27;600;775;625;
16:39:28;600;700;601;
16:39:30;600;763;619;
16:39:32;599;638;576;
16:39:33;599;684;595;
16:39:35;600;661;583;
16:39:36;599;730;611;
16:39:38;600;736;610;
16:39:39;599;648;580;
16:39:41;599;691;597;
16:39:42;600;767;620;
16:39:44;600;645;579;
16:39:46;599;674;591;
16:39:47;600;773;625;
16:39:49;600;661;583;
16:39:50;600;664;587;
16:39:52;599;692;598;
16:39:53;600;694;596;
16:39:55;600;647;577;
16:39:56;599;764;622;
16:39:58;600;655;581;
16:40:01;599;702;599;
16:40:02;599;771;624;
16:40:04;600;768;624;
16:40:05;599;752;619;
16:40:07;599;698;600;
16:40:08;598;700;598;
16:40:09;598;701;598;
16:40:10;599;702;599;
16:40:11;600;767;623;
16:40:13;600;761;618;
16:40:14;601;741;612;
16:40:16;601;753;616;
16:40:24;576;687;594;
16:40:26;596;698;597;
16:40:27;595;640;574;
16:40:29;597;657;584;
16:40:30;608;709;605;
16:40:32;597;639;576;
16:40:33;597;645;578;
16:40:35;597;735;613;
16:40:36;599;677;589;
16:40:38;598;705;603;
16:40:39;598;743;615;
16:40:41;599;666;585;
16:40:43;598;773;622;
16:40:44;598;645;577;
16:40:46;598;677;592;
16:40:47;599;681;591;
16:40:49;598;669;586;
16:40:50;599;646;579;
16:40:52;598;688;596;
16:40:53;598;758;620;
16:40:55;599;655;581;
16:40:57;598;644;576;
16:40:58;599;695;596;
16:41:01;597;698;598;
16:41:02;599;747;617;
16:41:04;599;762;619;
16:41:05;599;662;584;
16:41:07;598;663;586;
16:41:08;598;770;624;
16:41:10;599;645;576;
16:41:11;599;756;617;
16:41:13;598;639;574;
16:41:14;599;647;580;
16:41:16;598;652;582;
16:41:19;598;708;604;
16:41:21;599;706;600;
16:41:22;599;785;627;
16:41:24;599;765;622;
16:41:25;599;664;584;
16:41:27;598;726;610;
16:41:28;599;637;573;
16:41:30;599;709;601;
16:41:31;599;753;615;
16:41:33;599;759;617;
16:41:35;599;747;617;
16:41:36;598;663;586;
16:41:38;599;672;587;
16:41:39;599;777;626;
16:41:41;599;714;603;
16:41:42;601;672;588;
16:41:44;600;654;581;
16:41:45;600;683;591;
16:41:47;599;662;583;
16:41:48;599;647;580;
16:41:50;599;664;587;
16:41:52;599;679;593;
16:41:53;599;663;587;
16:41:55;599;754;619;
16:41:56;599;705;603;
16:41:58;598;641;577;
16:41:59;598;699;598;
16:42:00;599;701;599;
16:42:01;599;702;599;
16:42:02;599;701;599;
16:42:03;599;702;599;
16:42:04;599;702;599;
16:42:05;599;701;599;
16:42:06;598;700;598;
16:42:07;599;701;599;
16:42:08;599;702;599;
16:42:09;599;702;599;
16:42:10;599;701;599;
16:42:11;599;702;599;
16:42:12;599;702;599;
16:42:13;599;702;599;
16:42:14;599;702;599;
16:42:15;599;702;599;
16:42:16;599;701;599;
16:42:17;599;701;599;
16:42:18;599;701;599;
16:42:19;599;702;599;
16:42:20;599;702;599;
16:42:21;599;701;599;
16:42:22;599;701;599;
16:42:23;599;701;599;
16:42:24;598;701;599;
16:42:25;599;701;599;
16:42:26;599;702;599;
16:42:27;599;702;599;
16:42:44;599;702;599;;2484
16:42:44;599;702;599;;652
16:42:45;599;702;599;;2436
16:42:45;599;702;599;;3308
16:42:46;599;702;599;;11736
16:42:46;599;702;599;;10412
16:42:47;599;702;599;;3940
16:42:47;599;702;599;;8352
16:42:51;599;702;599;;7464
16:42:51;599;702;599;;9228
16:42:52;599;701;599;;9132
16:42:52;599;701;599;;4268
16:42:53;599;701;599;;9156
16:42:53;599;701;599;;4332
16:42:54;600;703;600;;4460
16:42:54;600;703;600;;9324
16:42:55;599;703;599;;2820
16:42:55;599;703;599;;2872
16:42:56;599;701;599;;8448
16:42:56;599;701;599;;6404
16:42:57;599;701;599;;2796
16:42:57;599;701;599;;2720
16:42:58;599;701;599;;2848
16:42:58;599;701;599;;2780
16:42:59;599;703;599;;2836
16:42:59;599;703;599;;2884
16:43:00;599;703;599;;6576
16:43:00;599;703;599;;6468
16:43:01;599;703;599;;2920
16:43:01;599;703;599;;2980
16:43:02;599;703;600;;9188
16:43:02;599;703;600;;6360
16:43:03;599;703;599;;6528
16:43:03;599;703;599;;10464
16:43:04;599;702;599;;6460
16:43:04;599;702;599;;11308
16:43:05;599;703;599;;6444
16:43:05;599;703;599;;11504
16:43:06;599;703;599;;6540
16:43:06;599;703;599;;6756
16:43:07;599;704;600;;6436
16:43:07;599;704;600;;2968
16:43:08;599;703;599;;6368
16:43:08;599;703;599;;6496
16:43:09;599;703;599;;3676
16:43:09;599;703;599;;6784
16:43:10;599;703;600;;6320
16:43:10;599;703;600;;6148
16:43:11;599;703;599;;7116
16:43:11;599;703;599;;8596
16:43:12;599;703;599;;8548
16:43:12;599;703;599;;8424
16:43:13;599;703;599;;4052
16:43:13;599;703;599;;5540
16:43:14;599;704;600;;11100
16:43:14;599;704;600;;9288
16:43:15;599;703;599;;9160
16:43:15;599;703;599;;9228
16:43:16;599;703;599;;9184
16:43:16;599;703;599;;9160
16:43:17;599;702;599;;9180
16:43:17;599;702;599;;9156
16:43:18;599;701;599;;9108
16:43:18;599;701;599;;9228
16:43:19;599;701;599;;11652
16:43:19;599;701;599;;9200
16:43:20;598;701;599;;9348
16:43:20;598;701;599;;11628
16:43:21;598;700;598;;11480
16:43:21;598;700;598;;9164
16:43:22;598;700;598;;9260
16:43:22;598;700;598;;11720
16:43:23;598;700;598;;11644
16:43:23;598;700;598;;10996
16:43:24;598;700;598;;10792
16:43:24;598;700;598;;10240
16:43:25;598;700;598;;10820
16:43:25;598;700;598;;8080
16:43:26;598;701;598;;10280
16:43:26;598;701;598;;10504
16:43:27;599;701;599;;11108
16:43:28;598;701;599;;10360
16:43:28;598;701;599;;11452
16:43:29;599;701;599;;11900
16:43:29;599;701;599;;8196
16:43:30;599;703;599;;11640
16:43:30;599;703;599;;10556
16:43:31;598;700;598;;11568
16:43:31;598;700;598;;10960
16:43:32;598;699;598;;11160
16:43:32;598;699;598;;10416
16:43:33;598;698;598;;11912
16:43:33;598;698;598;;10596
16:43:34;598;699;598;;10528
16:43:34;598;699;598;;10396
16:43:35;598;698;598;;10504
16:43:35;598;698;598;;10484
16:43:36;598;699;598;;10432
16:43:36;598;699;598;;8364
16:43:37;598;699;598;;7340
16:43:37;598;699;598;;6684
16:43:38;598;698;598;;11212
16:43:38;598;698;598;;10504
16:43:39;597;698;598;;11796
16:43:39;597;698;598;;10224
16:43:40;598;699;598;;10616
16:43:40;598;699;598;;10376
16:43:41;598;698;598;;6696
16:43:41;598;698;598;;7184
16:43:42;598;698;598;;7160
16:43:42;598;698;598;;10168
16:43:43;598;699;598;;7036
16:43:43;598;699;598;;6724
16:43:44;598;699;598;;6496
16:43:44;598;699;598;;6648
16:43:45;598;699;598;;6500
16:43:45;598;699;598;;6652
16:43:46;598;700;598;;6504
16:43:46;598;700;598;;6496
16:43:47;598;699;598;;7140
16:43:47;598;699;598;;9996
16:43:48;598;699;598;;10016
16:43:48;598;699;598;;10112
16:43:49;598;700;598;;10140
16:43:49;598;700;598;;10188
16:43:50;598;699;598;;10092
16:43:50;598;699;598;;9992
16:43:51;598;699;598;;10064
16:43:51;598;699;598;;10012
16:43:52;598;699;598;;10012
16:43:52;598;699;598;;9992
16:43:53;598;699;598;;10160
16:43:53;598;699;598;;9988
16:43:54;597;698;598;;9964
16:43:54;597;698;598;;10040
16:43:55;597;698;597;;10068
16:43:55;597;698;597;;10088
16:43:56;597;698;598;;10040
16:43:56;597;698;598;;10016
16:43:57;597;699;598;;10068
16:43:57;597;699;598;;10016
16:43:58;598;699;598;;10064
16:43:58;598;699;598;;11736
16:43:59;598;698;597;;11228
16:43:59;598;698;597;;11764
16:44:00;597;698;598;;10168
16:44:01;597;698;597;;10116
16:44:01;597;698;597;;11736
16:44:02;597;698;597;;10116
16:44:02;597;698;597;;10116
16:44:03;597;697;597;;11664
16:44:03;597;697;597;;11716
16:44:04;597;698;597;;11692
16:44:04;597;698;597;;11664
16:44:05;597;698;597;;11156
16:44:05;597;698;597;;11688
16:44:06;597;697;597;;11056
16:44:06;597;697;597;;10936
16:44:07;597;698;597;;11712
16:44:07;597;698;597;;11060
16:44:08;597;698;597;;10092
16:44:08;597;698;597;;11060
16:44:09;598;699;598;;11032
16:44:09;598;699;598;;11012
16:44:10;598;698;598;;11108
16:44:10;598;698;598;;10960
16:44:11;598;698;598;;11008
16:44:11;598;698;598;;10960
16:44:12;598;699;598;;11060
16:44:12;598;699;598;;10964
16:44:13;598;698;598;;10960
16:44:13;598;698;598;;10960
16:44:14;598;698;598;;10988
16:44:14;598;698;598;;11016
16:44:15;598;698;598;;11156
16:44:15;598;698;598;;10988
16:44:16;597;698;598;;11108
16:44:16;597;698;598;;11740
16:44:17;597;698;597;;11688
16:44:17;597;698;597;;11692
16:44:18;597;698;597;;11696
16:44:18;597;698;597;;11692
16:44:19;597;698;597;;10080
16:44:19;597;698;597;;10348
16:44:20;597;698;597;;9984
16:44:20;597;698;597;;10060
16:44:21;597;697;597;;10036
16:44:21;597;697;597;;10136
16:44:22;597;698;598;;10016
16:44:22;597;698;598;;10136
16:44:23;597;697;597;;10012
16:44:23;597;697;597;;10136
16:44:24;597;698;597;;10992
16:44:24;597;698;597;;10064
16:44:25;597;698;597;;10192
16:44:25;597;698;597;;10212
16:44:26;597;698;597;;11016
16:44:26;597;698;597;;3568
16:44:27;597;698;597;;10348
16:44:27;597;698;597;;11700
16:44:28;597;698;597;;11016
16:44:28;597;698;597;;11816
16:44:29;597;698;598;;11824
16:44:29;597;698;598;;11796
16:44:30;597;698;597;;11820
16:44:31;597;697;597;;11648
16:44:31;597;697;597;;11720
16:44:32;597;698;598;;11648
16:44:32;597;698;598;;11772
16:44:33;597;697;597;;11680
16:44:33;597;697;597;;11640
16:44:34;597;698;597;;11688
16:44:34;597;698;597;;11716
16:44:35;597;698;597;;11812
16:44:35;597;698;597;;11712
16:44:36;597;698;597;;11688
16:44:36;597;698;597;;11096
16:44:37;597;698;598;;11716
16:44:37;597;698;598;;11884
16:44:38;597;697;597;;11860
16:44:38;597;697;597;;11788
16:44:39;597;698;597;;11760
16:44:39;597;698;597;;11792
16:44:40;597;698;598;;11764
16:44:40;597;698;598;;11712
16:44:41;597;697;597;;11716
16:44:41;597;697;597;;11712
16:44:42;597;698;597;;11720
16:44:42;597;698;597;;11692
16:44:43;597;698;597;;11744
16:44:43;597;698;597;;11744
16:44:44;597;698;597;;11740
16:44:44;597;698;597;;11716
16:44:45;597;698;597;;11816
16:44:45;597;698;597;;11816
16:44:46;597;698;597;;11692
16:44:46;597;698;597;;11716
16:44:47;597;698;597;;11760
16:44:47;597;698;597;;11712
16:44:48;597;698;597;;11764
16:44:48;597;698;597;;11640
16:44:49;597;698;597;;11736
16:44:49;597;698;597;;11668
16:44:50;597;698;597;;11740
16:44:50;597;698;597;;11692
16:44:51;597;698;598;;11668
16:44:51;597;698;598;;11688
16:44:52;597;698;598;;11692
16:44:52;597;698;598;;11664
16:44:53;597;698;597;;11668
16:44:53;597;698;597;;11640
16:44:54;597;698;597;;11616
16:44:54;597;698;597;;11616
16:44:55;598;698;598;;11692
16:44:55;598;698;598;;11160
16:44:56;598;699;598;;11668
16:44:56;598;699;598;;11668
16:44:57;597;698;598;;11664
16:44:57;597;698;598;;11688
16:44:58;597;699;598;;11668
16:44:58;597;699;598;;11744
16:44:59;597;698;597;;11672
16:45:00;597;697;597;;11692
16:45:00;597;697;597;;11088
16:45:01;597;698;598;;11164
16:45:01;597;698;598;;11620
16:45:02;597;698;598;;11644
16:45:02;597;698;598;;11672
16:45:03;597;697;597;;10376
16:45:03;597;697;597;;10352
16:45:04;597;698;597;;11624
16:45:04;597;698;597;;10252
16:45:05;597;698;597;;10272
16:45:05;597;698;597;;10352
16:45:06;597;698;597;;10252
16:45:06;597;698;597;;11748
16:45:07;597;698;597;;7424
16:45:07;597;698;597;;11656
16:45:08;597;698;598;;10068
16:45:08;597;698;598;;11512
16:45:09;597;698;598;;7336
16:45:09;597;698;598;;7692
16:45:10;597;698;597;;7392
16:45:10;597;698;597;;7584
16:45:11;597;698;597;;11188
16:45:11;597;698;597;;12068
16:45:12;597;698;597;;11096
16:45:12;597;698;597;;12088
16:45:13;597;697;597;;13660
16:45:13;597;697;597;;13160
16:45:14;597;697;597;;11216
16:45:14;597;697;597;;11212
16:45:15;597;698;597;;13588
16:45:15;597;698;597;;13156
16:45:16;597;697;597;;13664
16:45:16;597;697;597;;12084
16:45:17;597;698;597;;11796
16:45:17;597;698;597;;12060
16:45:18;597;697;597;;13592
16:45:18;597;697;597;;12768
16:45:19;597;698;597;;13620
16:45:19;597;698;597;;13568
16:45:20;597;698;597;;13544
16:45:20;597;698;597;;13620
16:45:21;597;697;597;;13580
16:45:21;597;697;597;;13580
16:45:22;597;698;597;;13600
16:45:22;597;698;597;;13600
16:45:23;597;697;597;;13596
16:45:23;597;697;597;;13600
16:45:24;597;698;597;;13652
16:45:24;597;698;597;;13648
16:45:25;597;698;597;;13624
16:45:25;597;698;597;;13604
16:45:26;597;698;598;;13600
16:45:27;597;698;597;;13652
16:45:27;597;698;597;;13600
16:45:28;597;698;597;;13600
16:45:28;597;698;597;;13600
16:45:29;597;697;597;;13624
16:45:29;597;697;597;;13672
16:45:30;597;698;597;;13744
16:45:30;597;698;597;;13672
16:45:31;597;697;597;;13632
16:45:31;597;697;597;;13624
16:45:32;597;697;597;;13628
16:45:32;597;697;597;;13604
16:45:33;597;698;597;;13628
16:45:33;597;698;597;;12672
16:45:34;597;697;597;;13624
16:45:34;597;697;597;;13600
16:45:35;597;698;597;;12700
16:45:35;597;698;597;;13016
16:45:36;597;697;597;;13604
16:45:36;597;697;597;;13596
16:45:37;597;697;597;;10996
16:45:37;597;697;597;;12744
16:45:38;597;698;597;;13600
16:45:38;597;698;597;;13056
16:45:39;597;698;597;;13620
16:45:39;597;698;597;;10504
16:45:40;597;697;597;;10968
16:45:40;597;697;597;;13132
16:45:41;597;698;598;;10896
16:45:41;597;698;598;;10700
16:45:42;597;697;597;;10432
16:45:42;597;697;597;;10628
16:45:43;597;698;597;;11216
16:45:43;597;698;597;;10652
16:45:44;597;698;597;;10504
16:45:44;597;698;597;;13236
16:45:45;597;698;597;;11044
16:45:45;597;698;597;;11116
16:45:46;597;698;597;;10904
16:45:46;597;698;597;;11120
16:45:47;597;697;597;;11240
16:45:47;597;697;597;;13064
16:45:48;597;698;597;;12724
16:45:48;597;698;597;;13652
16:45:49;597;698;597;;13656
16:45:49;597;698;597;;12744
16:45:50;597;697;597;;12676
16:45:50;597;697;597;;13624
16:45:51;597;697;597;;12772
16:45:51;597;697;597;;12696
16:45:52;597;697;597;;13676
16:45:53;597;697;597;;12700
16:45:53;597;697;597;;13620
16:45:54;597;698;597;;11068
16:45:54;597;698;597;;13620
16:45:55;597;697;597;;11064
16:45:55;597;697;597;;10992
16:45:56;597;697;597;;10992
16:45:56;597;697;597;;10652
16:45:57;597;698;597;;9192
16:45:57;597;698;597;;12920
16:45:58;597;697;597;;11104
16:45:58;597;697;597;;11164
16:45:59;597;697;597;;12720
16:45:59;597;697;597;;13160
16:46:00;597;697;597;;11064
16:46:00;597;697;597;;11816
16:46:01;597;697;597;;8576
16:46:01;597;697;597;;6880
16:46:02;597;698;597;;6856
16:46:02;597;698;597;;7028
16:46:03;597;697;597;;7100
16:46:03;597;697;597;;7508
16:46:04;597;697;597;;7272
16:46:04;597;697;597;;7200
16:46:05;597;697;597;;4356
16:46:05;597;697;597;;7324
16:46:06;597;698;597;;6752
16:46:06;597;698;597;;5880
16:46:07;597;698;597;;4840
16:46:07;597;698;597;;4648
16:46:08;597;698;597;;10216
16:46:08;597;698;597;;9204
16:46:09;597;698;597;;4796
16:46:09;597;698;597;;9200
16:46:10;597;698;597;;4796
16:46:10;597;698;597;;4764
16:46:11;597;698;597;;11728
16:46:11;597;698;597;;13784
16:46:12;597;698;597;;9340
16:46:12;597;698;597;;4324
16:46:13;597;698;597;;8476
16:46:13;597;698;597;;3760
16:46:14;597;697;597;;5944
16:46:14;597;697;597;;4700
16:46:15;597;698;597;;4444
16:46:15;597;698;597;;4096
16:46:16;597;697;597;;4060
16:46:16;597;697;597;;4136
16:46:17;597;698;597;;4148
16:46:17;597;698;597;;4168
16:46:18;597;698;597;;4200
16:46:18;597;698;597;;4188
16:46:19;597;698;597;;4164
16:46:19;597;698;597;;4160
16:46:20;597;698;597;;11576
16:46:20;597;698;597;;4236
16:46:21;597;698;597;;4196
16:46:21;597;698;597;;4156
16:46:22;597;698;597;;4232
16:46:22;597;698;597;;4192
16:46:23;597;698;597;;4200
16:46:23;597;698;597;;4224
16:46:24;597;697;597;;4232
16:46:24;597;697;597;;4424
16:46:25;597;698;597;;7060
16:46:25;597;698;597;;7108
16:46:26;597;697;597;;7416
16:46:26;597;697;597;;4368
16:46:27;597;697;597;;4404
16:46:27;597;697;597;;4392
16:46:28;597;698;597;;10200
16:46:28;597;698;597;;10116
16:46:29;597;697;597;;4392
16:46:29;597;697;597;;4376
16:46:30;597;698;597;;4340
16:46:30;597;698;597;;6876
16:46:31;597;697;597;;7024
16:46:31;597;697;597;;4360
16:46:32;597;697;597;;4544
16:46:32;597;697;597;;4380
16:46:33;597;697;597;;4464
16:46:33;597;697;597;;10312
16:46:34;597;697;597;;10260
16:46:35;597;697;597;;10044
16:46:35;597;697;597;;10020
16:46:36;597;698;597;;4512
16:46:36;597;698;597;;4512
16:46:37;597;697;597;;4532
16:46:37;597;697;597;;4504
16:46:38;597;697;597;;4496
16:46:38;597;697;597;;4396
16:46:39;597;697;597;;4404
16:46:39;597;697;597;;4460
16:46:40;597;697;597;;4492
16:46:40;597;697;597;;5828
16:46:41;597;697;597;;4612
16:46:41;597;697;597;;9996
16:46:42;597;697;597;;11532
16:46:42;597;697;597;;10196
16:46:43;597;697;597;;11656
16:46:43;597;697;597;;10092
16:46:44;597;696;597;;11752
16:46:44;597;696;597;;11796
16:46:45;597;697;597;;10120
16:46:45;597;697;597;;11800
16:46:46;597;697;597;;10364
16:46:46;597;697;597;;10260
16:46:47;597;697;597;;10212
16:46:47;597;697;597;;10316
16:46:48;597;697;597;;10432
16:46:48;597;697;597;;10388
16:46:49;597;697;597;;10312
16:46:49;597;697;597;;10116
16:46:50;597;697;597;;11704
16:46:50;597;697;597;;11724
16:46:51;597;697;597;;11820
16:46:51;597;697;597;;11748
16:46:52;597;697;597;;11796
16:46:52;597;697;597;;11728
16:46:53;597;697;597;;12024
16:46:53;597;697;597;;11996
16:46:54;597;697;597;;11996
16:46:54;597;697;597;;13640
16:46:55;597;697;597;;11968
16:46:55;597;697;597;;11916
16:46:56;597;698;597;;10208
16:46:56;597;698;597;;10528
16:46:57;597;698;597;;10428
16:46:57;597;698;597;;10308
16:46:58;597;698;597;;10480
16:46:58;597;698;597;;10404
16:46:59;597;698;597;;11744
16:46:59;597;698;597;;11940
16:47:00;597;698;597;;10072
16:47:00;597;698;597;;10116
16:47:01;597;697;597;;10460
16:47:01;597;697;597;;11600
16:47:02;597;697;597;;10068
16:47:02;597;697;597;;10072
16:47:03;597;698;597;;10072
16:47:03;597;698;597;;11728
16:47:04;597;698;597;;10244
16:47:04;597;698;597;;11680
16:47:05;597;697;597;;10172
16:47:05;597;697;597;;11660
16:47:06;597;697;597;;11608
16:47:07;597;697;597;;11712
16:47:07;597;697;597;;10144
16:47:08;597;697;597;;10148
16:47:08;597;697;597;;11684
16:47:09;597;697;597;;11684
16:47:09;597;697;597;;10196
16:47:10;597;697;597;;11660
16:47:10;597;697;597;;11680
16:47:11;597;697;597;;10144
16:47:11;597;697;597;;11728
16:47:12;597;697;597;;10100
16:47:12;597;697;597;;10048
16:47:13;597;697;597;;11728
16:47:13;597;697;597;;10096
16:47:14;597;697;597;;11724
16:47:14;597;697;597;;11728
16:47:15;597;698;597;;10044
16:47:15;597;698;597;;11944
16:47:16;597;698;597;;11844
16:47:16;597;698;597;;10140
16:47:17;597;698;597;;10196
16:47:17;597;698;597;;9196
16:47:18;597;698;597;;10456
16:47:18;597;698;597;;7096
16:47:19;597;698;597;;6724
16:47:19;597;698;597;;10336
16:47:20;597;697;597;;10288
16:47:20;597;697;597;;10220
16:47:21;597;697;597;;10172
16:47:21;597;697;597;;6932
16:47:22;597;697;597;;6956
16:47:22;597;697;597;;12216
16:47:23;597;697;597;;9076
16:47:23;597;697;597;;6976
16:47:24;597;697;597;;6936
16:47:24;597;697;597;;12000
16:47:25;597;697;597;;10308
16:47:25;597;697;597;;6976
16:47:26;597;697;597;;7008
16:47:26;597;697;597;;6976
16:47:27;597;697;597;;6912
16:47:27;597;697;597;;10044
16:47:28;597;697;597;;10312
16:47:28;597;697;597;;3704
16:47:29;597;697;597;;4672
16:47:29;597;697;597;;11604
16:47:30;597;697;597;;11684
16:47:30;597;697;597;;10092
16:47:31;597;697;597;;9972
16:47:31;597;697;597;;9996
16:47:32;597;697;597;;10212
16:47:32;597;697;597;;9996
16:47:33;597;697;597;;9992
16:47:33;597;697;597;;10040
16:47:34;597;697;597;;10068
16:47:34;597;697;597;;11680
16:47:35;597;697;597;;10240
16:47:35;597;697;597;;10068
16:47:36;597;696;597;;11672
16:47:36;597;696;597;;11696
16:47:37;597;696;597;;11672
16:47:37;597;696;597;;11692
16:47:38;597;697;597;;11720
16:47:38;597;697;597;;4936
16:47:39;597;696;597;;11700
16:47:40;597;697;597;;6420
16:47:40;597;697;597;;6476
16:47:41;597;696;597;;11648
16:47:41;597;696;597;;6544
16:47:42;597;697;597;;6588
16:47:42;597;697;597;;11640
16:47:43;597;696;597;;11668
16:47:43;597;696;597;;6236
16:47:44;597;697;597;;3312
16:47:44;597;697;597;;10384
16:47:45;597;697;597;;11288
16:47:45;597;697;597;;10196
16:47:46;597;697;597;;10432
16:47:46;597;697;597;;10336
16:47:47;597;698;597;;10384
16:47:47;597;698;597;;11724
16:47:48;597;697;597;;11948
16:47:48;597;697;597;;10284
16:47:49;597;697;597;;10288
16:47:49;597;697;597;;11728
16:47:50;597;697;597;;11724
16:47:50;597;697;597;;10116
16:47:51;597;697;597;;10192
16:47:51;597;697;597;;10096
16:47:52;597;697;597;;11680
16:47:52;597;697;597;;11700
16:47:53;597;697;597;;11724
16:47:53;597;697;597;;10020
16:47:54;597;697;597;;10068
16:47:54;597;697;597;;9992
16:47:55;597;697;597;;10068
16:47:55;597;697;597;;10140
16:47:56;597;697;597;;10068
16:47:56;597;697;597;;10112
16:47:57;597;697;597;;10112
16:47:57;597;697;597;;10088
16:47:58;597;697;597;;10284
16:47:58;597;697;597;;10256
16:47:59;597;697;597;;11696
16:47:59;597;697;597;;10308
16:48:00;597;697;597;;10064
16:48:00;597;697;597;;10236
16:48:01;597;697;597;;10256
16:48:01;597;697;597;;8192
16:48:02;597;697;597;;8120
16:48:02;597;697;597;;8144
16:48:03;597;697;597;;10352
16:48:03;597;697;597;;10332
16:48:04;597;698;597;;10160
16:48:04;597;698;597;;8112
16:48:05;597;698;597;;8368
16:48:05;597;698;597;;10116
16:48:06;597;698;597;;10168
16:48:06;597;698;597;;7940
16:48:07;597;698;597;;10068
16:48:07;597;698;597;;10116
16:48:08;597;697;597;;10096
16:48:08;597;697;597;;10140
16:48:09;597;697;597;;10040
16:48:09;597;697;597;;7992
16:48:10;597;698;597;;10016
16:48:10;597;698;597;;10016
16:48:11;597;697;597;;10188
16:48:11;597;697;597;;10212
16:48:12;597;697;597;;8016
16:48:13;597;698;597;;10092
16:48:13;597;698;597;;10140
16:48:14;597;698;597;;10116
16:48:14;597;698;597;;10064
16:48:15;597;698;597;;10096
16:48:15;597;698;597;;10164
16:48:16;597;698;597;;10044
16:48:16;597;698;597;;10068
16:48:17;597;698;597;;10144
16:48:17;597;698;597;;10236
16:48:18;597;698;597;;10096
16:48:18;597;698;597;;10044
16:48:19;597;698;597;;10336
16:48:19;597;698;597;;3444
16:48:20;597;698;597;;3316
16:48:20;597;698;597;;3336
16:48:21;597;697;597;;4892
16:48:21;597;697;597;;10024
16:48:22;597;697;597;;10124
16:48:22;597;697;597;;10072
16:48:23;597;698;597;;10096
16:48:23;597;698;597;;10216
16:48:24;597;697;597;;10092
16:48:24;597;697;597;;10096
16:48:25;597;697;597;;10144
16:48:25;597;697;597;;9996
16:48:26;597;697;597;;10220
16:48:26;597;697;597;;10144
16:48:27;597;697;597;;8040
16:48:27;597;697;597;;7984
16:48:28;597;698;597;;10120
16:48:28;597;698;597;;10076
16:48:29;597;698;597;;7976
16:48:29;597;698;597;;8040
16:48:30;597;697;597;;10240
16:48:30;597;697;597;;10220
16:48:31;597;697;597;;10124
16:48:31;597;697;597;;10172
16:48:32;597;697;597;;10044
16:48:32;597;697;597;;11772
16:48:33;597;697;597;;7012
16:48:33;597;697;597;;11740
16:48:34;597;698;597;;6400
16:48:34;597;698;597;;11808
16:48:35;597;699;598;;6400
16:48:35;597;699;598;;6468
16:48:36;597;697;597;;6372
16:48:36;597;697;597;;11816
16:48:37;597;697;597;;10988
16:48:37;597;697;597;;10176
16:48:38;597;697;597;;10260
16:48:38;597;697;597;;10308
16:48:39;597;698;597;;10312
16:48:39;597;698;597;;11780
16:48:40;597;698;597;;11608
16:48:40;597;698;597;;11584
16:48:41;597;697;597;;11676
16:48:41;597;697;597;;11628
16:48:42;597;697;597;;11536
16:48:42;597;697;597;;11632
16:48:43;597;697;597;;11612
16:48:43;597;697;597;;11656
16:48:44;597;697;597;;11608
16:48:44;597;697;597;;11536
16:48:45;597;697;597;;10308
16:48:45;597;697;597;;10264
16:48:46;597;697;597;;10360
16:48:47;597;698;597;;10192
16:48:47;597;698;597;;11700
16:48:48;597;697;597;;11652
16:48:48;597;697;597;;10068
16:48:49;597;697;597;;3228
16:48:49;597;697;597;;3300
16:48:50;597;697;597;;10200
16:48:50;597;697;597;;10212
16:48:51;597;697;597;;10068
16:48:51;597;697;597;;10432
16:48:52;597;697;597;;10216
16:48:52;597;697;597;;10204
16:48:53;597;697;597;;10076
16:48:53;597;697;597;;10116
16:48:54;597;696;597;;10000
16:48:54;597;696;597;;10072
16:48:55;597;697;597;;10144
16:48:55;597;697;597;;10092
16:48:56;597;697;597;;9996
16:48:56;597;697;597;;10148
16:48:57;597;697;597;;10240
16:48:57;597;697;597;;10196
16:48:58;597;697;597;;11728
16:48:58;597;697;597;;10044
16:48:59;597;697;597;;11728
16:48:59;597;697;597;;11700
16:49:00;597;697;597;;11848
16:49:00;597;697;597;;11800
16:49:01;597;697;597;;12024
16:49:01;597;697;597;;12000
16:49:02;597;697;597;;6636
16:49:02;597;697;597;;12024
16:49:03;597;697;597;;11952
16:49:03;597;697;597;;11976
16:49:04;597;696;597;;11924
16:49:04;597;696;597;;11824
16:49:05;597;697;597;;4836
16:49:05;597;697;597;;12000
16:49:06;597;696;597;;13928
16:49:06;597;696;597;;11240
16:49:07;597;696;597;;10432
16:49:07;597;696;597;;10336
16:49:08;597;696;597;;10388
16:49:08;597;696;597;;10388
16:49:09;597;696;597;;9996
16:49:09;597;696;597;;10000
16:49:10;597;696;597;;10020
16:49:10;597;696;597;;10116
16:49:11;597;696;597;;10016
16:49:11;597;696;597;;10260
16:49:12;597;696;597;;10000
16:49:12;597;696;597;;9988
16:49:13;597;697;597;;10208
16:49:13;597;697;597;;10088
16:49:14;597;697;597;;10188
16:49:14;597;697;597;;11672
16:49:15;597;697;597;;11720
16:49:15;597;697;597;;11724
16:49:16;597;697;597;;11744
16:49:16;597;697;597;;11796
16:49:17;597;697;597;;12068
16:49:18;597;697;597;;11996
16:49:18;597;697;597;;11940
16:49:19;597;697;597;;11916
16:49:19;597;697;597;;10256
16:49:20;597;697;597;;10304
16:49:20;597;697;597;;10332
16:49:21;597;697;597;;10356
16:49:21;597;697;597;;10380
16:49:22;597;697;597;;11672
16:49:22;597;697;597;;10160
16:49:23;597;697;597;;11532
16:49:23;597;697;597;;10236
16:49:24;597;697;597;;10240
16:49:24;597;697;597;;10480
16:49:25;597;697;597;;10236
16:49:25;597;697;597;;11556
16:49:26;597;697;597;;10236
16:49:26;597;697;597;;10236
16:49:27;597;697;597;;11656
16:49:27;597;697;597;;11728
16:49:28;597;697;597;;11680
16:49:28;597;697;597;;11700
16:49:29;597;697;597;;11656
16:49:29;597;697;597;;11728
16:49:30;597;697;597;;11752
16:49:30;597;697;597;;10068
16:49:31;597;697;597;;10120
16:49:31;597;697;597;;10020
16:49:32;597;697;597;;10092
16:49:32;597;697;597;;9992
16:49:33;597;697;597;;10016
16:49:33;597;697;597;;10100
16:49:34;597;697;597;;10064
16:49:34;597;697;597;;10040
16:49:35;597;697;597;;11820
16:49:35;597;697;597;;10304
16:49:36;597;697;597;;10060
16:49:36;597;697;597;;10112
16:49:37;597;697;597;;10260
16:49:37;597;697;597;;10088
16:49:38;597;696;597;;10208
16:49:38;597;696;597;;10308
16:49:39;597;697;597;;10380
16:49:39;597;697;597;;10232
16:49:40;597;697;597;;10284
16:49:40;597;697;597;;10284
16:49:41;597;696;597;;10112
16:49:41;597;696;597;;10312
16:49:42;597;697;597;;10144
16:49:42;597;697;597;;10200
16:49:43;597;697;597;;10184
16:49:43;597;697;597;;10288
16:49:44;597;697;597;;10308
16:49:44;597;697;597;;10332
16:49:45;597;697;597;;10432
16:49:45;597;697;597;;10288
16:49:46;597;697;597;;10288
16:49:46;597;697;597;;10312
16:49:47;597;697;597;;10168
16:49:48;597;697;597;;10168
16:49:48;597;697;597;;10312
16:49:49;597;697;597;;10064
16:49:49;597;697;597;;10072
16:49:50;597;697;597;;10120
16:49:50;597;697;597;;10168
16:49:51;597;697;597;;10072
16:49:51;597;697;597;;10144
16:49:52;597;698;597;;10044
16:49:52;597;698;597;;10120
16:49:53;597;698;597;;10116
16:49:53;597;698;597;;10092
16:49:54;597;698;597;;10096
16:49:54;597;698;597;;10020
16:49:55;597;698;597;;11752
16:49:55;597;698;597;;11776
16:49:56;597;698;597;;10144
16:49:56;597;698;597;;11972
16:49:57;597;698;597;;12072
16:49:57;597;698;597;;10120
16:49:58;597;698;597;;10124
16:49:58;597;698;597;;10096
16:49:59;597;698;597;;10044
16:49:59;597;698;597;;11972
16:50:00;597;698;597;;11924
16:50:00;597;698;597;;11924
16:50:01;597;698;597;;12048
16:50:01;597;698;597;;12100
16:50:02;597;698;597;;11972
16:50:02;597;698;597;;12072
16:50:03;597;697;597;;10240
16:50:03;597;697;597;;10292
16:50:04;597;698;597;;11724
16:50:04;597;698;597;;10120
16:50:05;597;698;597;;10316
16:50:05;597;698;597;;10336
16:50:06;597;697;597;;11732
16:50:06;597;697;597;;10216
16:50:07;597;698;597;;11684
16:50:07;597;698;597;;11732
16:50:08;597;698;598;;10292
16:50:08;597;698;598;;10120
16:50:09;597;698;597;;10096
16:50:09;597;698;597;;10196
16:50:10;597;697;597;;10244
16:50:10;597;697;597;;10292
16:50:11;597;698;597;;10172
16:50:11;597;698;597;;10188
16:50:12;597;698;597;;12004
16:50:12;597;698;597;;11972
16:50:13;597;699;598;;12048
16:50:13;597;699;598;;12020
16:50:14;597;698;598;;11972
16:50:14;597;698;598;;11748
16:50:15;597;698;597;;11676
16:50:15;597;698;597;;11628
16:50:16;597;698;597;;10356
16:50:17;597;698;597;;10288
16:50:17;597;698;597;;10212
16:50:18;597;698;598;;10212
16:50:18;597;698;598;;10264
16:50:19;597;698;597;;10236
16:50:19;597;698;597;;10236
16:50:20;597;698;597;;10092
16:50:20;597;698;597;;10140
16:50:21;597;698;597;;10332
16:50:21;597;698;597;;10212
16:50:22;597;698;598;;10196
16:50:22;597;698;598;;10144
16:50:23;597;697;597;;10168
16:50:23;597;697;597;;10236
16:50:24;597;698;597;;10168
16:50:24;597;698;597;;10188
16:50:25;597;698;597;;10192
16:50:25;597;698;597;;10264
16:50:26;597;698;597;;10096
16:50:26;597;698;597;;10120
16:50:27;597;698;597;;11752
16:50:27;597;698;597;;11924
16:50:28;597;697;597;;10116
16:50:28;597;697;597;;10168
16:50:29;597;698;597;;10076
16:50:29;597;698;597;;10200
16:50:30;597;698;597;;11800
16:50:30;597;698;597;;11724
16:50:31;597;699;598;;11776
16:50:31;597;699;598;;11824
16:50:32;597;698;597;;11896
16:50:32;597;698;597;;11872
16:50:33;597;698;597;;11844
16:50:33;597;698;597;;11920
16:50:34;597;698;597;;11792
16:50:34;597;698;597;;11776
16:50:35;597;698;597;;10160
16:50:35;597;698;597;;10332
16:50:36;597;698;598;;10288
16:50:36;597;698;598;;10384
16:50:37;597;698;598;;10432
16:50:37;597;698;598;;10428
16:50:38;597;698;597;;10476
16:50:38;597;698;597;;10164
16:50:39;597;698;597;;10380
16:50:39;597;698;597;;10288
16:50:40;597;698;597;;10332
16:50:40;597;698;597;;11608
16:50:41;597;698;597;;11656
16:50:41;597;698;597;;11628
16:50:42;597;699;598;;11608
16:50:42;597;699;598;;10188
16:50:43;597;698;597;;11608
16:50:43;597;698;597;;11636
16:50:44;597;698;597;;10116
16:50:44;597;698;597;;10196
16:50:45;597;698;597;;10144
16:50:45;597;698;597;;10048
16:50:46;597;699;598;;10196
16:50:46;597;699;598;;10096
16:50:47;597;698;598;;10096
16:50:48;597;698;597;;10072
16:50:48;597;698;597;;10124
16:50:49;597;697;597;;10092
16:50:49;597;697;597;;10072
16:50:50;597;697;597;;10072
16:50:50;597;697;597;;10120
16:50:51;597;698;598;;10140
16:50:51;597;698;598;;10216
16:50:52;597;698;597;;11680
16:50:52;597;698;597;;10140
16:50:53;597;698;598;;10092
16:50:53;597;698;598;;10140
16:50:54;597;698;598;;10112
16:50:54;597;698;598;;10260
16:50:55;597;698;597;;10168
16:50:55;597;698;597;;10112
16:50:56;597;699;598;;10116
16:50:56;597;699;598;;10264
16:50:57;597;699;597;;10240
16:50:57;597;699;597;;10308
16:50:58;597;698;598;;10096
16:50:58;597;698;598;;10064
16:50:59;597;698;597;;10044
16:50:59;597;698;597;;10036
16:51:00;597;698;597;;10020
16:51:00;597;698;597;;10092
16:51:01;597;698;597;;10144
16:51:01;597;698;597;;10072
16:51:02;597;698;597;;10144
16:51:02;597;698;597;;10120
16:51:03;597;698;597;;10096
16:51:03;597;698;597;;10024
16:51:04;597;699;598;;10164
16:51:04;597;699;598;;10212
16:51:05;597;698;597;;10120
16:51:05;597;698;597;;10216
16:51:06;597;698;597;;10164
16:51:06;597;698;597;;11608
16:51:07;597;698;597;;10212
16:51:07;597;698;597;;11628
16:51:08;597;698;597;;11708
16:51:08;597;698;597;;11752
16:51:09;597;698;597;;11676
16:51:09;597;698;597;;11680
16:51:10;597;698;597;;11752
16:51:10;597;698;597;;11632
16:51:11;597;698;597;;11652
16:51:11;597;698;597;;11680
16:51:12;597;698;597;;11604
16:51:12;597;698;597;;11676
16:51:13;597;698;597;;10260
16:51:13;597;698;597;;10200
16:51:14;597;698;597;;10288
16:51:14;597;698;597;;10092
16:51:15;597;698;597;;10260
16:51:15;597;698;597;;10192
16:51:16;597;698;597;;10168
16:51:16;597;698;597;;10044
16:51:17;597;698;597;;10212
16:51:17;597;698;597;;10240
16:51:18;597;698;597;;10136
16:51:18;597;698;597;;10068
16:51:19;597;698;597;;10092
16:51:20;597;697;597;;10216
16:51:20;597;697;597;;10144
16:51:21;597;698;597;;10144
16:51:21;597;698;597;;10120
16:51:22;597;698;597;;10116
16:51:22;597;698;597;;10140
16:51:23;597;698;598;;10236
16:51:23;597;698;598;;10096
16:51:24;597;698;597;;10216
16:51:24;597;698;597;;11656
16:51:25;597;698;597;;10216
16:51:25;597;698;597;;10240
16:51:26;597;698;597;;10260
16:51:26;597;698;597;;11652
16:51:27;597;698;597;;11652
16:51:27;597;698;597;;11728
16:51:28;597;698;597;;11676
16:51:28;597;698;597;;10140
16:51:29;597;698;597;;11704
16:51:29;597;698;597;;10140
16:51:30;597;699;598;;10284
16:51:30;597;699;598;;10112
16:51:31;597;698;597;;10232
16:51:31;597;698;597;;10068
16:51:32;597;698;598;;10308
16:51:32;597;698;598;;10284
16:51:33;597;698;597;;10112
16:51:33;597;698;597;;10236
16:51:34;597;698;598;;10140
16:51:34;597;698;598;;10164
16:51:35;597;698;597;;10212
16:51:35;597;698;597;;10264
16:51:36;597;698;598;;10308
16:51:36;597;698;598;;10188
16:51:37;597;698;597;;10240
16:51:37;597;698;597;;10204
16:51:38;597;698;597;;10116
16:51:38;597;698;597;;10140
16:51:39;597;697;597;;10288
16:51:39;597;697;597;;10076
16:51:40;597;697;597;;10216
16:51:40;597;697;597;;11676
16:51:41;597;697;597;;10188
16:51:41;597;697;597;;11704
16:51:42;597;697;597;;10172
16:51:42;597;697;597;;10288
16:51:43;597;697;597;;10192
16:51:43;597;697;597;;10116
16:51:44;597;696;597;;10368
16:51:44;597;696;597;;10436
16:51:45;597;697;597;;10124
16:51:45;597;697;597;;10168
16:51:46;597;697;597;;10072
16:51:46;597;697;597;;10196
16:51:47;597;697;597;;10144
16:51:47;597;697;597;;10120
16:51:48;597;697;597;;11748
16:51:48;597;697;597;;11700
16:51:49;597;698;597;;10092
16:51:49;597;698;597;;11752
16:51:50;597;697;597;;11704
16:51:51;597;697;597;;10284
16:51:51;597;697;597;;10164
16:51:52;597;697;597;;10140
16:51:52;597;697;597;;10092
16:51:53;597;697;597;;10336
16:51:53;597;697;597;;10312
16:51:54;597;697;597;;10064
16:51:54;597;697;597;;10140
16:51:55;597;697;597;;10356
16:51:55;597;697;597;;10212
16:51:56;597;698;597;;10236
16:51:56;597;698;597;;10068
16:51:57;597;698;597;;10284
16:51:57;597;698;597;;10288
16:51:58;597;698;597;;10264
16:51:58;597;698;597;;10288
16:51:59;597;697;597;;10212
16:51:59;597;697;597;;10168
16:52:00;597;697;597;;10288
16:52:00;597;697;597;;10140
16:52:01;597;697;597;;10340
16:52:01;597;697;597;;10432
16:52:02;597;696;597;;10196
16:52:02;597;696;597;;10144
16:52:03;597;697;597;;10124
16:52:03;597;697;597;;10168
16:52:04;597;697;597;;10196
16:52:04;597;697;597;;10052
16:52:05;597;697;597;;10072
16:52:05;597;697;597;;10072
16:52:06;597;697;597;;11688
16:52:06;597;697;597;;10096
16:52:07;597;697;597;;10116
16:52:07;597;697;597;;11656
16:52:08;597;697;597;;10180
16:52:08;597;697;597;;10072
16:52:09;597;697;597;;10140
16:52:09;597;697;597;;10188
16:52:10;597;697;597;;10120
16:52:10;597;697;597;;10196
16:52:11;597;697;597;;10192
16:52:11;597;697;597;;10184
16:52:12;597;697;597;;10020
16:52:12;597;697;597;;10096
16:52:13;597;696;597;;10120
16:52:13;597;696;597;;11976
16:52:14;597;697;597;;11928
16:52:14;597;697;597;;11920
16:52:15;597;697;597;;11728
16:52:15;597;697;597;;11708
16:52:16;597;697;597;;11728
16:52:16;597;697;597;;11708
16:52:17;597;697;597;;11708
16:52:17;597;697;597;;10124
16:52:18;597;697;597;;10048
16:52:18;597;697;597;;11660
16:52:19;597;697;597;;11640
16:52:19;597;697;597;;11684
16:52:20;597;697;597;;11700
16:52:20;597;697;597;;11736
16:52:21;597;697;597;;11880
16:52:22;597;697;597;;11780
16:52:22;597;697;597;;11784
16:52:23;597;697;597;;11756
16:52:23;597;697;597;;11756
16:52:24;597;697;597;;11828
16:52:24;597;697;597;;11800
16:52:25;597;697;597;;11884
16:52:25;597;697;597;;12148
16:52:26;597;697;597;;12000
16:52:26;597;697;597;;12072
16:52:27;597;697;597;;11948
16:52:27;597;697;597;;11796
16:52:28;597;697;597;;11748
16:52:28;597;697;597;;11700
16:52:29;597;697;597;;11700
16:52:29;597;697;597;;11748
16:52:30;597;696;597;;11728
16:52:30;597;696;597;;11724
16:52:31;597;697;597;;11748
16:52:31;597;697;597;;10064
16:52:32;597;696;597;;10196
16:52:32;597;696;597;;11720
16:52:33;597;696;597;;11820
16:52:33;597;696;597;;12092
16:52:34;597;697;597;;11892
16:52:34;597;697;597;;11940
16:52:35;597;697;597;;10084
16:52:35;597;697;597;;11964
16:52:36;597;696;597;;10180
16:52:36;597;696;597;;10160
16:52:37;597;697;597;;12188
16:52:37;597;697;597;;10112
16:52:38;597;697;597;;10160
16:52:38;597;697;597;;11988
16:52:39;597;697;597;;12016
16:52:39;597;697;597;;11992
16:52:40;597;697;597;;10040
16:52:40;597;697;597;;11788
16:52:41;597;697;597;;10088
16:52:41;597;697;597;;10112
16:52:42;597;697;597;;11676
16:52:42;597;697;597;;10016
16:52:43;597;697;597;;11744
16:52:43;597;697;597;;11704
16:52:44;597;697;597;;11772
16:52:44;597;697;597;;10044
16:52:45;597;697;597;;10140
16:52:45;597;697;597;;11796
16:52:46;597;697;597;;11824
16:52:46;597;697;597;;10260
16:52:47;597;697;597;;11724
16:52:47;597;697;597;;10212
16:52:48;597;697;597;;10180
16:52:48;597;697;597;;10140
16:52:49;597;697;597;;10020
16:52:49;597;697;597;;10096
16:52:50;597;697;597;;10140
16:52:51;597;697;597;;10216
16:52:51;597;697;597;;10092
16:52:52;597;697;597;;11700
16:52:52;597;697;597;;11652
16:52:53;597;697;597;;10360
16:52:53;597;697;597;;10216
16:52:54;597;697;597;;10136
16:52:54;597;697;597;;10184
16:52:55;597;697;597;;10068
16:52:55;597;697;597;;10144
16:52:56;597;696;597;;10116
16:52:56;597;696;597;;10360
16:52:57;597;697;597;;10240
16:52:57;597;697;597;;10312
16:52:58;597;696;597;;11820
16:52:58;597;696;597;;12076
16:52:59;597;697;597;;12044
16:52:59;597;697;597;;12000
16:53:00;597;696;597;;12096
16:53:00;597;696;597;;12072
16:53:01;597;696;597;;11944
16:53:01;597;696;597;;10116
16:53:02;597;697;597;;11976
16:53:02;597;697;597;;11880
16:53:03;597;696;597;;10072
16:53:03;597;696;597;;11848
16:53:04;597;697;597;;11780
16:53:04;597;697;597;;10240
16:53:05;597;696;597;;10092
16:53:05;597;696;597;;10048
16:53:06;597;696;597;;10020
16:53:06;597;696;597;;10072
16:53:07;597;696;597;;9996
16:53:07;597;696;597;;10240
16:53:08;597;696;597;;10024
16:53:08;597;696;597;;10120
16:53:09;596;696;596;;10068
16:53:09;596;696;596;;10184
16:53:10;596;696;596;;11752
16:53:10;596;696;596;;11776
16:53:11;596;695;596;;11920
16:53:11;596;695;596;;10236
16:53:12;597;696;597;;9996
16:53:12;597;696;597;;13624
16:53:13;597;696;597;;11748
16:53:13;597;696;597;;11876
16:53:14;597;697;597;;11796
16:53:14;597;697;597;;11724
16:53:15;597;696;597;;10116
16:53:15;597;696;597;;11704
16:53:16;597;696;597;;11748
16:53:16;597;696;597;;11748
16:53:17;597;697;597;;10164
16:53:17;597;697;597;;10260
16:53:18;597;696;597;;10212
16:53:18;597;696;597;;10092
16:53:19;597;696;597;;10176
16:53:19;597;696;597;;10136
16:53:20;597;696;597;;10236
16:53:20;597;696;597;;9992
16:53:21;597;696;597;;10288
16:53:22;597;697;597;;10096
16:53:22;597;697;597;;10092
16:53:23;597;696;597;;10116
16:53:23;597;696;597;;10192
16:53:24;597;696;597;;10180
16:53:24;597;696;597;;10120
16:53:25;597;696;597;;10092
16:53:25;597;696;597;;10212
16:53:26;597;697;597;;10192
16:53:26;597;697;597;;10192
16:53:27;597;696;597;;10216
16:53:27;597;696;597;;10068
16:53:28;597;696;597;;10068
16:53:28;597;696;597;;10096
16:53:29;597;697;597;;10168
16:53:29;597;697;597;;10096
16:53:30;597;697;597;;10148
16:53:30;597;697;597;;10072
16:53:31;597;697;597;;10144
16:53:31;597;697;597;;10216
16:53:32;597;697;597;;10268
16:53:32;597;697;597;;10096
16:53:33;597;697;597;;10092
16:53:33;597;697;597;;11752
16:53:34;597;696;597;;10096
16:53:34;597;696;597;;10072
16:53:35;597;697;597;;10360
16:53:35;597;697;597;;10092
16:53:36;597;697;597;;11800
16:53:36;597;697;597;;10120
16:53:37;597;697;597;;11848
16:53:37;597;697;597;;10164
16:53:38;597;697;597;;10092
16:53:38;597;697;597;;10312
16:53:39;597;697;597;;10288
16:53:39;597;697;597;;10192
16:53:40;597;697;597;;10216
16:53:40;597;697;597;;10336
16:53:41;597;697;597;;10288
16:53:41;597;697;597;;10288
16:53:42;597;697;597;;10264
16:53:42;597;697;597;;11824
16:53:43;597;697;597;;11708
16:53:43;597;697;597;;11784
16:53:44;597;697;597;;11704
16:53:44;597;697;597;;11704
16:53:45;597;697;597;;11748
16:53:45;597;697;597;;11704
16:53:46;597;698;597;;10168
16:53:46;597;698;597;;11704
16:53:47;597;697;597;;11728
16:53:47;597;697;597;;11752
16:53:48;597;697;597;;10116
16:53:48;597;697;597;;10164
16:53:49;597;697;597;;10216
16:53:49;597;697;597;;11728
16:53:50;597;696;597;;10120
16:53:50;597;696;597;;12096
16:53:51;597;697;597;;11776
16:53:51;597;697;597;;11652
16:53:52;597;696;597;;10140
16:53:53;597;696;597;;10140
16:53:53;597;696;597;;10188
16:53:54;597;697;597;;10340
16:53:54;597;697;597;;10116
16:53:55;597;696;597;;10116
16:53:55;597;696;597;;10260
16:53:56;597;697;597;;10092
16:53:56;597;697;597;;10460
16:53:57;597;697;597;;10072
16:53:57;597;697;597;;10220
16:53:58;597;697;597;;10240
16:53:58;597;697;597;;10192
16:53:59;597;696;597;;10072
16:53:59;597;696;597;;10096
16:54:00;597;697;597;;10120
16:54:00;597;697;597;;10192
16:54:01;597;697;597;;10120
16:54:01;597;697;597;;10116
16:54:02;597;697;597;;10192
16:54:02;597;697;597;;10192
16:54:03;597;697;597;;10072
16:54:03;597;697;597;;10292
16:54:04;597;697;597;;10072
16:54:04;597;697;597;;10240
16:54:05;597;697;597;;10244
16:54:05;597;697;597;;10244
16:54:06;597;697;597;;10072
16:54:06;597;697;597;;10096
16:54:07;597;697;597;;10096
16:54:07;597;697;597;;10216
16:54:08;597;697;597;;10264
16:54:08;597;697;597;;9948
16:54:09;597;697;597;;10100
16:54:09;597;697;597;;10164
16:54:10;597;697;597;;10216
16:54:10;597;697;597;;10264
16:54:11;597;697;597;;10068
16:54:11;597;697;597;;10044
16:54:12;597;697;597;;10020
16:54:12;597;697;597;;10200
16:54:13;597;697;597;;10112
16:54:13;597;697;597;;10268
16:54:14;597;696;597;;10288
16:54:14;597;696;597;;10236
16:54:15;597;697;597;;11680
16:54:15;597;697;597;;10364
16:54:16;597;697;597;;10288
16:54:16;597;697;597;;10264
16:54:17;597;697;597;;11776
16:54:17;597;697;597;;10244
16:54:18;597;697;597;;10192
16:54:18;597;697;597;;10192
16:54:19;597;697;597;;11700
16:54:19;597;697;597;;11704
16:54:20;597;697;597;;11788
16:54:20;597;697;597;;11800
16:54:21;597;697;597;;11728
16:54:21;597;697;597;;10216
16:54:22;597;697;597;;10096
16:54:22;597;697;597;;10212
16:54:23;597;697;597;;10196
16:54:24;597;697;597;;10264
16:54:24;597;697;597;;10096
16:54:25;597;697;597;;10072
16:54:25;597;697;597;;10104
16:54:26;597;697;597;;10388
16:54:26;597;697;597;;10096
16:54:27;597;697;597;;10120
16:54:27;597;697;597;;10172
16:54:28;597;697;597;;10072
16:54:28;597;697;597;;10048
16:54:29;597;697;597;;10096
16:54:29;597;697;597;;10068
16:54:30;597;696;597;;9996
16:54:30;597;696;597;;10120
16:54:31;597;697;597;;10168
16:54:31;597;697;597;;11752
16:54:32;597;697;597;;11804
16:54:32;597;697;597;;10072
16:54:33;597;696;597;;11972
16:54:33;597;696;597;;10044
16:54:34;597;697;597;;10316
16:54:34;597;697;597;;10048
16:54:35;597;697;597;;10388
16:54:35;597;697;597;;10168
16:54:36;597;697;597;;10264
16:54:36;597;697;597;;10316
16:54:37;597;696;597;;10412
16:54:37;597;696;597;;10292
16:54:38;597;696;597;;10048
16:54:38;597;696;597;;10432
16:54:39;597;696;597;;11972
16:54:39;597;696;597;;12092
16:54:40;597;696;597;;10036
16:54:40;597;696;597;;10060
16:54:41;597;696;597;;10088
16:54:41;597;696;597;;10136
16:54:42;597;696;597;;10336
16:54:42;597;696;597;;10236
16:54:43;597;697;597;;10164
16:54:43;597;697;597;;11684
16:54:44;597;697;597;;10264
16:54:44;597;697;597;;10216
16:54:45;597;696;597;;10388
16:54:45;597;696;597;;10456
16:54:46;597;696;597;;10452
16:54:46;597;696;597;;10408
16:54:47;597;696;597;;10192
16:54:47;597;696;597;;10092
16:54:48;597;696;597;;10044
16:54:48;597;696;597;;10120
16:54:49;597;696;597;;10140
16:54:49;597;696;597;;10020
16:54:50;597;696;597;;10044
16:54:50;597;696;597;;10180
16:54:51;597;696;597;;10120
16:54:51;597;696;597;;10024
16:54:52;597;696;597;;10196
16:54:52;597;696;597;;10048
16:54:53;597;696;597;;10072
16:54:53;597;696;597;;10024
16:54:54;597;696;597;;10092
16:54:55;597;696;597;;10168
16:54:55;597;696;597;;10264
16:54:56;597;696;597;;10044
16:54:56;597;696;597;;10216
16:54:57;597;696;597;;10168
16:54:57;597;696;597;;10028
16:54:58;597;696;597;;10124
16:54:58;597;696;597;;10144
16:54:59;597;696;597;;10076
16:54:59;597;696;597;;10096
16:55:00;597;696;597;;10096
16:55:00;597;696;597;;10004
16:55:01;597;696;597;;10000
16:55:01;597;696;597;;10072
16:55:02;597;697;597;;10028
16:55:02;597;697;597;;11832
16:55:03;597;696;597;;10076
16:55:03;597;696;597;;10196
16:55:04;597;696;597;;10124
16:55:04;597;696;597;;11780
16:55:05;597;697;597;;11732
16:55:05;597;697;597;;10096
16:55:06;597;696;597;;10100
16:55:06;597;696;597;;10048
16:55:07;597;696;597;;11780
16:55:07;597;696;597;;11752
16:55:08;597;696;597;;12000
16:55:08;597;696;597;;10072
16:55:09;597;696;597;;12048
16:55:09;597;696;597;;11756
16:55:10;597;696;597;;11724
16:55:10;597;696;597;;11704
16:55:11;597;696;597;;10092
16:55:11;597;696;597;;10068
16:55:12;597;696;597;;10196
16:55:12;597;696;597;;9996
16:55:13;597;696;597;;10144
16:55:13;597;696;597;;10120
16:55:14;597;696;597;;10192
16:55:14;597;696;597;;10148
16:55:15;597;696;597;;10192
16:55:15;597;696;597;;10048
16:55:16;596;696;597;;10268
16:55:16;596;696;597;;10144
16:55:17;597;696;597;;10180
16:55:17;597;696;597;;10292
16:55:18;596;696;597;;10196
16:55:18;596;696;597;;10180
16:55:19;597;696;597;;10220
16:55:19;597;696;597;;10148
16:55:20;597;696;597;;10340
16:55:20;597;696;597;;11684
16:55:21;597;696;597;;10220
16:55:21;597;696;597;;11736
16:55:22;597;696;597;;10220
16:55:22;597;696;597;;11832
16:55:23;597;696;597;;10148
16:55:23;597;696;597;;11636
16:55:24;596;696;596;;10148
16:55:24;596;696;596;;10148
16:55:25;596;696;596;;10144
16:55:25;596;696;596;;10052
16:55:26;596;696;597;;10144
16:55:27;597;696;597;;10244
16:55:27;597;696;597;;11704
16:55:28;596;696;596;;10100
16:55:28;596;696;596;;10076
16:55:29;596;695;596;;10244
16:55:29;596;695;596;;10172
16:55:30;596;696;597;;10024
16:55:30;596;696;597;;10024
16:55:31;596;696;596;;10120
16:55:31;596;696;596;;10072
16:55:32;597;696;596;;10076
16:55:32;597;696;596;;10124
16:55:33;596;695;596;;10120
16:55:33;596;695;596;;10020
16:55:34;596;695;596;;10244
16:55:34;596;695;596;;10220
16:55:35;596;696;597;;10100
16:55:35;596;696;597;;10052
16:55:36;596;695;596;;10020
16:55:36;596;695;596;;10120
16:55:37;596;696;597;;10144
16:55:37;596;696;597;;10168
16:55:38;596;695;596;;10120
16:55:38;596;695;596;;10292
16:55:39;596;695;596;;10168
16:55:39;596;695;596;;10344
16:55:40;596;696;596;;10124
16:55:40;596;696;596;;10272
16:55:41;596;695;596;;10172
16:55:41;596;695;596;;10076
16:55:42;596;695;596;;10052
16:55:42;596;695;596;;10412
16:55:43;597;696;596;;10100
16:55:43;597;696;596;;10024
16:55:44;596;696;596;;11664
16:55:44;596;696;596;;10152
16:55:45;596;695;596;;11736
16:55:45;596;695;596;;10052
16:55:46;596;695;596;;10052
16:55:46;596;695;596;;10200
16:55:47;596;695;596;;10000
16:55:47;596;695;596;;10124
16:55:48;596;695;596;;10152
16:55:48;596;695;596;;10200
16:55:49;596;695;596;;10152
16:55:49;596;695;596;;10200
16:55:50;596;695;596;;10248
16:55:50;596;695;596;;10188
16:55:51;596;695;596;;10124
16:55:51;596;695;596;;10084
16:55:52;596;695;596;;10104
16:55:52;596;695;596;;10224
16:55:53;596;696;597;;10172
16:55:53;596;696;597;;10148
16:55:54;596;695;596;;10200
16:55:54;596;695;596;;10292
16:55:55;596;695;596;;10076
16:55:55;596;695;596;;10152
16:55:56;596;695;596;;10248
16:55:56;596;695;596;;10176
16:55:57;596;695;596;;10344
16:55:57;596;695;596;;10124
16:55:58;596;695;596;;10196
16:55:59;596;695;596;;10196
16:55:59;596;695;596;;10052
16:56:00;596;696;597;;10124
16:56:00;596;696;597;;10180
16:56:01;596;695;596;;10104
16:56:01;596;695;596;;10316
16:56:02;596;695;596;;10320
16:56:02;596;695;596;;10052
16:56:03;596;695;596;;10172
16:56:03;596;695;596;;10392
16:56:04;596;696;597;;10148
16:56:04;596;696;597;;10148
16:56:05;596;696;597;;10104
16:56:05;596;696;597;;10104
16:56:06;596;696;596;;10080
16:56:06;596;696;596;;10192
16:56:07;596;696;597;;10172
16:56:07;596;696;597;;10104
16:56:08;596;695;596;;10080
16:56:08;596;695;596;;10128
16:56:09;596;696;596;;10188
16:56:09;596;696;596;;10076
16:56:10;596;696;597;;10076
16:56:10;596;696;597;;10148
16:56:11;596;695;596;;10004
16:56:11;596;695;596;;10128
16:56:12;596;696;597;;10080
16:56:12;596;696;597;;10104
16:56:13;597;696;596;;10104
16:56:13;597;696;596;;10148
16:56:14;596;695;596;;10244
16:56:14;596;695;596;;10388
16:56:15;596;695;596;;10124
16:56:15;596;695;596;;10156
16:56:16;596;695;596;;10124
16:56:16;596;695;596;;10368
16:56:17;596;695;596;;10296
16:56:17;596;695;596;;10104
16:56:18;596;696;596;;10052
16:56:18;596;696;596;;10148
16:56:19;596;696;597;;10076
16:56:19;596;696;597;;10148
16:56:20;596;695;596;;10148
16:56:20;596;695;596;;10080
16:56:21;596;695;596;;10004
16:56:21;596;695;596;;10268
16:56:22;596;695;596;;10320
16:56:22;596;695;596;;10124
16:56:23;596;695;596;;10000
16:56:23;596;695;596;;10084
16:56:24;596;696;596;;10076
16:56:24;596;696;596;;10320
16:56:25;596;695;596;;10220
16:56:25;596;695;596;;10128
16:56:26;596;695;596;;10076
16:56:26;596;695;596;;10124
16:56:27;596;695;596;;10076
16:56:27;596;695;596;;10192
16:56:28;596;695;596;;10052
16:56:28;596;695;596;;10176
16:56:29;596;695;596;;10184
16:56:29;596;695;596;;10204
16:56:30;596;695;596;;10176
16:56:30;596;695;596;;10052
16:56:31;596;695;596;;10148
16:56:32;596;695;596;;10052
16:56:32;596;695;596;;10096
16:56:33;596;695;596;;11732
16:56:33;596;695;596;;10244
16:56:34;596;695;596;;11728
16:56:34;596;695;596;;11684
16:56:35;596;695;596;;10124
16:56:35;596;695;596;;11684
16:56:36;596;695;596;;10292
16:56:36;596;695;596;;10244
16:56:37;596;696;596;;10028
16:56:37;596;696;596;;10268
16:56:38;596;695;596;;10076
16:56:38;596;695;596;;10292
16:56:39;596;696;597;;10076
16:56:39;596;696;597;;10120
16:56:40;597;697;597;;10172
16:56:40;597;697;597;;10516
16:56:41;596;696;596;;10200
16:56:41;596;696;596;;10096
16:56:42;597;696;597;;10348
16:56:42;597;696;597;;10344
16:56:43;596;696;597;;10344
16:56:43;596;696;597;;10488
16:56:44;596;696;596;;10100
16:56:44;596;696;596;;10272
16:56:45;596;695;596;;10052
16:56:45;596;695;596;;10100
16:56:46;596;695;596;;10244
16:56:46;596;695;596;;10128
16:56:47;596;696;597;;10248
16:56:47;596;696;597;;10104
16:56:48;596;695;596;;10148
16:56:48;596;695;596;;11684
16:56:49;596;695;596;;11712
16:56:49;596;695;596;;10080
16:56:50;597;696;597;;10056
16:56:50;597;696;597;;10052
16:56:51;596;696;597;;10076
16:56:51;596;696;597;;10224
16:56:52;596;696;596;;10052
16:56:52;596;696;596;;10052
16:56:53;596;695;596;;11708
16:56:53;596;695;596;;11760
16:56:54;596;696;596;;10200
16:56:54;596;696;596;;11760
16:56:55;596;695;596;;11736
16:56:55;596;695;596;;10124
16:56:56;596;695;596;;10292
16:56:56;596;695;596;;10076
16:56:57;596;695;596;;10080
16:56:57;596;695;596;;10104
16:56:58;596;696;597;;10200
16:56:58;596;696;597;;10124
16:56:59;596;696;596;;10024
16:56:59;596;696;596;;10224
16:57:00;596;696;597;;11732
16:57:00;596;696;597;;11732
16:57:01;596;696;597;;11708
16:57:01;596;696;597;;10320
16:57:02;596;696;596;;11784
16:57:03;597;696;597;;10272
16:57:03;597;696;597;;10444
16:57:04;597;696;597;;11808
16:57:04;597;696;597;;10104
16:57:05;597;696;597;;10100
16:57:05;597;696;597;;10172
16:57:06;597;696;597;;11752
16:57:06;597;696;597;;10048
16:57:07;597;696;597;;10172
16:57:07;597;696;597;;9956
16:57:08;597;696;597;;10076
16:57:08;597;696;597;;10024
16:57:09;597;696;597;;10220
16:57:09;597;696;597;;10272
16:57:10;597;696;597;;9984
16:57:10;597;696;597;;10220
16:57:11;597;696;597;;10076
16:57:11;597;696;597;;10028
16:57:12;597;697;597;;10208
16:57:12;597;697;597;;10052
16:57:13;597;696;597;;10248
16:57:13;597;696;597;;11684
16:57:14;597;696;597;;11688
16:57:14;597;696;597;;10200
16:57:15;597;696;597;;10152
16:57:15;597;696;597;;10272
16:57:16;596;696;597;;10224
16:57:16;596;696;597;;10152
16:57:17;597;696;597;;10124
16:57:17;597;696;597;;10100
16:57:18;597;696;597;;10468
16:57:18;597;696;597;;10076
16:57:19;597;696;597;;10124
16:57:19;597;696;597;;12000
16:57:20;597;697;597;;11752
16:57:20;597;697;597;;11652
16:57:21;597;696;597;;11784
16:57:21;597;696;597;;11748
16:57:22;597;696;597;;11800
16:57:22;597;696;597;;10168
16:57:23;597;696;597;;11896
16:57:23;597;696;597;;11852
16:57:24;597;696;597;;11928
16:57:24;597;696;597;;11756
16:57:25;597;697;597;;11724
16:57:25;597;697;597;;11804
16:57:26;597;697;597;;11708
16:57:26;597;697;597;;11680
16:57:27;597;697;597;;11592
16:57:27;597;697;597;;11636
16:57:28;597;697;597;;11688
16:57:28;597;697;597;;10388
16:57:29;597;697;597;;10120
16:57:29;597;697;597;;11804
16:57:30;597;697;597;;10388
16:57:30;597;697;597;;11688
16:57:31;597;697;597;;10312
16:57:31;597;697;597;;10244
16:57:32;597;696;597;;10228
16:57:33;597;697;597;;10120
16:57:33;597;697;597;;10096
16:57:34;597;698;597;;10220
16:57:34;597;698;597;;10120
16:57:35;597;697;597;;10044
16:57:35;597;697;597;;10116
16:57:36;597;696;597;;10044
16:57:36;597;696;597;;10116
16:57:37;597;697;597;;10264
16:57:37;597;697;597;;10144
16:57:38;597;697;597;;10092
16:57:38;597;697;597;;10048
16:57:39;597;696;597;;10216
16:57:39;597;696;597;;10120
16:57:40;597;696;597;;10072
16:57:40;597;696;597;;10120
16:57:41;597;696;597;;10144
16:57:41;597;696;597;;10124
16:57:42;597;697;597;;10120
16:57:42;597;697;597;;10072
16:57:43;597;696;597;;10048
16:57:43;597;696;597;;10120
16:57:44;597;696;597;;10096
16:57:44;597;696;597;;10124
16:57:45;597;697;597;;10096
16:57:45;597;697;597;;10120
16:57:46;597;696;597;;10124
16:57:46;597;696;597;;10144
16:57:47;596;696;597;;10072
16:57:47;596;696;597;;10144
16:57:48;596;696;597;;10096
16:57:48;596;696;597;;10148
16:57:49;597;696;597;;10124
16:57:49;597;696;597;;10148
16:57:50;597;696;597;;11800
16:57:50;597;696;597;;11848
16:57:51;597;696;597;;11828
16:57:51;597;696;597;;11752
16:57:52;597;697;597;;12076
16:57:52;597;697;597;;12000
16:57:53;597;696;597;;11976
16:57:53;597;696;597;;11776
16:57:54;597;696;597;;11804
16:57:54;597;696;597;;11804
16:57:55;596;696;596;;11800
16:57:55;596;696;596;;11756
16:57:56;597;697;597;;11748
16:57:56;597;697;597;;11728
16:57:57;597;696;597;;10148
16:57:57;597;696;597;;10244
16:57:58;597;696;597;;11728
16:57:58;597;696;597;;11704
16:57:59;597;697;597;;10220
16:57:59;597;697;597;;11704
16:58:00;597;696;597;;10096
16:58:00;597;696;597;;10052
16:58:01;597;696;597;;10120
16:58:01;597;696;597;;10024
16:58:02;597;697;597;;10140
16:58:02;597;697;597;;10020
16:58:03;597;696;597;;10220
16:58:03;597;696;597;;10120
16:58:04;597;696;596;;10144
16:58:05;597;697;597;;10024
16:58:05;597;697;597;;12020
16:58:06;597;697;597;;11880
16:58:06;597;697;597;;11848
16:58:07;596;696;597;;11744
16:58:07;596;696;597;;11668
16:58:08;596;696;596;;11744
16:58:08;596;696;596;;11748
16:58:09;597;696;597;;11880
16:58:09;597;696;597;;11864
16:58:10;597;697;597;;11896
16:58:10;597;697;597;;11672
16:58:11;597;696;597;;10164
16:58:11;597;696;597;;11772
16:58:12;597;696;597;;11872
16:58:12;597;696;597;;11728
16:58:13;597;697;597;;10288
16:58:13;597;697;597;;11628
16:58:14;597;697;597;;10456
16:58:14;597;697;597;;10408
16:58:15;597;696;597;;10436
16:58:15;597;696;597;;10464
16:58:16;597;696;597;;10312
16:58:16;597;696;597;;10336
16:58:17;597;696;597;;10164
16:58:17;597;696;597;;10092
16:58:18;597;696;597;;10120
16:58:18;597;696;597;;10096
16:58:19;597;696;597;;10024
16:58:19;597;696;597;;10028
16:58:20;597;696;597;;10100
16:58:20;597;696;597;;10024
16:58:21;597;696;597;;10244
16:58:21;597;696;597;;10148
16:58:22;597;696;597;;10100
16:58:22;597;696;597;;10024
16:58:23;597;697;597;;10120
16:58:23;597;697;597;;11776
16:58:24;597;697;597;;10264
16:58:24;597;697;597;;10144
16:58:25;597;697;597;;10100
16:58:25;597;697;597;;10148
16:58:26;597;697;597;;10216
16:58:26;597;697;597;;10220
16:58:27;597;697;597;;10144
16:58:27;597;697;597;;10148
16:58:28;597;698;597;;11904
16:58:28;597;698;597;;11752
16:58:29;597;697;597;;11892
16:58:29;597;697;597;;10364
16:58:30;597;697;597;;11924
16:58:30;597;697;597;;11904
16:58:31;597;696;597;;11952
16:58:31;597;696;597;;12028
16:58:32;597;697;597;;11848
16:58:32;597;697;597;;11900
16:58:33;597;698;597;;11848
16:58:33;597;698;597;;11900
16:58:34;597;698;597;;11876
16:58:35;597;697;597;;11824
16:58:35;597;697;597;;11776
16:58:36;597;698;597;;11728
16:58:36;597;698;597;;11736
16:58:37;597;698;598;;11728
16:58:37;597;698;598;;10072
16:58:38;597;698;597;;10204
16:58:38;597;698;597;;10268
16:58:39;597;698;597;;10164
16:58:39;597;698;597;;10204
16:58:40;597;698;597;;11704
16:58:40;597;698;597;;10048
16:58:41;597;697;597;;10048
16:58:41;597;697;597;;10120
16:58:42;597;698;597;;10120
16:58:42;597;698;597;;10200
16:58:43;597;696;597;;10120
16:58:43;597;696;597;;10024
16:58:44;597;697;597;;9972
16:58:44;597;697;597;;10072
16:58:45;597;696;597;;10096
16:58:45;597;696;597;;10204
16:58:46;596;696;597;;10124
16:58:46;596;696;597;;10100
16:58:47;597;696;597;;10048
16:58:47;597;696;597;;10188
16:58:48;597;696;597;;10124
16:58:48;597;696;597;;10072
16:58:49;596;696;597;;10128
16:58:49;596;696;597;;10024
16:58:50;596;696;596;;10148
16:58:50;596;696;596;;10100
16:58:51;596;696;597;;10124
16:58:51;596;696;597;;10072
16:58:52;597;696;597;;10076
16:58:52;597;696;597;;10200
16:58:53;597;697;597;;10052
16:58:53;597;697;597;;10124
16:58:54;597;697;597;;11760
16:58:54;597;697;597;;11756
16:58:55;597;696;597;;11932
16:58:55;597;696;597;;11752
16:58:56;597;697;597;;10172
16:58:56;597;697;597;;12080
16:58:57;597;697;597;;11756
16:58:57;597;697;597;;11800
16:58:58;597;696;597;;10196
16:58:58;597;696;597;;11728
16:58:59;597;697;597;;11828
16:58:59;597;697;597;;11728
16:59:00;597;697;597;;10068
16:59:00;597;697;597;;11728
16:59:01;597;696;597;;10292
16:59:01;597;696;597;;10344
16:59:02;597;697;597;;10220
16:59:02;597;697;597;;10096
16:59:03;597;697;597;;10096
16:59:03;597;697;597;;10100
16:59:04;597;698;597;;10144
16:59:04;597;698;597;;10216
16:59:05;597;697;597;;10120
16:59:06;597;697;597;;10092
16:59:06;597;697;597;;10020
16:59:07;597;698;597;;10364
16:59:07;597;698;597;;10072
16:59:08;597;697;597;;10216
16:59:08;597;697;597;;11660
16:59:09;597;697;597;;10124
16:59:09;597;697;597;;11704
16:59:10;597;698;597;;10000
16:59:10;597;698;597;;10024
16:59:11;597;698;597;;10120
16:59:11;597;698;597;;10072
16:59:12;597;698;597;;11704
16:59:12;597;698;597;;10052
16:59:13;597;698;597;;10096
16:59:13;597;698;597;;10000
16:59:14;597;697;597;;10100
16:59:14;597;697;597;;10124
16:59:15;597;698;597;;10316
16:59:15;597;698;597;;10120
16:59:16;597;698;597;;10000
16:59:16;597;698;597;;10052
16:59:17;597;699;598;;10052
16:59:17;597;699;598;;10072
16:59:18;597;699;598;;10248
16:59:18;597;699;598;;10076
16:59:19;597;698;597;;10076
16:59:19;597;698;597;;10076
16:59:20;598;698;598;;10172
16:59:20;598;698;598;;10148
16:59:21;598;699;598;;11780
16:59:21;598;699;598;;11780
16:59:22;597;697;597;;11780
16:59:22;597;697;597;;11832
16:59:23;597;697;597;;10100
16:59:23;597;697;597;;10052
16:59:24;597;698;597;;10124
16:59:24;597;698;597;;11732
16:59:25;597;697;597;;10208
16:59:25;597;697;597;;10052
16:59:26;597;697;597;;11808
16:59:26;597;697;597;;11712
16:59:27;597;697;597;;10124
16:59:27;597;697;597;;11756
16:59:28;597;697;597;;11756
16:59:28;597;697;597;;10244
16:59:29;597;698;597;;11800
16:59:29;597;698;597;;11752
16:59:30;597;698;597;;10412
16:59:30;597;698;597;;10196
16:59:31;597;698;597;;10388
16:59:31;597;698;597;;10240
16:59:32;597;697;597;;10264
16:59:32;597;697;597;;10120
16:59:33;597;696;597;;10220
16:59:33;597;696;597;;10220
16:59:34;597;697;597;;10120
16:59:34;597;697;597;;10320
16:59:35;597;698;597;;10220
16:59:35;597;698;597;;10240
16:59:36;597;698;597;;10148
16:59:36;597;698;597;;10148
16:59:37;597;697;597;;10180
16:59:38;597;698;597;;10100
16:59:38;597;698;597;;10224
16:59:39;597;698;597;;10052
16:59:39;597;698;597;;10100
16:59:40;597;698;597;;10100
16:59:40;597;698;597;;10000
16:59:41;597;698;597;;10056
16:59:41;597;698;597;;10000
16:59:42;597;698;597;;10128
16:59:42;597;698;597;;10152
16:59:43;597;698;597;;10124
16:59:43;597;698;597;;10104
16:59:44;597;699;598;;10152
16:59:44;597;699;598;;10176
16:59:45;598;699;598;;10248
16:59:45;598;699;598;;10248
16:59:46;597;698;598;;11684
16:59:46;597;698;598;;10200
16:59:47;597;698;598;;10004
16:59:47;597;698;598;;10124
16:59:48;597;698;598;;11692
16:59:48;597;698;598;;11732
16:59:49;598;699;598;;11728
16:59:49;598;699;598;;10076
16:59:50;598;699;598;;10148
16:59:50;598;699;598;;10052
16:59:51;598;699;598;;10076
16:59:51;598;699;598;;10024
16:59:52;597;698;597;;10048
16:59:52;597;698;597;;10172
16:59:53;597;697;597;;10124
16:59:53;597;697;597;;10244
16:59:54;597;697;597;;10148
16:59:54;597;697;597;;10096
16:59:55;597;698;597;;10268
16:59:55;597;698;597;;10172
16:59:56;597;696;597;;10124
16:59:56;597;696;597;;10124
16:59:57;597;696;597;;10072
16:59:57;597;696;597;;10024
16:59:58;597;696;597;;10124
16:59:58;597;696;597;;10096
16:59:59;597;696;597;;10188
16:59:59;597;696;597;;10388
