09:49:17;703;1023;714;;9104
09:49:18;712;1023;713;;9188
09:49:18;712;1023;713;;9156
09:49:19;713;1023;713;;9208
09:49:19;713;1023;713;;9208
09:49:20;713;1023;713;;9132
09:49:20;713;1023;713;;9184
09:49:21;713;1023;713;;9160
09:49:21;713;1023;713;;9180
09:49:22;713;1023;713;;9056
09:49:22;713;1023;713;;9204
09:49:23;713;1023;713;;9180
09:49:23;713;1023;713;;9256
09:49:24;713;1023;713;;9080
09:49:24;713;1023;713;;9128
09:49:25;713;1023;713;;9204
09:49:25;713;1023;713;;9184
09:49:26;713;1023;713;;9280
09:49:26;713;1023;713;;9180
09:49:27;713;1023;713;;9332
09:49:27;713;1023;713;;9104
09:49:28;713;1023;712;;9128
09:49:28;713;1023;712;;9208
09:49:29;712;1023;712;;9204
09:49:29;712;1023;712;;9204
09:49:30;712;1023;712;;9228
09:49:30;712;1023;712;;9128
09:49:31;712;1023;712;;9160
09:49:31;712;1023;712;;9156
09:49:32;712;1023;712;;9132
09:49:33;712;1023;712;;9156
09:49:33;712;1023;712;;9156
09:49:34;712;1023;712;;9156
09:49:34;712;1023;712;;9084
09:49:35;712;1023;712;;9252
09:49:35;712;1023;712;;9180
09:49:36;712;1023;712;;9080
09:49:36;712;1023;712;;9156
09:49:37;712;1023;712;;9080
09:49:37;712;1023;712;;9076
09:49:38;712;1023;712;;9228
09:49:38;712;1023;712;;9180
09:49:39;712;1023;712;;9280
09:49:39;712;1023;712;;9280
09:49:40;712;1023;712;;9160
09:49:40;712;1023;712;;9160
09:49:41;712;1023;712;;9080
09:49:41;712;1023;712;;9180
09:49:42;712;1023;712;;9108
09:49:42;712;1023;712;;9156
09:49:43;712;1023;712;;9128
09:49:43;712;1023;712;;9184
09:49:44;712;1023;712;;9160
09:49:44;712;1023;712;;9176
09:49:45;712;1023;712;;9132
09:49:45;712;1023;712;;9184
09:49:46;712;1023;712;;9200
09:49:46;712;1023;712;;9204
09:49:47;712;1023;712;;9132
09:49:47;712;1023;712;;9232
09:49:48;712;1023;712;;9156
09:49:48;712;1023;712;;9104
09:49:49;712;1023;712;;9156
09:49:49;712;1023;712;;9132
09:49:50;712;1023;712;;9084
09:49:50;712;1023;712;;9156
09:49:51;712;1023;712;;9132
09:49:51;712;1023;712;;9080
09:49:52;712;1023;712;;8980
09:49:52;712;1023;712;;9180
09:49:53;712;1023;712;;9104
09:49:53;712;1023;712;;9108
09:49:54;711;1023;712;;9160
09:49:54;711;1023;712;;9108
09:49:55;712;1023;712;;9156
09:49:55;712;1023;712;;9108
09:49:56;711;1023;712;;9156
09:49:56;711;1023;712;;9132
09:49:57;711;1023;712;;9052
09:49:57;711;1023;712;;9108
09:49:58;711;1023;711;;9228
09:49:58;711;1023;711;;9132
09:49:59;711;1023;711;;9128
09:49:59;711;1023;711;;9180
09:50:00;711;1023;711;;9356
09:50:00;711;1023;711;;9152
09:50:01;711;1023;711;;9228
09:50:01;711;1023;711;;9260
09:50:02;711;1023;711;;9108
09:50:02;711;1023;711;;9156
09:50:03;711;1023;711;;9156
09:50:03;711;1023;711;;9232
09:50:04;711;1023;711;;9256
09:50:04;711;1023;711;;9180
09:50:05;711;1023;711;;9132
09:50:05;711;1023;711;;9240
09:50:06;711;1023;711;;9156
09:50:07;711;1023;711;;9308
09:50:07;711;1023;711;;9160
09:50:08;711;1023;711;;9100
09:50:08;711;1023;711;;9180
09:50:09;711;1023;711;;9180
09:50:09;711;1023;711;;9304
09:50:10;711;1023;711;;9176
09:50:10;711;1023;711;;9176
09:50:11;711;1023;711;;9200
09:50:11;711;1023;711;;9228
09:50:12;711;1023;711;;9152
09:50:12;711;1023;711;;9276
09:50:13;711;1023;711;;9104
09:50:13;711;1023;711;;9128
09:50:14;711;1023;711;;9188
09:50:14;711;1023;711;;9180
09:50:15;711;1023;711;;9156
09:50:15;711;1023;711;;9076
09:50:16;711;1023;711;;9156
09:50:16;711;1023;711;;9156
09:50:17;711;1023;711;;9052
09:50:17;711;1023;711;;9100
09:50:18;711;1023;711;;9200
09:50:18;711;1023;711;;9264
09:50:19;711;1023;711;;9132
09:50:19;711;1023;711;;9156
09:50:20;711;1023;711;;9228
09:50:20;711;1023;711;;9236
09:50:21;711;1023;711;;9232
09:50:21;711;1023;711;;9204
09:50:22;711;1023;711;;9152
09:50:22;711;1023;711;;9228
09:50:23;711;1023;711;;9132
09:50:23;711;1023;711;;9256
09:50:24;711;1023;711;;9180
09:50:24;711;1023;711;;9304
09:50:25;711;1023;711;;9152
09:50:25;711;1023;711;;9100
09:50:26;711;1023;711;;9104
09:50:26;711;1023;711;;9200
09:50:27;711;1023;711;;9128
09:50:27;711;1023;711;;9304
09:50:28;711;1023;711;;9180
09:50:28;711;1023;711;;9176
09:50:29;711;1023;711;;9184
09:50:29;711;1023;711;;9180
09:50:30;711;1023;711;;9180
09:50:30;711;1023;711;;9156
09:50:31;711;1023;711;;9180
09:50:31;711;1023;711;;9180
09:50:32;711;1023;711;;9180
09:50:32;711;1023;711;;9160
09:50:33;711;1023;711;;9132
09:50:33;711;1023;711;;9304
09:50:34;711;1023;711;;9256
09:50:34;711;1023;711;;9176
09:50:35;711;1023;711;;9152
09:50:35;711;1023;711;;9228
09:50:36;711;1023;711;;9204
09:50:36;711;1023;711;;9256
09:50:37;711;1023;711;;9180
09:50:37;711;1023;711;;9156
09:50:38;711;1023;711;;9076
09:50:38;711;1023;711;;9100
09:50:39;711;1023;711;;9052
09:50:40;711;1023;711;;9180
09:50:40;711;1023;711;;9056
09:50:41;711;1023;711;;9124
09:50:41;711;1023;711;;9180
09:50:42;711;1023;711;;9180
09:50:42;711;1023;711;;9132
09:50:43;711;1023;711;;9128
09:50:43;711;1023;711;;9152
09:50:44;711;1023;711;;9108
09:50:44;711;1023;711;;9224
09:50:45;711;1023;711;;9132
09:50:45;711;1023;711;;9204
09:50:46;711;1023;711;;9180
09:50:46;711;1023;711;;9228
09:50:47;711;1023;711;;9156
09:50:47;711;1023;711;;9180
09:50:48;711;1023;711;;9160
09:50:48;711;1023;711;;9228
09:50:49;711;1023;711;;9084
09:50:49;711;1023;711;;9160
09:50:50;711;1023;711;;9208
09:50:50;711;1023;711;;9132
09:50:51;711;1023;711;;9160
09:50:51;711;1023;711;;9232
09:50:52;711;1023;711;;9180
09:50:52;711;1023;711;;9180
09:50:53;711;1023;711;;9256
09:50:53;711;1023;711;;9156
09:50:54;711;1023;711;;9256
09:50:54;711;1023;711;;9204
09:50:55;711;1023;711;;9128
09:50:55;711;1023;711;;9180
09:50:56;711;1023;711;;9304
09:50:56;711;1023;711;;9184
09:50:57;711;1023;711;;9156
09:50:57;711;1023;711;;9252
09:50:58;711;1023;711;;9204
09:50:58;711;1023;711;;9176
09:50:59;711;1023;711;;9100
09:50:59;711;1023;711;;9128
09:51:00;711;1023;711;;9200
09:51:00;711;1023;711;;9176
09:51:01;711;1023;711;;9080
09:51:01;711;1023;711;;9148
09:51:02;711;1023;711;;9104
09:51:02;711;1023;711;;9124
09:51:03;711;1023;711;;9100
09:51:03;711;1023;711;;9280
09:51:04;711;1023;711;;9256
09:51:04;711;1023;711;;9160
09:51:05;711;1023;711;;9152
09:51:05;711;1023;711;;9132
09:51:06;711;1023;711;;9204
09:51:06;711;1023;711;;9176
09:51:07;711;1023;711;;9256
09:51:07;711;1023;711;;9152
09:51:08;711;1023;711;;9056
09:51:08;711;1023;711;;9128
09:51:09;711;1023;711;;9156
09:51:09;711;1023;711;;9156
09:51:10;711;1023;711;;9052
09:51:10;711;1023;711;;9176
09:51:11;711;1023;711;;9200
09:51:11;711;1023;711;;9128
09:51:12;711;1023;711;;9152
09:51:12;711;1023;711;;9100
09:51:13;711;1023;711;;9228
09:51:14;711;1023;711;;9128
09:51:14;711;1023;711;;9128
09:51:15;711;1023;711;;9164
09:51:15;711;1023;711;;9108
09:51:16;711;1023;711;;9156
09:51:16;711;1023;711;;9204
09:51:17;711;1023;711;;9156
09:51:17;711;1023;711;;9152
09:51:18;711;1023;711;;9280
09:51:18;711;1023;711;;9184
09:51:19;711;1023;711;;9304
09:51:19;711;1023;711;;9156
09:51:20;711;1023;711;;9176
09:51:20;711;1023;711;;9100
09:51:21;711;1023;711;;9132
09:51:21;711;1023;711;;9152
09:51:22;711;1023;711;;9128
09:51:22;711;1023;711;;9304
09:51:23;711;1023;711;;9132
09:51:23;711;1023;711;;9156
09:51:24;711;1023;711;;9156
09:51:24;711;1023;711;;9032
09:51:25;711;1023;711;;9180
09:51:25;711;1023;711;;9256
09:51:26;711;1023;711;;9084
09:51:26;711;1023;711;;9256
09:51:27;711;1023;711;;9156
09:51:27;711;1023;711;;9132
09:51:28;711;1023;711;;9160
09:51:28;711;1023;711;;9156
09:51:29;711;1023;711;;9128
09:51:29;711;1023;711;;9056
09:51:30;711;1023;711;;9180
09:51:30;711;1023;711;;9180
09:51:31;711;1023;711;;9204
09:51:31;711;1023;711;;9056
09:51:32;711;1023;711;;9280
09:51:32;711;1023;711;;9176
09:51:33;711;1023;711;;9204
09:51:33;711;1023;711;;9300
09:51:34;711;1023;711;;9004
09:51:34;711;1023;711;;9176
09:51:35;711;1023;711;;9156
09:51:35;711;1023;711;;9200
09:51:36;711;1023;711;;9156
09:51:36;711;1023;711;;9152
09:51:37;711;1023;711;;9180
09:51:37;711;1023;711;;9208
09:51:38;711;1023;711;;9104
09:51:38;711;1023;711;;9204
09:51:39;711;1023;711;;9052
09:51:39;711;1023;711;;9228
09:51:40;711;1023;711;;9204
09:51:40;711;1023;711;;9100
09:51:41;711;1023;711;;9228
09:51:41;711;1023;711;;9180
09:51:42;711;1023;711;;9128
09:51:42;711;1023;711;;9204
09:51:43;711;1023;711;;9236
09:51:43;711;1023;711;;9252
09:51:44;711;1023;711;;9276
09:51:44;711;1023;711;;9228
09:51:45;711;1023;711;;9152
09:51:45;711;1023;711;;9152
09:51:46;711;1023;711;;9128
09:51:46;711;1023;711;;9080
09:51:47;711;1023;711;;9128
09:51:48;711;1023;711;;9180
09:51:48;711;1023;711;;9152
09:51:49;711;1023;711;;9156
09:51:49;711;1023;711;;9176
09:51:50;711;1023;711;;9104
09:51:50;711;1023;711;;9132
09:51:51;711;1023;711;;9280
09:51:51;711;1023;711;;9180
09:51:52;711;1023;711;;9156
09:51:52;711;1023;711;;9180
09:51:53;711;1023;711;;9132
09:51:53;711;1023;711;;9176
09:51:54;711;1023;711;;9004
09:51:54;711;1023;711;;9204
09:51:55;711;1023;711;;9160
09:51:55;711;1023;711;;9176
09:51:56;711;1023;711;;9156
09:51:56;711;1023;711;;9132
09:51:57;711;1023;711;;9108
09:51:57;711;1023;711;;9076
09:51:58;711;1023;711;;9132
09:51:58;711;1023;711;;9004
09:51:59;711;1023;711;;9132
09:51:59;711;1023;711;;9128
09:52:00;711;1023;711;;9232
09:52:00;711;1023;711;;9132
09:52:01;711;1023;711;;9176
09:52:01;711;1023;711;;9200
09:52:02;711;1023;711;;9268
09:52:02;711;1023;711;;9132
09:52:03;711;1023;711;;9100
09:52:03;711;1023;711;;9180
09:52:04;711;1023;711;;9228
09:52:04;711;1023;711;;9156
09:52:05;711;1023;711;;9176
09:52:05;711;1023;711;;9160
09:52:06;711;1023;711;;9328
09:52:06;711;1023;711;;9204
09:52:07;711;1023;711;;9228
09:52:07;711;1023;711;;9232
09:52:08;711;1023;711;;9056
09:52:08;711;1023;711;;9152
09:52:09;711;1023;711;;9228
09:52:09;711;1023;711;;9152
09:52:10;711;1023;711;;9276
09:52:10;711;1023;711;;9156
09:52:11;711;1023;711;;9176
09:52:11;711;1023;711;;9148
09:52:12;711;1023;711;;9204
09:52:12;711;1023;711;;9176
09:52:13;711;1023;711;;9104
09:52:13;711;1023;711;;9156
09:52:14;711;1023;711;;9208
09:52:14;711;1023;711;;9132
09:52:15;711;1023;711;;9076
09:52:15;711;1023;711;;9076
09:52:16;711;1023;711;;9152
09:52:16;711;1023;711;;9152
09:52:17;711;1023;711;;9124
09:52:17;711;1023;711;;9028
09:52:18;711;1023;711;;9124
09:52:18;711;1023;711;;9204
09:52:19;711;1023;711;;9176
09:52:19;711;1023;711;;9204
09:52:20;711;1023;711;;9156
09:52:21;711;1023;711;;9156
09:52:21;711;1023;711;;9280
09:52:22;711;1023;711;;9256
09:52:22;711;1023;711;;9152
09:52:23;711;1023;711;;9100
09:52:23;711;1023;711;;9152
09:52:24;711;1023;711;;9128
09:52:24;711;1023;711;;9100
09:52:25;711;1023;711;;9148
09:52:25;711;1023;711;;9124
09:52:26;711;1023;710;;9180
09:52:26;711;1023;710;;9200
09:52:27;711;1023;711;;9100
09:52:27;711;1023;711;;9076
09:52:28;711;1023;710;;9224
09:52:28;711;1023;710;;9176
09:52:29;711;1023;710;;9180
09:52:29;711;1023;710;;9224
09:52:30;711;1023;711;;9156
09:52:30;711;1023;711;;9204
09:52:31;711;1023;711;;9200
09:52:31;711;1023;711;;9128
09:52:32;711;1023;710;;9152
09:52:32;711;1023;710;;9304
09:52:33;711;1023;710;;9180
09:52:33;711;1023;710;;9176
09:52:34;711;1023;710;;9180
09:52:34;711;1023;710;;9156
09:52:35;711;1023;710;;9252
09:52:35;711;1023;710;;9152
09:52:36;711;1023;710;;9276
09:52:36;711;1023;710;;9152
09:52:37;711;1023;710;;9124
09:52:37;711;1023;710;;9152
09:52:38;711;1023;710;;9124
09:52:38;711;1023;710;;9332
09:52:39;711;1023;710;;9252
09:52:39;711;1023;710;;9200
09:52:40;711;1023;710;;9252
09:52:40;711;1023;710;;9280
09:52:41;710;1023;710;;9200
09:52:41;710;1023;710;;9100
09:52:42;711;1023;710;;9228
09:52:42;711;1023;710;;9152
09:52:43;710;1023;710;;9156
09:52:43;710;1023;710;;9304
09:52:44;711;1023;710;;9176
09:52:44;711;1023;710;;9124
09:52:45;711;1023;710;;9204
09:52:45;711;1023;710;;9204
09:52:46;711;1023;710;;9180
09:52:46;711;1023;710;;9256
09:52:47;711;1023;710;;9280
09:52:47;711;1023;710;;9156
09:52:48;710;1023;710;;9080
09:52:48;710;1023;710;;9100
09:52:49;710;1023;710;;9280
09:52:49;710;1023;710;;9100
09:52:50;710;1023;710;;9152
09:52:50;710;1023;710;;9200
09:52:51;710;1023;710;;9228
09:52:51;710;1023;710;;9152
09:52:52;711;1023;710;;9100
09:52:52;711;1023;710;;9148
09:52:53;710;1023;710;;9176
09:52:53;710;1023;710;;9152
09:52:54;710;1023;710;;9252
09:52:55;710;1023;710;;9224
09:52:55;710;1023;710;;9228
09:52:56;710;1023;710;;9148
09:52:56;710;1023;710;;9080
09:52:57;710;1023;710;;9100
09:52:57;710;1023;710;;9128
09:52:58;710;1023;710;;9124
09:52:58;710;1023;710;;9124
09:52:59;710;1023;710;;9200
09:52:59;710;1023;710;;9104
09:53:00;710;1023;710;;9180
09:53:00;710;1023;710;;9104
09:53:01;710;1023;710;;9056
09:53:01;710;1023;710;;9072
09:53:02;710;1023;710;;9204
09:53:02;710;1023;710;;9124
09:53:03;710;1023;710;;9180
09:53:03;710;1023;710;;9200
09:53:04;710;1023;710;;9176
09:53:04;710;1023;710;;9176
09:53:05;710;1023;710;;9084
09:53:05;710;1023;710;;9104
09:53:06;710;1023;710;;9160
09:53:06;710;1023;710;;9100
09:53:07;710;1023;710;;9148
09:53:07;710;1023;710;;9300
09:53:08;710;1023;710;;9100
09:53:08;710;1023;710;;9172
09:53:09;710;1023;710;;9200
09:53:09;710;1023;710;;9228
09:53:10;710;1023;710;;9100
09:53:10;710;1023;710;;9148
09:53:11;710;1023;710;;9176
09:53:11;710;1023;710;;9200
09:53:12;710;1023;710;;9128
09:53:12;710;1023;710;;9200
09:53:13;710;1023;710;;9200
09:53:13;710;1023;710;;9100
09:53:14;710;1023;710;;9100
09:53:14;710;1023;710;;9152
09:53:15;710;1023;710;;9124
09:53:15;710;1023;710;;9304
09:53:16;710;1023;710;;9124
09:53:16;710;1023;710;;9324
09:53:17;710;1023;710;;9380
09:53:17;710;1023;710;;9176
09:53:18;710;1023;710;;9172
09:53:18;710;1023;710;;9148
09:53:19;710;1023;710;;9128
09:53:19;710;1023;710;;9148
09:53:20;710;1023;710;;9220
09:53:20;710;1023;710;;9224
09:53:21;710;1023;710;;9220
09:53:21;710;1023;710;;9172
09:53:22;710;1023;710;;9224
09:53:22;710;1023;710;;9128
09:53:23;710;1023;710;;9248
09:53:23;710;1023;710;;9052
09:53:24;710;1023;710;;9148
09:53:24;710;1023;710;;9156
09:53:25;710;1023;710;;9148
09:53:25;710;1023;710;;9104
09:53:26;710;1023;710;;9176
09:53:26;710;1023;710;;9024
09:53:27;710;1023;710;;9052
09:53:27;710;1023;710;;9128
09:53:28;710;1023;710;;9100
09:53:29;710;1023;710;;9148
09:53:29;710;1023;710;;9152
09:53:30;710;1023;710;;9176
09:53:30;710;1023;710;;9156
09:53:31;710;1023;710;;9176
09:53:31;710;1023;710;;9076
09:53:32;710;1023;710;;9128
09:53:32;710;1023;710;;9152
09:53:33;710;1023;710;;9128
09:53:33;710;1023;710;;9048
09:53:34;710;1023;710;;9100
09:53:34;710;1023;710;;9176
09:53:35;710;1023;710;;9076
09:53:35;710;1023;710;;9072
09:53:36;710;1023;710;;9156
09:53:36;710;1023;710;;9176
09:53:37;710;1023;710;;9048
09:53:37;710;1023;710;;9124
09:53:38;710;1023;710;;9100
09:53:38;710;1023;710;;9152
09:53:39;710;1023;710;;9148
09:53:39;710;1023;710;;9228
09:53:40;710;1023;710;;9048
09:53:40;710;1023;710;;9100
09:53:41;710;1023;710;;9124
09:53:41;710;1023;710;;9100
09:53:42;710;1023;710;;9228
09:53:42;710;1023;710;;9224
09:53:43;710;1023;710;;9052
09:53:43;710;1023;710;;9224
09:53:44;710;1023;710;;9204
09:53:44;710;1023;710;;9252
09:53:45;710;1023;710;;9152
09:53:45;710;1023;710;;9176
09:53:46;710;1023;710;;9224
09:53:46;710;1023;710;;9180
09:53:47;710;1023;710;;9196
09:53:47;710;1023;710;;9176
09:53:48;710;1023;710;;9172
09:53:48;710;1023;710;;9200
09:53:49;710;1023;710;;9176
09:53:49;710;1023;710;;9196
09:53:50;710;1023;710;;9100
09:53:50;710;1023;710;;9052
09:53:51;710;1023;710;;9172
09:53:51;710;1023;710;;9228
09:53:52;710;1023;710;;9152
09:53:52;710;1023;710;;9128
09:53:53;710;1023;710;;9172
09:53:53;710;1023;710;;9228
09:53:54;710;1023;710;;9248
09:53:54;710;1023;710;;9100
09:53:55;710;1023;710;;9124
09:53:55;710;1023;710;;9176
09:53:56;710;1023;710;;9132
09:53:56;710;1023;710;;9176
09:53:57;710;1023;710;;9124
09:53:57;710;1023;710;;9104
09:53:58;710;1023;710;;9124
09:53:58;710;1023;710;;9156
09:53:59;710;1023;710;;9252
09:53:59;710;1023;710;;9176
09:54:00;710;1023;710;;9276
09:54:00;710;1023;710;;9124
09:54:01;710;1023;710;;9076
09:54:01;710;1023;710;;9224
09:54:02;710;1023;710;;9176
09:54:03;710;1023;710;;9124
09:54:03;710;1023;710;;9148
09:54:04;710;1023;710;;9196
09:54:04;710;1023;710;;9124
09:54:05;710;1023;710;;9228
09:54:05;710;1023;710;;9148
09:54:06;710;1023;710;;9152
09:54:06;710;1023;710;;9272
09:54:07;710;1023;710;;9148
09:54:07;710;1023;710;;9228
09:54:08;710;1023;710;;9256
09:54:08;710;1023;710;;9096
09:54:09;710;1023;710;;9100
09:54:09;710;1023;710;;9148
09:54:10;710;1023;710;;9148
09:54:10;710;1023;710;;9052
09:54:11;710;1023;710;;9224
09:54:11;710;1023;710;;9152
09:54:12;710;1023;710;;9224
09:54:12;710;1023;710;;9148
09:54:13;710;1023;710;;9172
09:54:13;710;1023;710;;9156
09:54:14;710;1023;710;;9144
09:54:14;710;1023;710;;9124
09:54:15;710;1023;710;;9172
09:54:15;710;1023;710;;9224
09:54:16;710;1023;710;;9100
09:54:16;710;1023;710;;9248
09:54:17;710;1023;710;;9052
09:54:17;710;1023;710;;9124
09:54:18;710;1023;710;;9048
09:54:18;710;1023;710;;9176
09:54:19;710;1023;710;;9148
09:54:19;710;1023;710;;9248
09:54:20;710;1023;710;;9124
09:54:20;710;1023;710;;9120
09:54:21;710;1023;710;;9200
09:54:21;710;1023;710;;9300
09:54:22;710;1023;710;;9148
09:54:22;710;1023;710;;9200
09:54:23;710;1023;710;;9120
09:54:23;710;1023;710;;9148
09:54:24;710;1023;710;;9100
09:54:24;710;1023;710;;9220
09:54:25;710;1023;710;;9248
09:54:25;710;1023;710;;9196
09:54:26;710;1023;710;;9328
09:54:26;710;1023;710;;9200
09:54:27;710;1023;710;;9276
09:54:27;710;1023;710;;9252
09:54:28;710;1023;710;;9100
09:54:28;710;1023;710;;9100
09:54:29;710;1023;710;;9172
09:54:29;710;1023;710;;9076
09:54:30;710;1023;710;;9148
09:54:30;710;1023;710;;9148
09:54:31;710;1023;710;;9200
09:54:31;710;1023;710;;9200
09:54:32;710;1023;710;;9176
09:54:32;710;1023;710;;9148
09:54:33;710;1023;710;;9176
09:54:33;710;1023;710;;9180
09:54:34;710;1023;710;;9124
09:54:34;710;1023;710;;9176
09:54:35;710;1023;710;;9120
09:54:36;710;1023;710;;9224
09:54:36;710;1023;710;;9148
09:54:37;710;1023;710;;9124
09:54:37;710;1023;710;;9224
09:54:38;710;1023;710;;9128
09:54:38;710;1023;710;;9096
09:54:39;710;1023;710;;9196
09:54:39;710;1023;710;;9180
09:54:40;710;1023;710;;9096
09:54:40;710;1023;710;;9100
09:54:41;710;1023;710;;9148
09:54:41;710;1023;710;;9096
09:54:42;710;1023;710;;9200
09:54:42;710;1023;710;;9076
09:54:43;710;1023;710;;9200
09:54:43;710;1023;710;;9124
09:54:44;710;1023;710;;9072
09:54:44;710;1023;710;;9048
09:54:45;710;1023;710;;9072
09:54:45;710;1023;710;;9152
09:54:46;710;1023;710;;9124
09:54:46;710;1023;710;;9100
09:54:47;710;1023;710;;9044
09:54:47;710;1023;710;;9248
09:54:48;710;1023;710;;9124
09:54:48;710;1023;710;;9096
09:54:49;710;1023;710;;9100
09:54:49;710;1023;710;;9104
09:54:50;710;1023;710;;9124
09:54:50;710;1023;710;;9200
09:54:51;710;1023;710;;9048
09:54:51;710;1023;710;;9120
09:54:52;710;1023;710;;9104
09:54:52;710;1023;710;;9104
09:54:53;710;1023;710;;9148
09:54:53;710;1023;710;;9224
09:54:54;710;1023;710;;9100
09:54:54;710;1023;710;;9156
09:54:55;710;1023;710;;9104
09:54:55;710;1023;710;;9176
09:54:56;710;1023;710;;9096
09:54:56;710;1023;710;;9124
09:54:57;710;1023;710;;9148
09:54:57;710;1023;710;;9180
09:54:58;710;1023;710;;9152
09:54:58;710;1023;710;;9124
09:54:59;710;1023;710;;9152
09:54:59;710;1023;710;;9100
09:55:00;710;1023;710;;9176
09:55:00;710;1023;710;;9200
09:55:01;710;1023;710;;9100
09:55:01;710;1023;710;;9100
09:55:02;710;1023;710;;9200
09:55:02;710;1023;710;;9124
09:55:03;710;1023;710;;9176
09:55:03;710;1023;710;;9100
09:55:04;710;1023;710;;9120
09:55:04;710;1023;710;;9100
09:55:05;710;1023;710;;9224
09:55:05;710;1023;710;;9200
09:55:06;710;1023;710;;9220
09:55:06;710;1023;710;;9352
09:55:07;710;1023;710;;9156
09:55:07;710;1023;710;;9148
09:55:08;710;1023;710;;9120
09:55:08;710;1023;710;;9048
09:55:09;710;1023;710;;9196
09:55:10;710;1023;710;;9100
09:55:10;710;1023;710;;9224
09:55:11;710;1023;710;;9224
09:55:11;710;1023;710;;9180
09:55:12;710;1023;710;;9076
09:55:12;710;1023;710;;9256
09:55:13;710;1023;710;;9204
09:55:13;710;1023;710;;9076
09:55:14;710;1023;710;;9100
09:55:14;710;1023;710;;9180
09:55:15;710;1023;710;;9228
09:55:15;710;1023;710;;9148
09:55:16;710;1023;710;;9176
09:55:16;710;1023;710;;9100
09:55:17;710;1023;710;;9200
09:55:17;710;1023;710;;9076
09:55:18;710;1023;710;;9200
09:55:18;710;1023;710;;9152
09:55:19;710;1023;710;;9124
09:55:19;710;1023;710;;9052
09:55:20;710;1023;710;;9100
09:55:20;710;1023;710;;9100
09:55:21;710;1023;710;;9100
09:55:21;710;1023;710;;9148
09:55:22;710;1023;710;;9124
09:55:22;710;1023;710;;9124
09:55:23;710;1023;710;;9100
09:55:23;710;1023;710;;9100
09:55:24;710;1023;710;;9128
09:55:24;710;1023;710;;9124
09:55:25;710;1023;710;;9124
09:55:25;710;1023;710;;9124
09:55:26;710;1023;710;;9200
09:55:26;710;1023;710;;9144
09:55:27;710;1023;710;;9048
09:55:27;710;1023;710;;9124
09:55:28;710;1023;710;;9224
09:55:28;710;1023;710;;9176
09:55:29;710;1023;710;;9244
09:55:29;710;1023;710;;9048
09:55:30;710;1023;710;;9224
09:55:30;710;1023;710;;9200
09:55:31;710;1023;710;;9100
09:55:31;710;1023;710;;9148
09:55:32;710;1023;710;;9300
09:55:32;710;1023;710;;9104
09:55:33;710;1023;710;;9200
09:55:33;710;1023;710;;9100
09:55:34;710;1023;710;;9272
09:55:34;710;1023;710;;9248
09:55:35;710;1023;710;;9196
09:55:35;710;1023;710;;9124
09:55:36;710;1023;710;;9224
09:55:36;710;1023;710;;9272
09:55:37;710;1023;710;;9220
09:55:37;710;1023;710;;9200
09:55:38;710;1023;710;;9196
09:55:38;710;1023;710;;9248
09:55:39;710;1023;710;;9176
09:55:39;710;1023;710;;9128
09:55:40;710;1023;710;;9224
09:55:40;710;1023;710;;9172
09:55:41;710;1023;710;;9148
09:55:41;710;1023;710;;9148
09:55:42;710;1023;710;;9224
09:55:42;710;1023;710;;9128
09:55:43;710;1023;710;;9152
09:55:44;710;1023;710;;9248
09:55:44;710;1023;710;;9152
09:55:45;710;1023;710;;9196
09:55:45;710;1023;710;;9148
09:55:46;709;1023;710;;9196
09:55:46;709;1023;710;;9144
09:55:47;710;1023;710;;9196
09:55:47;710;1023;710;;9248
09:55:48;709;1023;710;;9200
09:55:48;709;1023;710;;9176
09:55:49;709;1023;710;;9256
09:55:49;709;1023;710;;9100
09:55:50;709;1023;710;;9172
09:55:50;709;1023;710;;9200
09:55:51;710;1023;710;;9124
09:55:51;710;1023;710;;9124
09:55:52;709;1023;710;;9000
09:55:52;709;1023;710;;9124
09:55:53;709;1023;710;;9144
09:55:53;709;1023;710;;9224
09:55:54;709;1023;710;;9172
09:55:54;709;1023;710;;9100
09:55:55;709;1023;710;;9172
09:55:55;709;1023;710;;9220
09:55:56;709;1023;710;;9120
09:55:56;709;1023;710;;9220
09:55:57;709;1023;710;;9224
09:55:57;709;1023;710;;9200
09:55:58;709;1023;710;;9224
09:55:58;709;1023;710;;9176
09:55:59;709;1023;710;;9172
09:55:59;709;1023;710;;9072
09:56:00;709;1023;709;;6864
09:56:00;709;1023;709;;9324
09:56:01;709;1023;709;;9196
09:56:01;709;1023;709;;8132
09:56:02;709;1023;709;;6348
09:56:02;709;1023;709;;7256
09:56:03;709;1023;709;;7132
09:56:03;709;1023;709;;9304
09:56:04;709;1023;709;;6744
09:56:04;709;1023;709;;9248
09:56:05;709;1023;709;;9372
09:56:05;709;1023;709;;9196
09:56:06;709;1023;709;;9300
09:56:06;709;1023;709;;9296
09:56:07;709;1023;709;;5860
09:56:07;709;1023;709;;9252
09:56:08;709;1023;709;;5832
09:56:08;709;1023;709;;9372
09:56:09;709;1023;709;;5664
09:56:09;709;1023;709;;9248
09:56:10;709;1023;709;;9444
09:56:10;709;1023;709;;5712
09:56:11;709;1023;709;;5720
09:56:11;709;1023;709;;9268
09:56:12;709;1023;709;;9244
09:56:12;709;1023;709;;9368
09:56:13;709;1023;709;;5744
09:56:13;709;1023;709;;9244
09:56:14;709;1023;709;;9400
09:56:14;709;1023;709;;9292
09:56:15;709;1023;709;;9244
09:56:15;709;1023;709;;9196
09:56:16;709;1023;709;;6588
09:56:16;709;1023;709;;9360
09:56:17;709;1023;709;;9444
09:56:17;709;1023;709;;7248
09:56:18;709;1023;709;;9292
09:56:18;709;1023;709;;9320
09:56:19;709;1023;709;;9324
09:56:20;709;1023;709;;9448
09:56:20;709;1023;709;;8920
09:56:21;709;1023;709;;8940
09:56:21;709;1023;709;;7144
09:56:22;709;1023;709;;3804
09:56:22;709;1023;709;;9292
09:56:23;709;1023;709;;9344
09:56:23;709;1023;709;;9320
09:56:24;709;1023;709;;9292
09:56:24;709;1023;709;;9320
09:56:25;709;1023;709;;9324
09:56:25;709;1023;709;;9448
09:56:26;709;1023;709;;9344
09:56:26;709;1023;709;;9348
09:56:27;709;1023;709;;9396
09:56:27;709;1023;709;;9420
09:56:28;709;1023;709;;9320
09:56:28;709;1023;709;;9324
09:56:29;709;1023;709;;9396
09:56:29;709;1023;709;;9344
09:56:30;709;1023;709;;9372
09:56:30;709;1023;709;;9352
09:56:31;709;1023;709;;9372
09:56:31;709;1023;709;;9384
09:56:32;709;1023;709;;9324
09:56:32;709;1023;709;;9320
09:56:33;709;1023;709;;9324
09:56:33;709;1023;709;;9320
09:56:34;709;1023;709;;9320
09:56:34;709;1023;709;;9396
09:56:35;709;1023;709;;9372
09:56:35;709;1023;709;;9320
09:56:36;709;1023;709;;9320
09:56:36;709;1023;709;;9420
09:56:37;709;1023;709;;9372
09:56:37;709;1023;709;;9396
09:56:38;709;1023;709;;9400
09:56:38;709;1023;709;;9496
09:56:39;709;1023;709;;9356
09:56:39;709;1023;709;;9424
09:56:40;709;1023;709;;9360
09:56:40;709;1023;709;;9448
09:56:41;709;1023;709;;9372
09:56:41;709;1023;709;;9372
09:56:42;709;1023;709;;9396
09:56:42;709;1023;709;;9340
09:56:43;709;1023;709;;9400
09:56:43;709;1023;709;;9344
09:56:44;709;1023;709;;9352
09:56:44;709;1023;709;;9396
09:56:45;709;1023;709;;9364
09:56:45;709;1023;709;;9344
09:56:46;709;1023;709;;9372
09:56:46;709;1023;709;;9344
09:56:47;709;1023;709;;9352
09:56:47;709;1023;709;;9448
09:56:48;709;1023;709;;9372
09:56:48;709;1023;709;;9356
09:56:49;709;1023;709;;9368
09:56:49;709;1023;709;;9348
09:56:50;709;1023;709;;9356
09:56:50;709;1023;709;;9364
09:56:51;709;1023;709;;9352
09:56:51;709;1023;709;;9320
09:56:52;709;1023;709;;9356
09:56:52;709;1023;709;;9344
09:56:53;709;1023;709;;9344
09:56:54;709;1023;709;;9392
09:56:54;709;1023;709;;9348
09:56:55;709;1023;709;;9320
09:56:55;709;1023;709;;9320
09:56:56;709;1023;709;;9320
09:56:56;709;1023;709;;9424
09:56:57;709;1023;709;;9320
09:56:57;709;1023;709;;9448
09:56:58;709;1023;709;;9296
09:56:58;709;1023;709;;9420
09:56:59;709;1023;709;;9372
09:56:59;709;1023;709;;9368
09:57:00;709;1023;709;;9324
09:57:00;709;1023;709;;9320
09:57:01;709;1023;709;;9296
09:57:01;709;1023;709;;9324
09:57:02;709;1023;709;;9372
09:57:02;709;1023;709;;9320
09:57:03;709;1023;709;;9320
09:57:03;709;1023;709;;9320
09:57:04;709;1023;709;;9424
09:57:04;709;1023;709;;9324
09:57:05;709;1023;709;;9320
09:57:05;709;1023;709;;9376
09:57:06;709;1023;709;;9296
09:57:06;709;1023;709;;9320
09:57:07;709;1023;709;;9320
09:57:07;709;1023;709;;9452
09:57:08;709;1023;709;;9320
09:57:08;709;1023;709;;9352
09:57:09;709;1023;709;;9300
09:57:09;709;1023;709;;9376
09:57:10;709;1023;709;;9320
09:57:10;709;1023;709;;9448
09:57:11;709;1023;709;;9296
09:57:11;709;1023;709;;9352
09:57:12;709;1023;709;;9296
09:57:12;709;1023;709;;9324
09:57:13;709;1023;709;;9272
09:57:13;709;1023;709;;9292
09:57:14;709;1023;709;;9348
09:57:14;709;1023;709;;9320
09:57:15;709;1023;709;;9324
09:57:15;709;1023;709;;9292
09:57:16;709;1023;709;;9320
09:57:16;709;1023;709;;9396
09:57:17;709;1023;709;;9396
09:57:17;709;1023;709;;9448
09:57:18;709;1023;709;;9320
09:57:18;709;1023;709;;9348
09:57:19;709;1023;709;;9360
09:57:19;709;1023;709;;9320
09:57:20;709;1023;709;;9344
09:57:20;709;1023;709;;9352
09:57:21;709;1023;709;;9424
09:57:21;709;1023;709;;9376
09:57:22;709;1023;709;;9376
09:57:22;709;1023;709;;9372
09:57:23;709;1023;709;;9320
09:57:23;709;1023;709;;9320
09:57:24;709;1023;709;;9400
09:57:24;709;1023;709;;9348
09:57:25;709;1023;709;;9348
09:57:25;709;1023;709;;9396
09:57:26;709;1023;709;;9356
09:57:27;709;1023;709;;9360
09:57:27;709;1023;709;;9296
09:57:28;709;1023;709;;9372
09:57:28;709;1023;709;;9400
09:57:29;709;1023;709;;9352
09:57:29;709;1023;709;;9420
09:57:30;709;1023;709;;9320
09:57:30;709;1023;709;;9348
09:57:31;709;1023;709;;9320
09:57:31;709;1023;709;;9316
09:57:32;709;1023;709;;9360
09:57:32;709;1023;709;;9296
09:57:33;709;1023;709;;9356
09:57:33;709;1023;709;;9316
09:57:34;709;1023;709;;9448
09:57:34;709;1023;709;;9372
09:57:35;709;1023;709;;9320
09:57:35;709;1023;709;;9320
09:57:36;709;1023;709;;9448
09:57:36;709;1023;709;;9400
09:57:37;709;1023;709;;9320
09:57:37;709;1023;709;;9352
09:57:38;709;1023;709;;9372
09:57:38;709;1023;709;;9344
09:57:39;709;1023;709;;9344
09:57:39;709;1023;709;;9404
09:57:40;709;1023;709;;9340
09:57:40;709;1023;709;;9444
09:57:41;709;1023;709;;9348
09:57:41;709;1023;709;;9344
09:57:42;709;1023;709;;9368
09:57:42;709;1023;709;;9372
09:57:43;709;1023;709;;9316
09:57:43;709;1023;709;;9320
09:57:44;709;1023;709;;9424
09:57:44;709;1023;709;;9292
09:57:45;709;1023;709;;9320
09:57:45;709;1023;709;;9348
09:57:46;709;1023;709;;9360
09:57:46;709;1023;709;;9448
09:57:47;709;1023;709;;9372
09:57:47;709;1023;709;;9396
09:57:48;709;1023;709;;9348
09:57:48;709;1023;709;;9320
09:57:49;709;1023;709;;9348
09:57:49;709;1023;709;;9320
09:57:50;709;1023;709;;9320
09:57:50;709;1023;709;;9344
09:57:51;709;1023;709;;9372
09:57:51;709;1023;709;;9424
09:57:52;709;1023;709;;9392
09:57:52;709;1023;709;;9324
09:57:53;709;1023;709;;9496
09:57:53;709;1023;709;;9396
09:57:54;709;1023;709;;9320
09:57:54;709;1023;709;;9448
09:57:55;709;1023;709;;9316
09:57:55;709;1023;709;;9348
09:57:56;709;1023;709;;9396
09:57:56;709;1023;709;;9424
09:57:57;709;1023;709;;9344
09:57:57;709;1023;709;;9348
09:57:58;709;1023;709;;9352
09:57:58;709;1023;709;;9396
09:57:59;709;1023;709;;9376
09:57:59;709;1023;709;;9356
09:58:00;709;1023;709;;9396
09:58:01;709;1023;709;;9344
09:58:01;709;1023;709;;9384
09:58:02;709;1023;709;;9356
09:58:02;709;1023;709;;9344
09:58:03;709;1023;709;;9400
09:58:03;709;1023;709;;9448
09:58:04;709;1023;709;;9344
09:58:04;709;1023;709;;9420
09:58:05;709;1023;709;;9348
09:58:05;709;1023;709;;9320
09:58:06;709;1023;709;;9372
09:58:06;709;1023;709;;9316
09:58:07;709;1023;709;;9364
09:58:07;709;1023;709;;9444
09:58:08;709;1023;709;;9420
09:58:08;709;1023;709;;9376
09:58:09;709;1023;709;;9344
09:58:09;709;1023;709;;9368
09:58:10;709;1023;709;;9348
09:58:10;709;1023;709;;9296
09:58:11;709;1023;709;;9320
09:58:11;709;1023;709;;9368
09:58:12;709;1023;709;;9316
09:58:12;709;1023;709;;9320
09:58:13;709;1023;709;;9336
09:58:13;709;1023;709;;9352
09:58:14;709;1023;709;;9476
09:58:14;709;1023;709;;9376
09:58:15;709;1023;709;;9376
09:58:15;709;1023;709;;9392
09:58:16;709;1023;709;;9360
09:58:16;709;1023;709;;9300
09:58:17;709;1023;709;;9344
09:58:17;709;1023;709;;9400
09:58:18;709;1023;709;;9368
09:58:18;709;1023;709;;9368
09:58:19;709;1023;709;;9368
09:58:19;709;1023;709;;9420
09:58:20;709;1023;709;;9420
09:58:20;709;1023;709;;9444
09:58:21;709;1023;709;;9324
09:58:21;709;1023;709;;9392
09:58:22;709;1023;709;;9352
09:58:22;709;1023;709;;9360
09:58:23;709;1023;709;;9356
09:58:23;709;1023;709;;9396
09:58:24;709;1023;709;;9344
09:58:24;709;1023;709;;9316
09:58:25;709;1023;709;;9444
09:58:25;709;1023;709;;9316
09:58:26;709;1023;709;;9316
09:58:26;709;1023;709;;9396
09:58:27;709;1023;709;;9320
09:58:27;709;1023;709;;9372
09:58:28;709;1023;709;;9316
09:58:28;709;1023;709;;9344
09:58:29;709;1023;709;;9344
09:58:29;709;1023;709;;9372
09:58:30;709;1023;709;;9360
09:58:30;709;1023;709;;9344
09:58:31;709;1023;709;;9316
09:58:31;709;1023;709;;9356
09:58:32;709;1023;709;;9376
09:58:32;709;1023;709;;9360
09:58:33;709;1023;709;;9320
09:58:33;709;1023;709;;9368
09:58:34;709;1023;709;;9352
09:58:35;709;1023;709;;9396
09:58:35;709;1023;709;;9316
09:58:36;709;1023;709;;9372
09:58:36;709;1023;709;;9344
09:58:37;709;1023;709;;9372
09:58:37;709;1023;709;;9368
09:58:38;709;1023;709;;9320
09:58:38;709;1023;709;;9348
09:58:39;709;1023;709;;9316
09:58:39;709;1023;709;;9340
09:58:40;709;1023;709;;9444
09:58:40;709;1023;709;;9368
09:58:41;709;1023;709;;9368
09:58:41;709;1023;709;;9344
09:58:42;709;1023;709;;9444
09:58:42;709;1023;709;;9320
09:58:43;709;1023;709;;9316
09:58:43;709;1023;709;;9396
09:58:44;709;1023;709;;9376
09:58:44;709;1023;709;;9368
09:58:45;709;1023;709;;9392
09:58:45;709;1023;709;;9348
09:58:46;709;1023;709;;9316
09:58:46;709;1023;709;;9340
09:58:47;709;1023;709;;9444
09:58:47;709;1023;709;;9344
09:58:48;709;1023;709;;9312
09:58:48;709;1023;709;;9340
09:58:49;709;1023;709;;9376
09:58:49;709;1023;709;;9444
09:58:50;709;1023;709;;9444
09:58:50;709;1023;709;;9396
09:58:51;709;1023;709;;9380
09:58:51;709;1023;709;;9348
09:58:52;709;1023;709;;9312
09:58:52;709;1023;709;;9368
09:58:53;709;1023;709;;9316
09:58:53;709;1023;709;;9316
09:58:54;709;1023;709;;9368
09:58:54;709;1023;709;;9340
09:58:55;709;1023;709;;9356
09:58:55;709;1023;709;;9316
09:58:56;709;1023;709;;9372
09:58:56;709;1023;709;;9316
09:58:57;709;1023;709;;9392
09:58:57;709;1023;709;;9344
09:58:58;709;1023;709;;9392
09:58:58;709;1023;709;;9316
09:58:59;709;1023;709;;9396
09:58:59;709;1023;709;;9444
09:59:00;709;1023;709;;9372
09:59:00;709;1023;709;;9420
09:59:01;709;1023;709;;9472
09:59:01;709;1023;709;;9396
09:59:02;709;1023;709;;9392
09:59:02;709;1023;709;;9372
09:59:03;709;1023;709;;9368
09:59:03;709;1023;709;;9364
09:59:04;709;1023;709;;9340
09:59:04;709;1023;709;;9392
09:59:05;709;1023;709;;9320
09:59:05;709;1023;709;;9316
09:59:06;709;1023;709;;9392
09:59:06;709;1023;709;;9444
09:59:07;709;1023;709;;9348
09:59:08;709;1023;709;;9440
09:59:08;709;1023;709;;9396
09:59:09;709;1023;709;;9316
09:59:09;709;1023;709;;9320
09:59:10;709;1023;709;;9316
09:59:10;709;1023;709;;9316
09:59:11;709;1023;709;;9316
09:59:11;709;1023;709;;9344
09:59:12;709;1023;709;;9416
09:59:12;709;1023;709;;9316
09:59:13;709;1023;709;;9444
09:59:13;709;1023;709;;9368
09:59:14;709;1023;709;;9340
09:59:14;709;1023;709;;9416
09:59:15;709;1023;709;;9392
09:59:15;709;1023;709;;9416
09:59:16;709;1023;709;;9368
09:59:16;709;1023;709;;9340
09:59:17;709;1023;709;;9420
09:59:17;709;1023;709;;9360
09:59:18;709;1023;709;;9316
09:59:18;709;1023;709;;9292
09:59:19;709;1023;709;;9364
09:59:19;709;1023;709;;9368
09:59:20;709;1023;709;;9292
09:59:20;709;1023;709;;9316
09:59:21;709;1023;709;;9388
09:59:21;709;1023;709;;9368
09:59:22;709;1023;709;;9416
09:59:22;709;1023;709;;9316
09:59:23;709;1023;709;;9316
09:59:23;709;1023;709;;9312
09:59:24;709;1023;709;;9368
09:59:24;709;1023;709;;9312
09:59:25;709;1023;709;;9416
09:59:25;709;1023;709;;9340
09:59:26;709;1023;709;;9316
09:59:26;709;1023;709;;9372
09:59:27;709;1023;709;;9344
09:59:27;709;1023;709;;9340
09:59:28;709;1023;709;;9420
09:59:28;709;1023;709;;9444
09:59:29;709;1023;709;;9364
09:59:29;709;1023;709;;9340
09:59:30;709;1023;709;;9380
09:59:30;709;1023;709;;9364
09:59:31;709;1023;709;;9444
09:59:31;709;1023;709;;9372
09:59:32;709;1023;709;;9364
09:59:32;709;1023;709;;9368
09:59:33;709;1023;709;;9464
09:59:33;709;1023;709;;9444
09:59:34;709;1023;709;;9372
09:59:34;709;1023;709;;9320
09:59:35;709;1023;709;;9468
09:59:35;709;1023;709;;9364
09:59:36;709;1023;709;;9356
09:59:36;709;1023;709;;9340
09:59:37;709;1023;709;;9492
09:59:37;709;1023;709;;9312
09:59:38;709;1023;709;;9368
09:59:38;709;1023;709;;9440
09:59:39;709;1023;709;;9348
09:59:39;709;1023;709;;9356
09:59:40;709;1023;709;;9392
09:59:40;709;1023;709;;9340
09:59:41;709;1023;709;;9320
09:59:42;709;1023;709;;9340
09:59:42;709;1023;709;;9368
09:59:43;709;1023;709;;9356
09:59:43;709;1023;709;;9312
09:59:44;709;1023;709;;9316
09:59:44;709;1023;709;;9420
09:59:45;709;1023;709;;9368
09:59:45;709;1023;709;;9316
09:59:46;709;1023;709;;9364
09:59:46;709;1023;709;;9340
09:59:47;709;1023;709;;9316
09:59:47;709;1023;709;;9400
09:59:48;709;1023;709;;9292
09:59:48;709;1023;709;;9372
09:59:49;709;1023;709;;9368
09:59:49;709;1023;709;;9416
09:59:50;709;1023;709;;9376
09:59:50;709;1023;709;;9340
09:59:51;709;1023;709;;9352
09:59:51;709;1023;709;;9316
09:59:52;709;1023;709;;9340
09:59:52;709;1023;709;;9344
09:59:53;709;1023;709;;9396
09:59:53;709;1023;709;;9344
09:59:54;709;1023;709;;9316
09:59:54;709;1023;709;;9368
09:59:55;709;1023;709;;9368
09:59:55;709;1023;709;;9392
09:59:56;709;1023;709;;9316
09:59:56;709;1023;709;;9352
09:59:57;709;1023;709;;9348
09:59:57;709;1023;709;;9368
09:59:58;709;1023;709;;9392
09:59:58;709;1023;709;;9416
09:59:59;709;1023;709;;9340
09:59:59;709;1023;709;;9340
