16:42:31;699;1023;703;;10672
16:42:32;704;1023;707;;4088
16:42:32;704;1023;707;;11228
16:42:33;706;1023;707;;1408
16:42:33;706;1023;707;;88
16:42:34;707;1023;707;;18564
16:42:34;707;1023;707;;3648
16:42:35;707;1023;707;;16688
16:42:36;707;1023;707;;4976
16:42:36;707;1023;707;;1728
16:42:37;707;1023;707;;18600
16:42:37;707;1023;707;;3292
16:42:38;707;1023;707;;19976
16:42:38;707;1023;707;;4800
16:42:39;707;1023;707;;19772
16:42:39;707;1023;707;;19212
16:42:40;707;1023;707;;9148
16:42:40;707;1023;707;;724
16:42:41;707;1023;707;;16592
16:42:41;707;1023;707;;4836
16:42:42;707;1023;707;;19756
16:42:42;707;1023;707;;4744
16:42:43;707;1023;707;;19936
16:42:43;707;1023;707;;4908
16:42:44;707;1023;707;;284
16:42:44;707;1023;707;;18928
16:42:45;707;1023;707;;1904
16:42:45;707;1023;707;;1420
16:42:46;707;1023;707;;396
16:42:46;707;1023;707;;17800
16:42:47;707;1023;707;;5016
16:42:47;707;1023;707;;632
16:42:48;707;1023;707;;85532
16:42:48;707;1023;707;;20168
16:42:49;707;1023;707;;4216
16:42:49;707;1023;707;;92
16:42:50;707;1023;707;;1592
16:42:50;707;1023;707;;13360
16:42:51;707;1023;707;;8632
16:42:51;707;1023;707;;1240
16:42:52;707;1023;707;;948
16:42:52;707;1023;707;;544
16:42:53;707;1023;707;;41536
16:42:53;707;1023;707;;4200
16:42:54;707;1023;707;;66024
16:42:54;707;1023;707;;16668
16:42:55;707;1023;707;;13980
16:42:55;707;1023;707;;13476
16:42:56;707;1023;707;;2864
16:42:56;707;1023;707;;740
16:42:57;707;1023;707;;392
16:42:57;707;1023;707;;19972
16:42:58;707;1023;707;;4156
16:42:58;707;1023;707;;19388
16:42:59;707;1023;707;;7032
16:42:59;707;1023;707;;1340
16:43:00;707;1023;707;;708
16:43:00;707;1023;707;;240
16:43:01;707;1023;707;;19712
16:43:01;707;1023;707;;3912
16:43:02;707;1023;707;;1688
16:43:02;707;1023;707;;13792
16:43:03;707;1023;707;;7004
16:43:04;707;1023;707;;3332
16:43:04;707;1023;707;;19436
16:43:05;707;1023;707;;7180
16:43:05;707;1023;707;;1692
16:43:06;707;1023;707;;1356
16:43:06;707;1023;707;;80744
16:43:07;707;1023;707;;81068
16:43:07;707;1023;707;;81400
16:43:08;707;1023;707;;71552
16:43:08;707;1023;707;;5712
16:43:09;707;1023;707;;81556
16:43:09;707;1023;707;;120128
16:43:10;707;1023;707;;9636
16:43:10;707;1023;707;;64372
16:43:11;706;1023;707;;116652
16:43:12;706;1023;707;;8020
16:43:12;706;1023;707;;1276
16:43:13;706;1023;707;;1308
16:43:13;706;1023;707;;496
16:43:14;706;1023;707;;300
16:43:14;706;1023;707;;428
16:43:15;706;1023;707;;80636
16:43:15;706;1023;707;;99140
16:43:16;706;1023;707;;2880
16:43:16;706;1023;707;;2556
16:43:17;706;1023;707;;19028
16:43:17;706;1023;707;;6116
16:43:18;706;1023;707;;1012
16:43:18;706;1023;707;;100524
16:43:19;706;1023;707;;125456
16:43:19;706;1023;707;;91492
16:43:20;706;1023;707;;1668
16:43:20;706;1023;707;;928
16:43:21;706;1023;707;;41584
16:43:22;706;1023;707;;7580
16:43:22;706;1023;707;;1560
16:43:23;706;1023;706;;75956
16:43:23;706;1023;706;;84308
16:43:24;706;1023;706;;1016
16:43:24;706;1023;706;;19148
16:43:25;706;1023;706;;4636
16:43:25;706;1023;706;;121000
16:43:26;706;1023;706;;47480
16:43:26;706;1023;706;;13468
16:43:27;706;1023;706;;84772
16:43:27;706;1023;706;;40856
16:43:28;706;1023;706;;69340
16:43:28;706;1023;706;;16456
16:43:29;706;1023;706;;124100
16:43:30;706;1023;706;;8960
16:43:30;706;1023;706;;81628
16:43:31;706;1023;706;;119296
16:43:31;706;1023;706;;128136
16:43:32;706;1023;706;;91980
16:43:32;706;1023;706;;400
16:43:33;706;1023;706;;80268
16:43:34;706;1023;706;;98068
16:43:34;706;1023;706;;123932
16:43:35;706;1023;706;;71228
16:43:35;706;1023;706;;114880
16:43:36;706;1023;706;;110556
16:43:36;706;1023;706;;7184
16:43:37;706;1023;706;;18932
16:43:37;706;1023;706;;78880
16:43:51;699;1023;705;;57264
16:43:51;699;1023;705;;40764
16:43:52;706;1023;707;;12340
16:43:52;706;1023;707;;3752
16:43:53;706;1023;707;;139836
16:43:54;706;1023;707;;53952
16:43:54;706;1023;707;;74440
16:43:55;706;1023;707;;77940
16:43:55;706;1023;707;;996
16:43:56;706;1023;707;;59400
16:43:56;706;1023;707;;36256
16:43:57;706;1023;707;;7244
16:43:57;706;1023;707;;1700
16:43:58;706;1023;707;;1824
16:43:58;706;1023;707;;19140
16:43:59;706;1023;706;;65032
16:43:59;706;1023;706;;14284
16:44:00;706;1023;706;;3812
16:44:00;706;1023;706;;2180
16:44:01;706;1023;706;;18660
16:44:01;706;1023;706;;4232
16:44:02;706;1023;706;;32
16:44:02;706;1023;706;;19296
16:44:03;706;1023;706;;5132
16:44:03;706;1023;706;;444
16:44:04;706;1023;706;;17964
16:44:04;706;1023;706;;6204
16:44:05;706;1023;706;;12848
16:44:05;706;1023;706;;10068
16:44:06;706;1023;706;;1988
16:44:06;706;1023;706;;16692
16:44:07;706;1023;706;;7284
16:44:07;706;1023;706;;680
16:44:08;706;1023;706;;18404
16:44:08;706;1023;706;;3736
16:44:09;706;1023;706;;17388
16:44:10;706;1023;706;;6368
16:44:10;706;1023;706;;19828
16:44:11;706;1023;706;;5428
16:44:11;706;1023;706;;19184
16:44:12;706;1023;706;;4892
16:44:12;706;1023;706;;15444
16:44:13;706;1023;706;;2400
16:44:13;706;1023;706;;106324
16:44:14;706;1023;706;;135480
16:44:14;706;1023;706;;3800
16:44:15;706;1023;706;;20024
16:44:15;706;1023;706;;1112
16:44:16;706;1023;706;;4420
16:44:16;706;1023;706;;18764
16:44:17;706;1023;706;;4340
16:44:17;706;1023;706;;60
16:44:18;706;1023;706;;19328
16:44:18;706;1023;706;;3192
16:44:19;706;1023;706;;532
16:44:19;706;1023;706;;19792
16:44:20;706;1023;706;;5344
16:44:20;706;1023;706;;19352
16:44:21;706;1023;706;;4964
16:44:21;706;1023;706;;784
16:44:22;706;1023;706;;20080
16:44:22;706;1023;706;;5664
16:44:23;706;1023;706;;13432
16:44:23;706;1023;706;;11028
16:44:24;706;1023;706;;1928
16:44:24;706;1023;706;;16896
16:44:25;706;1023;706;;7764
16:44:25;706;1023;706;;2072
16:44:26;706;1023;706;;19828
16:44:26;706;1023;706;;17528
16:44:27;706;1023;706;;11400
16:44:27;706;1023;706;;22196
16:44:28;706;1023;706;;4560
16:44:28;706;1023;706;;2256
16:44:29;706;1023;706;;20096
16:44:29;706;1023;706;;4004
16:44:30;706;1023;706;;60
16:44:31;706;1023;706;;19612
16:44:31;706;1023;706;;5288
16:44:32;705;1023;706;;1212
16:44:32;705;1023;706;;464
16:44:33;705;1023;706;;18124
16:44:33;705;1023;706;;2784
16:44:34;705;1023;706;;2060
16:44:34;705;1023;706;;1392
16:44:35;705;1023;706;;19072
16:44:35;705;1023;706;;4720
16:44:36;705;1023;706;;584
16:44:36;705;1023;706;;19852
16:44:37;705;1023;706;;46896
16:44:37;705;1023;706;;70520
16:44:38;705;1023;706;;78844
16:44:38;705;1023;706;;10492
16:44:39;705;1023;705;;29088
16:44:39;705;1023;705;;65996
16:44:40;705;1023;705;;57596
16:44:40;705;1023;705;;13460
16:44:41;705;1023;705;;3636
16:44:41;705;1023;705;;120480
16:44:42;705;1023;705;;1516
16:44:42;705;1023;705;;7304
16:44:43;705;1023;705;;17348
16:44:43;705;1023;705;;496
16:44:44;705;1023;705;;19444
16:44:45;705;1023;705;;113036
16:44:45;705;1023;705;;6160
16:44:46;705;1023;705;;2892
16:44:46;705;1023;705;;388
16:44:47;705;1023;705;;139700
16:44:47;705;1023;705;;113768
16:44:48;705;1023;705;;48144
16:44:48;705;1023;705;;131588
16:44:49;705;1023;705;;11680
16:44:49;705;1023;705;;4084
16:44:50;705;1023;705;;84
16:44:50;705;1023;705;;60312
16:44:51;705;1023;705;;54104
16:44:52;705;1023;705;;111936
16:44:52;705;1023;705;;17492
16:44:53;705;1023;705;;17976
16:44:53;705;1023;705;;2796
16:44:54;705;1023;705;;892
16:44:54;705;1023;705;;41076
16:44:55;705;1023;705;;70088
16:44:55;705;1023;705;;36892
16:44:56;705;1023;705;;1392
16:44:56;705;1023;705;;108656
16:44:57;705;1023;705;;66720
16:44:57;705;1023;705;;95336
16:44:58;705;1023;705;;2852
16:44:58;705;1023;705;;588
16:44:59;705;1023;705;;332
16:44:59;705;1023;705;;13196
16:45:00;705;1023;705;;129584
16:45:01;705;1023;705;;9048
16:45:01;705;1023;705;;45624
16:45:02;705;1023;705;;10432
16:45:02;705;1023;705;;16040
16:45:03;705;1023;705;;3248
16:45:03;705;1023;705;;652
16:45:04;705;1023;705;;376
16:45:04;705;1023;705;;19964
16:45:05;705;1023;705;;4288
16:45:05;705;1023;705;;2176
16:45:06;705;1023;705;;36
16:45:06;705;1023;705;;127428
16:45:07;705;1023;705;;9524
16:45:07;705;1023;705;;15620
16:45:08;705;1023;705;;110832
16:45:08;705;1023;705;;8732
16:45:09;705;1023;705;;121564
16:45:09;705;1023;705;;1380
16:45:10;705;1023;705;;5588
16:45:10;705;1023;705;;2924
16:45:11;705;1023;705;;15292
16:45:11;705;1023;705;;9676
16:45:12;705;1023;705;;44948
16:45:13;705;1023;705;;110320
16:45:13;705;1023;705;;88232
16:45:14;705;1023;705;;81284
16:45:14;705;1023;705;;20332
16:45:15;705;1023;705;;18492
16:45:15;705;1023;705;;8352
16:45:16;705;1023;705;;18352
16:45:16;705;1023;705;;3812
16:45:17;705;1023;705;;19632
16:45:17;705;1023;705;;5156
16:45:18;705;1023;705;;980
16:45:18;705;1023;705;;5496
16:45:19;705;1023;705;;18440
16:45:19;705;1023;705;;7452
16:45:20;705;1023;705;;1584
16:45:20;705;1023;705;;12972
16:45:21;705;1023;705;;1672
16:45:21;705;1023;705;;2100
16:45:22;705;1023;705;;6452
16:45:22;705;1023;705;;81088
16:45:23;705;1023;705;;152
16:45:23;705;1023;705;;11404
16:45:24;705;1023;705;;50372
16:45:24;705;1023;705;;4148
16:45:25;705;1023;705;;1648
16:45:25;705;1023;705;;692
16:45:26;705;1023;705;;4720
16:45:26;705;1023;705;;14704
16:45:27;705;1023;705;;131644
16:45:28;705;1023;705;;89464
16:45:28;705;1023;705;;103964
16:45:29;705;1023;705;;84992
16:45:29;705;1023;705;;20172
16:45:30;705;1023;705;;3852
16:45:30;705;1023;705;;62016
16:45:31;704;1023;705;;93468
16:45:31;704;1023;705;;14856
16:45:32;704;1023;705;;2372
16:45:32;704;1023;705;;8660
16:45:33;704;1023;705;;1092
16:45:33;704;1023;705;;20064
16:45:34;704;1023;705;;64596
16:45:35;704;1023;705;;96072
16:45:35;704;1023;705;;124056
16:45:36;704;1023;705;;9072
16:45:36;704;1023;705;;1588
16:45:37;704;1023;705;;101784
16:45:37;704;1023;705;;3120
16:45:38;704;1023;705;;104964
16:45:38;704;1023;705;;5528
16:45:39;704;1023;705;;19808
16:45:39;704;1023;705;;5612
16:45:40;704;1023;704;;1668
16:45:40;704;1023;704;;12056
16:45:41;704;1023;704;;91204
16:45:42;704;1023;704;;122880
16:45:42;704;1023;704;;1976
16:45:43;704;1023;704;;224
16:45:43;704;1023;704;;7600
16:45:44;704;1023;704;;82748
16:45:44;704;1023;704;;81172
16:45:45;704;1023;704;;79692
16:45:45;704;1023;704;;81316
16:45:46;704;1023;704;;79900
16:45:46;704;1023;704;;93716
16:45:47;704;1023;704;;8032
16:45:47;704;1023;704;;2564
16:45:48;704;1023;704;;120568
16:45:49;704;1023;704;;129836
16:45:49;704;1023;704;;132224
16:45:50;704;1023;704;;12844
16:45:50;704;1023;704;;83292
16:45:51;704;1023;704;;11532
16:45:51;704;1023;704;;4692
16:45:52;704;1023;704;;6704
16:45:52;704;1023;704;;464
16:45:53;704;1023;704;;19116
16:45:53;704;1023;704;;4604
16:45:54;704;1023;704;;19672
16:45:54;704;1023;704;;4832
16:45:55;704;1023;704;;192
16:45:55;704;1023;704;;97456
16:45:56;704;1023;704;;86564
16:45:57;704;1023;704;;20796
16:45:57;704;1023;704;;62488
16:45:58;704;1023;704;;16728
16:45:58;704;1023;704;;3460
16:45:59;704;1023;704;;59488
16:45:59;704;1023;704;;13536
16:46:00;704;1023;704;;2004
16:46:00;704;1023;704;;61700
16:46:01;704;1023;704;;13124
16:46:01;704;1023;704;;15784
16:46:02;704;1023;704;;9464
16:46:02;704;1023;704;;15636
16:46:03;704;1023;704;;8856
16:46:03;704;1023;704;;23008
16:46:04;704;1023;704;;5304
16:46:04;704;1023;704;;10888
16:46:05;704;1023;704;;5456
16:46:05;704;1023;704;;1176
16:46:06;704;1023;704;;552
16:46:06;704;1023;704;;25880
16:46:07;704;1023;704;;5016
16:46:07;704;1023;704;;22764
16:46:08;704;1023;704;;25384
16:46:08;704;1023;704;;100
16:46:09;704;1023;704;;5764
16:46:09;704;1023;704;;20228
16:46:10;704;1023;704;;192
16:46:10;704;1023;704;;107064
16:46:11;704;1023;704;;105224
16:46:12;704;1023;704;;88368
16:46:12;704;1023;704;;140364
16:46:13;704;1023;704;;16120
16:46:13;704;1023;704;;144356
16:46:14;704;1023;704;;12176
16:46:14;704;1023;704;;4852
16:46:15;704;1023;704;;2628
16:46:15;704;1023;704;;368
16:46:16;704;1023;704;;99312
16:46:16;704;1023;704;;81996
16:46:17;704;1023;704;;84060
16:46:18;704;1023;704;;81116
16:46:18;704;1023;704;;81672
16:46:19;704;1023;704;;78824
16:46:19;704;1023;704;;80736
16:46:20;704;1023;704;;79592
16:46:20;704;1023;704;;81912
16:46:53;704;1023;698;;18604
16:46:54;703;1023;704;;117800
16:46:54;703;1023;704;;9524
16:46:55;703;1023;703;;2132
16:46:55;703;1023;703;;36064
16:46:56;703;1023;703;;9612
16:46:56;703;1023;703;;61788
16:46:57;703;1023;704;;55052
16:46:57;703;1023;704;;10828
16:46:58;703;1023;703;;21336
16:46:58;703;1023;703;;65756
16:46:59;703;1023;703;;14504
16:46:59;703;1023;703;;2016
16:47:00;703;1023;703;;17524
16:47:01;703;1023;703;;85404
16:47:01;703;1023;703;;61968
16:47:02;703;1023;703;;73684
16:47:02;703;1023;703;;76916
16:47:03;703;1023;703;;78576
16:47:03;703;1023;703;;78460
16:47:04;703;1023;703;;78392
16:47:04;703;1023;703;;77808
16:47:05;703;1023;703;;81448
16:47:06;703;1023;703;;19776
16:47:06;703;1023;703;;63624
16:47:07;703;1023;703;;75892
16:47:07;703;1023;703;;79080
16:47:08;703;1023;703;;79524
16:47:08;703;1023;703;;119412
16:47:09;703;1023;703;;89020
16:47:09;703;1023;703;;82324
16:47:10;703;1023;703;;97312
16:47:11;703;1023;703;;85816
16:47:11;703;1023;703;;80768
16:47:12;703;1023;703;;79140
16:47:12;703;1023;703;;79288
16:47:13;703;1023;703;;79428
16:47:13;703;1023;703;;41260
16:47:14;703;1023;703;;86420
16:47:15;703;1023;703;;83112
16:47:15;703;1023;703;;79788
16:47:16;703;1023;703;;78340
16:47:16;703;1023;703;;78488
16:47:17;703;1023;703;;78776
16:47:17;703;1023;703;;78900
16:47:18;703;1023;703;;18552
16:47:18;703;1023;703;;25120
16:47:19;703;1023;703;;86116
16:47:19;703;1023;703;;81448
16:47:20;703;1023;703;;12904
16:47:20;703;1023;703;;6988
16:47:21;703;1023;703;;81124
16:47:22;703;1023;703;;123500
16:47:22;703;1023;703;;9064
16:47:23;703;1023;703;;2132
16:47:23;703;1023;703;;18176
16:47:24;703;1023;703;;148
16:47:24;703;1023;703;;5212
16:47:25;703;1023;703;;228
16:47:25;703;1023;703;;384
16:47:26;703;1023;703;;19080
16:47:26;703;1023;703;;5584
16:47:27;703;1023;703;;784
16:47:27;703;1023;703;;896
16:47:28;703;1023;703;;19652
16:47:28;703;1023;703;;4340
16:47:29;703;1023;703;;1532
16:47:29;703;1023;703;;82552
16:47:30;703;1023;703;;80180
16:47:30;703;1023;703;;364
16:47:31;703;1023;703;;79508
16:47:31;703;1023;703;;80212
16:47:32;703;1023;703;;119504
16:47:33;703;1023;703;;87488
16:47:33;703;1023;703;;124844
16:47:34;703;1023;703;;91960
16:47:34;703;1023;703;;82468
16:47:35;703;1023;703;;81760
16:47:35;703;1023;703;;79076
16:47:36;703;1023;703;;80044
16:47:37;703;1023;703;;80832
16:47:43;703;1023;703;;50816
16:47:43;703;1023;703;;78652
16:47:44;703;1023;703;;60968
16:47:44;703;1023;703;;93364
16:47:45;703;1023;703;;83776
16:47:45;703;1023;703;;80764
16:47:46;703;1023;703;;119640
16:47:47;703;1023;703;;8240
16:47:47;703;1023;703;;22664
16:47:48;703;1023;703;;1484
16:47:48;703;1023;703;;2512
16:47:49;703;1023;703;;13404
16:47:49;703;1023;703;;3428
16:47:50;703;1023;703;;6136
16:47:50;703;1023;703;;23136
16:47:51;703;1023;703;;3688
16:47:51;703;1023;703;;20000
16:47:52;703;1023;703;;5372
16:47:52;703;1023;703;;19520
16:47:53;703;1023;703;;3852
16:47:53;703;1023;703;;20012
16:47:54;703;1023;703;;4440
16:47:54;703;1023;703;;2208
16:47:55;703;1023;703;;18760
16:47:55;703;1023;703;;18352
16:47:56;703;1023;703;;3600
16:47:56;703;1023;703;;3636
16:47:57;703;1023;703;;3524
16:47:57;703;1023;703;;19784
16:47:58;703;1023;703;;4316
16:47:58;703;1023;703;;556
16:47:59;703;1023;703;;12504
16:47:59;703;1023;703;;8688
16:48:00;703;1023;703;;1800
16:48:00;703;1023;703;;19720
16:48:01;703;1023;703;;4348
16:48:01;703;1023;703;;468
16:48:02;703;1023;703;;532
16:48:02;703;1023;703;;18412
16:48:03;703;1023;703;;4548
16:48:03;703;1023;703;;596
16:48:04;703;1023;703;;512
16:48:04;703;1023;703;;18440
16:48:05;703;1023;703;;14044
16:48:05;703;1023;703;;11656
16:48:06;703;1023;703;;4400
16:48:06;703;1023;703;;348
16:48:07;703;1023;703;;13952
16:48:07;703;1023;703;;7032
16:48:08;703;1023;703;;1464
16:48:08;703;1023;703;;628
16:48:09;703;1023;703;;18520
16:48:09;703;1023;703;;3872
16:48:10;703;1023;703;;19960
16:48:10;703;1023;703;;3732
16:48:11;703;1023;703;;19844
16:48:11;703;1023;703;;5388
16:48:12;703;1023;703;;19780
16:48:12;703;1023;703;;3632
16:48:13;703;1023;703;;19564
16:48:13;703;1023;703;;5088
16:48:14;703;1023;703;;18948
16:48:14;703;1023;703;;4464
16:48:15;703;1023;703;;18552
16:48:16;703;1023;703;;5984
16:48:16;703;1023;703;;1824
16:48:17;703;1023;703;;17872
16:48:17;703;1023;703;;3496
16:48:18;703;1023;703;;19512
16:48:18;703;1023;703;;5084
16:48:19;703;1023;703;;1052
16:48:19;703;1023;703;;18428
16:48:20;703;1023;703;;4268
16:48:20;703;1023;703;;20008
16:48:21;703;1023;703;;5728
16:48:21;703;1023;703;;19652
16:48:22;703;1023;703;;3620
16:48:22;703;1023;703;;19308
16:48:23;702;1023;703;;4960
16:48:23;702;1023;703;;13084
16:48:24;702;1023;703;;8760
16:48:24;702;1023;703;;972
16:48:25;702;1023;703;;304
16:48:25;702;1023;703;;17524
16:48:26;702;1023;703;;3080
16:48:26;702;1023;703;;404
16:48:27;702;1023;702;;19744
16:48:27;702;1023;702;;17076
16:48:28;702;1023;703;;3536
16:48:28;702;1023;703;;4956
16:48:29;702;1023;702;;832
16:48:29;702;1023;702;;18104
16:48:30;702;1023;703;;3700
16:48:30;702;1023;703;;19336
16:48:31;702;1023;703;;3292
16:48:31;702;1023;703;;612
16:48:32;702;1023;702;;17816
16:48:32;702;1023;702;;5076
16:48:33;702;1023;702;;1152
16:48:33;702;1023;702;;384
16:48:34;702;1023;702;;18304
16:48:34;702;1023;702;;4032
16:48:35;702;1023;702;;192
16:48:35;702;1023;702;;19668
16:48:36;702;1023;702;;3952
16:48:36;702;1023;702;;20008
16:48:37;702;1023;702;;4324
16:48:37;702;1023;702;;384
16:48:38;702;1023;702;;19724
16:48:38;702;1023;702;;4112
16:48:39;702;1023;702;;14372
16:48:39;702;1023;702;;48840
16:48:40;702;1023;702;;72952
16:48:41;702;1023;702;;136320
16:48:41;702;1023;702;;131960
16:48:42;702;1023;702;;75068
16:48:42;702;1023;702;;138672
16:48:43;702;1023;702;;12188
16:48:43;702;1023;702;;3048
16:48:44;702;1023;702;;1064
16:48:44;702;1023;702;;18920
16:48:45;702;1023;702;;3304
16:48:45;702;1023;702;;1156
16:48:46;702;1023;702;;984
16:48:46;702;1023;702;;18852
16:48:47;702;1023;702;;3220
16:48:47;702;1023;702;;1160
16:48:48;702;1023;702;;904
16:48:48;702;1023;702;;18960
16:48:49;702;1023;702;;5028
16:48:49;702;1023;702;;1140
16:48:50;702;1023;702;;17252
16:48:50;702;1023;702;;6668
16:48:51;702;1023;702;;1416
16:48:51;702;1023;702;;13764
16:48:52;702;1023;702;;8524
16:48:52;702;1023;702;;1368
16:48:53;702;1023;702;;1396
16:48:53;702;1023;702;;19468
16:48:54;702;1023;702;;4292
16:48:54;702;1023;702;;792
16:48:55;702;1023;702;;1048
16:48:55;702;1023;702;;19220
16:48:56;702;1023;702;;19696
16:48:56;702;1023;702;;11240
16:48:57;702;1023;702;;3056
16:48:57;702;1023;702;;1340
16:48:58;702;1023;702;;19808
16:48:59;702;1023;702;;4528
16:48:59;702;1023;702;;17508
16:49:00;702;1023;702;;3412
16:49:00;702;1023;702;;5896
16:49:01;702;1023;702;;15028
16:49:01;702;1023;702;;132084
16:49:02;702;1023;702;;112592
16:49:02;702;1023;702;;87868
16:49:03;702;1023;702;;2108
16:49:03;702;1023;702;;8260
16:49:04;702;1023;702;;115900
16:49:04;702;1023;702;;87972
16:49:05;702;1023;702;;82288
16:49:06;702;1023;702;;81476
16:49:06;702;1023;702;;80624
16:49:07;702;1023;702;;80100
16:49:07;702;1023;702;;79196
16:49:08;702;1023;702;;80464
16:49:08;702;1023;702;;79120
16:49:09;702;1023;702;;82100
16:49:09;702;1023;702;;81224
16:49:10;702;1023;702;;78832
16:49:11;702;1023;702;;81612
16:49:11;702;1023;702;;8148
16:49:12;702;1023;702;;134328
16:49:12;702;1023;702;;92792
16:49:13;702;1023;702;;11052
16:49:13;702;1023;702;;4020
16:49:14;702;1023;702;;73316
16:49:14;702;1023;702;;77420
16:49:15;702;1023;702;;80120
16:49:15;702;1023;702;;6308
16:49:16;702;1023;702;;19604
16:49:17;702;1023;702;;6016
16:49:17;702;1023;702;;2284
16:49:18;702;1023;702;;16956
16:49:18;702;1023;702;;99080
16:49:19;702;1023;702;;84676
16:49:19;702;1023;702;;81860
16:49:20;702;1023;702;;79108
16:49:20;702;1023;702;;33324
16:49:21;702;1023;702;;74608
16:49:21;702;1023;702;;78248
16:49:22;702;1023;702;;17912
16:49:22;702;1023;702;;3820
16:49:23;702;1023;702;;160
16:49:23;702;1023;702;;17892
16:49:24;702;1023;702;;3868
16:49:24;702;1023;702;;14012
16:49:25;702;1023;702;;9224
16:49:25;702;1023;702;;1688
16:49:26;702;1023;702;;11180
16:49:27;702;1023;702;;8404
16:49:27;702;1023;702;;2720
16:49:28;702;1023;702;;2176
16:49:28;702;1023;702;;11932
16:49:29;702;1023;702;;8896
16:49:29;702;1023;702;;1508
16:49:30;702;1023;702;;19292
16:49:30;702;1023;702;;3196
16:49:31;702;1023;702;;972
16:49:31;702;1023;702;;276
16:49:32;702;1023;702;;18108
16:49:32;702;1023;702;;3744
16:49:33;702;1023;702;;64
16:49:33;702;1023;702;;13856
16:49:34;702;1023;702;;1764
16:49:34;702;1023;702;;5292
16:49:35;702;1023;702;;19948
16:49:35;702;1023;702;;4080
16:49:36;702;1023;702;;18288
16:49:36;702;1023;702;;7588
16:49:37;702;1023;702;;121652
16:49:37;702;1023;702;;31424
16:49:38;702;1023;702;;7264
16:49:38;702;1023;702;;119796
16:59:14;698;1022;699;;7060
16:59:14;698;1022;699;;1532
16:59:15;698;1022;699;;7264
16:59:15;698;1022;699;;19560
16:59:16;698;1022;698;;5188
16:59:16;698;1022;698;;19256
16:59:17;698;1022;698;;3256
16:59:17;698;1022;698;;616
16:59:18;698;1022;698;;15480
16:59:18;698;1022;698;;2776
16:59:19;698;1022;698;;3072
16:59:19;698;1022;698;;18324
16:59:20;698;1022;698;;912
16:59:20;698;1022;698;;4892
16:59:21;698;1022;698;;808
16:59:21;698;1022;698;;18292
16:59:22;698;1022;698;;4012
16:59:22;698;1022;698;;12948
16:59:23;698;1022;699;;4012
16:59:23;698;1022;699;;18272
16:59:24;698;1022;699;;4896
16:59:24;698;1022;699;;4252
16:59:25;698;1022;699;;3140
16:59:25;698;1022;699;;18836
16:59:26;698;1022;699;;564
16:59:26;698;1022;699;;1960
16:59:27;698;1022;699;;14428
16:59:27;698;1022;699;;3384
16:59:28;699;1022;699;;2996
16:59:28;699;1022;699;;19540
16:59:29;699;1022;699;;5164
16:59:29;699;1022;699;;9752
16:59:30;699;1022;699;;6932
16:59:30;699;1022;699;;2444
16:59:31;699;1022;699;;2148
16:59:31;699;1022;699;;18260
16:59:32;699;1022;699;;5392
16:59:32;699;1022;699;;1136
16:59:33;699;1022;699;;11464
16:59:34;699;1022;699;;5060
16:59:34;699;1022;699;;904
16:59:35;699;1022;699;;4044
16:59:35;699;1022;699;;1232
16:59:36;699;1022;699;;19168
16:59:36;699;1022;699;;3264
16:59:37;699;1022;699;;1240
16:59:37;699;1022;699;;4348
16:59:38;699;1022;699;;12872
16:59:38;699;1022;699;;3716
16:59:39;699;1022;699;;2416
16:59:39;699;1022;699;;392
16:59:40;699;1022;699;;288
16:59:40;699;1022;699;;12880
16:59:41;699;1022;699;;2136
16:59:41;699;1022;699;;1220
16:59:42;699;1022;699;;2460
16:59:42;699;1022;699;;1968
16:59:43;699;1022;699;;16196
16:59:43;699;1022;699;;7636
16:59:44;699;1022;699;;22336
16:59:44;699;1022;699;;23136
16:59:45;699;1022;699;;25884
16:59:45;699;1022;699;;908
16:59:46;699;1022;699;;18612
16:59:46;699;1022;699;;2668
16:59:47;699;1022;699;;3792
16:59:47;699;1022;699;;1544
16:59:48;699;1022;700;;3236
16:59:48;699;1022;700;;19276
16:59:49;699;1022;700;;13696
16:59:49;699;1022;700;;6204
16:59:50;699;1022;700;;1416
16:59:50;699;1022;700;;696
16:59:51;699;1022;700;;19324
16:59:51;699;1022;700;;2684
16:59:52;700;1022;700;;20040
16:59:52;700;1022;700;;3428
16:59:53;700;1022;700;;19256
16:59:53;700;1022;700;;2872
16:59:54;700;1023;700;;140
16:59:54;700;1023;700;;18992
16:59:55;700;1023;700;;432
16:59:55;700;1023;700;;1100
16:59:56;700;1023;700;;18484
16:59:56;700;1023;700;;3664
16:59:57;700;1023;700;;19320
16:59:57;700;1023;700;;2876
16:59:58;700;1023;700;;13700
16:59:58;700;1023;700;;7476
16:59:59;700;1023;700;;1548
16:59:59;700;1023;700;;476
