15:29:58;705;1023;714;
15:29:59;710;1023;714;
15:30:00;713;1023;714;
15:30:01;714;1023;714;
15:30:02;714;1023;714;
15:30:03;714;1023;714;
15:30:04;714;1023;714;
15:30:05;714;1023;714;
15:30:06;714;1023;714;
15:30:07;714;1023;714;
15:30:08;714;1023;714;
15:30:09;714;1023;714;
15:30:10;714;1023;714;
15:30:11;714;1023;714;
15:30:12;714;1023;714;
15:30:13;714;1023;714;
15:30:14;714;1023;714;
15:30:15;714;1023;714;
15:30:16;714;1023;714;
15:30:20;723;1023;714;
15:30:21;715;1023;714;
15:30:22;714;1023;714;
15:30:23;714;1023;714;
15:30:24;714;1023;714;
15:30:25;714;1023;714;
15:30:26;714;1023;714;
15:30:27;714;1023;714;
15:30:28;714;1023;714;
15:30:29;714;1023;714;
15:30:30;714;1023;714;
15:30:31;714;1023;714;
15:30:48;714;1023;714;;696
15:30:49;714;1023;714;;700
15:30:49;714;1023;714;;704
15:30:50;714;1023;714;;700
15:30:50;714;1023;714;;700
15:30:51;714;1023;714;;700
15:30:51;714;1023;714;;700
15:30:52;714;1023;714;;700
15:30:52;714;1023;714;;700
15:30:56;714;1023;714;;700
15:30:56;714;1023;714;;704
15:30:57;714;1023;714;;704
15:30:57;714;1023;714;;704
15:30:58;714;1023;714;;704
15:30:58;714;1023;714;;704
15:30:59;714;1023;714;;700
15:30:59;714;1023;714;;704
15:31:00;714;1023;714;;700
15:31:00;714;1023;714;;700
15:31:01;714;1023;714;;704
15:31:01;714;1023;714;;700
15:31:02;714;1023;714;;700
15:31:02;714;1023;714;;704
15:31:03;714;1023;714;;700
15:31:03;714;1023;714;;700
15:31:04;714;1023;714;;704
15:31:04;714;1023;714;;172260
15:31:05;714;1023;714;;5476
15:31:05;714;1023;714;;10508
15:31:06;714;1023;714;;13448
15:31:06;714;1023;714;;13464
15:31:07;714;1023;714;;13420
15:31:08;714;1023;714;;13392
15:31:08;714;1023;714;;199356
15:31:09;714;1023;714;;840
15:31:09;714;1023;714;;836
15:31:10;714;1023;714;;956
15:31:10;714;1023;714;;828
15:31:11;714;1023;714;;836
15:31:11;714;1023;714;;1028
15:31:12;714;1023;714;;1216
15:31:12;714;1023;714;;199032
15:31:13;714;1023;714;;1272
15:31:13;714;1023;714;;1344
15:31:14;714;1023;713;;1376
15:31:14;714;1023;713;;1420
15:31:15;714;1023;714;;199640
15:31:15;714;1023;714;;2696
15:31:16;714;1023;713;;11168
15:31:16;714;1023;713;;10512
15:31:17;714;1023;714;;4908
15:31:17;714;1023;714;;4888
15:31:18;714;1023;714;;4792
15:31:19;714;1023;714;;4840
15:31:19;714;1023;714;;4792
15:31:20;714;1023;714;;4888
15:31:20;714;1023;714;;4840
15:31:21;714;1023;714;;4888
15:31:21;714;1023;714;;4956
15:31:22;714;1023;714;;10656
15:31:22;714;1023;714;;10528
15:31:23;714;1023;714;;10560
15:31:23;714;1023;714;;10528
15:31:24;714;1023;714;;10556
15:31:24;714;1023;714;;10552
15:31:25;714;1023;714;;10580
15:31:25;714;1023;714;;10484
15:31:26;714;1023;714;;10532
15:31:26;714;1023;714;;10560
15:31:27;714;1023;714;;10556
15:31:27;714;1023;714;;5068
15:31:28;714;1023;714;;5064
15:31:28;714;1023;714;;10512
15:31:29;714;1023;714;;10580
15:31:29;714;1023;714;;10580
15:31:30;714;1023;714;;10608
15:31:30;714;1023;714;;10608
15:31:31;714;1023;714;;10532
15:31:31;714;1023;714;;10528
15:31:32;714;1023;713;;10508
15:31:32;714;1023;713;;10556
15:31:33;714;1023;714;;10504
15:31:33;714;1023;714;;10556
15:31:34;714;1023;713;;10528
15:31:34;714;1023;713;;10528
15:31:35;714;1023;713;;10556
15:31:35;714;1023;713;;10552
15:31:36;714;1023;714;;10504
15:31:36;714;1023;714;;10524
15:31:37;714;1023;714;;10504
15:31:37;714;1023;714;;10532
15:31:38;714;1023;714;;10556
15:31:38;714;1023;714;;10584
15:31:39;714;1023;714;;10552
15:31:39;714;1023;714;;10532
15:31:40;714;1023;714;;10576
15:31:40;714;1023;714;;5036
15:31:41;714;1023;714;;10556
15:31:41;714;1023;714;;10532
15:31:42;714;1023;713;;10584
15:31:42;714;1023;713;;10532
15:31:43;714;1023;713;;10532
15:31:43;714;1023;713;;10532
15:31:44;714;1023;714;;10632
15:31:44;714;1023;714;;10564
15:31:45;714;1023;714;;10528
15:31:45;714;1023;714;;10640
15:31:46;714;1023;714;;10508
15:31:46;714;1023;714;;10532
15:31:47;714;1023;714;;10532
15:31:47;714;1023;714;;10556
15:31:48;714;1023;714;;10612
15:31:48;714;1023;714;;10536
15:31:49;714;1023;714;;10512
15:31:50;714;1023;714;;10632
15:31:50;714;1023;714;;10636
15:31:51;714;1023;714;;5012
15:31:51;714;1023;714;;10636
15:31:52;714;1023;714;;10536
15:31:52;714;1023;714;;10532
15:31:53;714;1023;713;;10484
15:31:53;714;1023;713;;10560
15:31:54;714;1023;714;;5068
15:31:54;714;1023;714;;5020
15:31:55;714;1023;714;;10536
15:31:55;714;1023;714;;10560
15:31:56;714;1023;714;;10584
15:31:56;714;1023;714;;10612
15:31:57;714;1023;714;;10532
15:31:57;714;1023;714;;10588
15:31:58;714;1023;714;;10512
15:31:58;714;1023;714;;10560
15:31:59;714;1023;714;;10536
15:31:59;714;1023;714;;10556
15:32:00;714;1023;714;;10560
15:32:00;714;1023;714;;10512
15:32:01;714;1023;714;;10584
15:32:01;714;1023;714;;5040
15:32:02;714;1023;714;;10588
15:32:02;714;1023;714;;10532
15:32:03;714;1023;714;;10508
15:32:03;714;1023;714;;10664
15:32:04;714;1023;714;;10536
15:32:04;714;1023;714;;10532
15:32:05;713;1023;714;;10532
15:32:05;713;1023;714;;10508
15:32:06;713;1023;714;;10536
15:32:06;713;1023;714;;10532
15:32:07;714;1023;713;;10512
15:32:07;714;1023;713;;10532
15:32:08;714;1023;714;;10584
15:32:08;714;1023;714;;10532
15:32:09;714;1023;713;;10556
15:32:09;714;1023;713;;10608
15:32:10;714;1023;713;;10532
15:32:10;714;1023;713;;10536
15:32:11;714;1023;714;;10560
15:32:11;714;1023;714;;10684
15:32:12;714;1023;714;;10532
15:32:12;714;1023;714;;10536
15:32:13;714;1023;714;;10508
15:32:13;714;1023;714;;10668
15:32:14;714;1023;713;;10588
15:32:14;714;1023;713;;10536
15:32:15;714;1023;714;;10584
15:32:15;714;1023;714;;10508
15:32:16;713;1023;714;;10508
15:32:16;713;1023;714;;5016
15:32:17;714;1023;713;;10540
15:32:17;714;1023;713;;10584
15:32:18;714;1023;714;;10564
15:32:18;714;1023;714;;10532
15:32:19;714;1023;714;;10588
15:32:20;714;1023;714;;10532
15:32:20;714;1023;714;;10508
15:32:21;714;1023;714;;10532
15:32:21;714;1023;714;;10588
15:32:22;714;1023;713;;10560
15:32:22;714;1023;713;;4960
15:32:23;714;1023;714;;10560
15:32:23;714;1023;714;;10528
15:32:24;714;1023;714;;10560
15:32:24;714;1023;714;;10636
15:32:25;714;1023;714;;10532
15:32:25;714;1023;714;;10560
15:32:26;714;1023;714;;10612
15:32:26;714;1023;714;;10532
15:32:27;714;1023;714;;10560
15:32:27;714;1023;714;;10560
15:32:28;714;1023;713;;5068
15:32:28;714;1023;713;;10564
15:32:29;714;1023;714;;10592
15:32:29;714;1023;714;;10532
15:32:30;714;1023;714;;10536
15:32:30;714;1023;714;;10536
15:32:31;713;1023;713;;10564
15:32:31;713;1023;713;;10536
15:32:32;713;1023;713;;10536
15:32:32;713;1023;713;;10612
15:32:33;714;1023;714;;10536
15:32:33;714;1023;714;;10512
15:32:34;714;1023;713;;10588
15:32:34;714;1023;713;;5068
15:32:35;713;1023;713;;10536
15:32:35;713;1023;713;;4992
15:32:36;714;1023;713;;10556
15:32:36;714;1023;713;;10668
15:32:37;714;1023;713;;5040
15:32:37;714;1023;713;;10508
15:32:38;713;1023;713;;10532
15:32:38;713;1023;713;;10588
15:32:39;713;1023;713;;10588
15:32:39;713;1023;713;;10556
15:32:40;713;1023;714;;10560
15:32:40;713;1023;714;;10528
15:32:41;713;1023;713;;10508
15:32:41;713;1023;713;;10532
15:32:42;713;1023;714;;10532
15:32:42;713;1023;714;;10536
15:32:43;713;1023;714;;10536
15:32:43;713;1023;714;;10560
15:32:44;713;1023;713;;10512
15:32:44;713;1023;713;;10660
15:32:45;713;1023;713;;10584
15:32:45;713;1023;713;;10508
15:32:46;713;1023;713;;10536
15:32:46;713;1023;713;;10564
15:32:47;713;1023;713;;10560
15:32:47;713;1023;713;;10564
15:32:48;713;1023;713;;10560
15:32:48;713;1023;713;;10684
15:32:49;713;1023;714;;10664
15:32:50;713;1023;714;;10588
15:32:50;713;1023;714;;10560
15:32:51;713;1023;713;;10660
15:32:51;713;1023;713;;5020
15:32:52;713;1023;714;;10584
15:32:52;713;1023;714;;4992
15:32:53;713;1023;713;;10584
15:32:53;713;1023;713;;4520
15:32:54;713;1023;714;;10656
15:32:54;713;1023;714;;10556
15:32:55;713;1023;714;;10552
15:32:55;713;1023;714;;10532
15:32:56;713;1023;714;;10556
15:32:56;713;1023;714;;10552
15:32:57;713;1023;713;;10556
15:32:57;713;1023;713;;10532
15:32:58;713;1023;713;;10560
15:32:58;713;1023;713;;10532
15:32:59;713;1023;714;;5012
15:32:59;713;1023;714;;10556
15:33:00;713;1023;714;;10564
15:33:00;713;1023;714;;10532
15:33:01;713;1023;713;;10560
15:33:01;713;1023;713;;10584
15:33:02;713;1023;713;;10584
15:33:02;713;1023;713;;10588
15:33:03;713;1023;714;;10536
15:33:03;713;1023;714;;10560
15:33:04;713;1023;713;;10584
15:33:04;713;1023;713;;10560
15:33:05;713;1023;714;;10608
15:33:05;713;1023;714;;10560
15:33:06;713;1023;714;;10584
15:33:06;713;1023;714;;10524
15:33:07;713;1023;713;;10532
15:33:07;713;1023;713;;10556
15:33:08;713;1023;714;;10556
15:33:08;713;1023;714;;10532
15:33:09;713;1023;714;;5044
15:33:09;713;1023;714;;10560
15:33:10;713;1023;713;;10560
15:33:10;713;1023;713;;10636
15:33:11;713;1023;714;;10532
15:33:11;713;1023;714;;10536
15:33:12;713;1023;714;;10560
15:33:12;713;1023;714;;10536
15:33:13;713;1023;714;;10560
15:33:13;713;1023;714;;10536
15:33:14;713;1023;714;;10536
15:33:14;713;1023;714;;4992
15:33:15;713;1023;714;;10532
15:33:15;713;1023;714;;10536
15:33:16;713;1023;714;;10556
15:33:16;713;1023;714;;5040
15:33:17;713;1023;713;;10560
15:33:17;713;1023;713;;10532
15:33:18;713;1023;714;;10612
15:33:18;713;1023;714;;10532
15:33:19;713;1023;713;;10612
15:33:19;713;1023;713;;5016
15:33:20;713;1023;714;;10536
15:33:21;713;1023;713;;10564
15:33:21;713;1023;713;;10616
15:33:22;713;1023;713;;10564
15:33:22;713;1023;713;;10540
15:33:23;713;1023;713;;10560
15:33:23;713;1023;713;;10564
15:33:24;713;1023;713;;10612
15:33:24;713;1023;713;;10564
15:33:25;713;1023;713;;10508
15:33:25;713;1023;713;;5040
15:33:26;713;1023;713;;10536
15:33:26;713;1023;713;;10536
15:33:27;713;1023;713;;10636
15:33:27;713;1023;713;;10564
15:33:28;713;1023;713;;10536
15:33:28;713;1023;713;;10564
15:33:29;713;1023;714;;10616
15:33:29;713;1023;714;;10560
15:33:30;713;1023;713;;10508
15:33:30;713;1023;713;;10612
15:33:31;713;1023;713;;10616
15:33:31;713;1023;713;;10540
15:33:32;713;1023;714;;10612
15:33:32;713;1023;714;;10540
15:33:33;713;1023;713;;10564
15:33:33;713;1023;713;;10536
15:33:34;565;671;545;;10636
15:33:34;565;671;545;;10536
15:33:35;385;386;385;;10536
15:33:35;385;386;385;;10536
15:33:36;384;386;384;;10564
15:33:36;384;386;384;;10664
15:33:37;384;386;384;;10560
15:33:37;384;386;384;;10536
15:33:38;384;386;384;;5044
15:33:38;384;386;384;;10536
15:33:39;384;386;384;;10584
15:33:39;384;386;384;;10540
15:33:40;385;387;385;;10536
15:33:40;385;387;385;;10560
15:33:41;385;387;385;;10636
15:33:41;385;387;385;;10564
15:33:42;649;939;670;;10564
15:33:42;649;939;670;;10512
15:33:43;713;1023;713;;10540
15:33:43;713;1023;713;;10584
15:33:44;713;1023;714;;10564
15:33:44;713;1023;714;;10540
15:33:45;713;1023;714;;10612
15:33:45;713;1023;714;;10588
15:33:46;713;1023;714;;10560
15:33:46;713;1023;714;;10520
15:33:47;713;1023;713;;5068
15:33:47;713;1023;713;;10532
15:33:48;713;1023;714;;10560
15:33:48;713;1023;714;;10512
15:33:49;713;1023;714;;10664
15:33:49;713;1023;714;;10560
15:33:50;713;1023;714;;10560
15:33:51;713;1023;713;;10536
15:33:51;713;1023;713;;10508
15:33:52;713;1023;713;;10560
15:33:52;713;1023;713;;10636
15:33:53;713;1023;714;;10536
15:33:53;713;1023;714;;10584
15:33:54;713;1023;713;;10584
15:33:54;713;1023;713;;10604
15:33:55;713;1023;713;;10504
15:33:55;713;1023;713;;10612
15:33:56;713;1023;713;;10588
15:33:56;713;1023;713;;10532
15:33:57;713;1023;713;;10580
15:33:57;713;1023;713;;10508
15:33:58;713;1023;713;;10508
15:33:58;713;1023;713;;10532
15:33:59;713;1023;713;;10552
15:33:59;713;1023;713;;10528
15:34:00;713;1023;713;;10508
15:34:00;713;1023;713;;10508
15:34:01;713;1023;713;;10532
15:34:01;713;1023;713;;10536
15:34:02;713;1023;713;;10536
15:34:02;713;1023;713;;10612
15:34:03;713;1023;713;;10532
15:34:03;713;1023;713;;10588
15:34:04;713;1023;713;;10560
15:34:04;713;1023;713;;10528
15:34:05;713;1023;713;;10528
15:34:05;713;1023;713;;10584
15:34:06;713;1023;713;;10588
15:34:06;713;1023;713;;4564
15:34:07;713;1023;713;;10608
15:34:07;713;1023;713;;10532
15:34:08;713;1023;713;;10536
15:34:08;713;1023;713;;10684
15:34:09;713;1023;713;;10532
15:34:09;713;1023;713;;10532
15:34:10;713;1023;713;;10504
15:34:10;713;1023;713;;10536
15:34:11;713;1023;713;;10536
15:34:11;713;1023;713;;10532
15:34:12;713;1023;713;;10684
15:34:12;713;1023;713;;10536
15:34:13;713;1023;713;;10532
15:34:13;713;1023;713;;10536
15:34:14;713;1023;713;;10508
15:34:14;713;1023;713;;10568
15:34:15;713;1023;713;;10608
15:34:15;713;1023;713;;10560
15:34:16;713;1023;713;;10540
15:34:16;713;1023;713;;10508
15:34:17;713;1023;713;;10540
15:34:17;713;1023;713;;10564
15:34:18;713;1023;713;;10540
15:34:18;713;1023;713;;10536
15:34:19;713;1023;713;;10536
15:34:20;713;1023;713;;10564
15:34:20;713;1023;713;;10536
15:34:21;713;1023;713;;10536
15:34:21;713;1023;713;;10608
15:34:22;713;1023;713;;10608
15:34:22;713;1023;713;;10536
15:34:23;713;1023;713;;10560
15:34:23;713;1023;713;;10684
15:34:24;713;1023;713;;10536
15:34:24;713;1023;713;;10536
15:34:25;713;1023;713;;10636
15:34:25;713;1023;713;;10536
15:34:26;713;1023;713;;10532
15:34:26;713;1023;713;;10584
15:34:27;713;1023;713;;10608
15:34:27;713;1023;713;;10556
15:34:28;713;1023;713;;10580
15:34:28;713;1023;713;;10588
15:34:29;713;1023;713;;10584
15:34:29;713;1023;713;;10536
15:34:30;713;1023;713;;10556
15:34:30;713;1023;713;;10536
15:34:31;713;1023;713;;10560
15:34:31;713;1023;713;;10532
15:34:32;713;1023;713;;10532
15:34:32;713;1023;713;;10608
15:34:33;713;1023;713;;10532
15:34:33;713;1023;713;;10528
15:34:34;713;1023;713;;10556
15:34:34;713;1023;713;;10584
15:34:35;713;1023;713;;10580
15:34:35;713;1023;713;;10704
15:34:36;713;1023;713;;10584
15:34:36;713;1023;713;;10608
15:34:37;713;1023;713;;10608
15:34:37;713;1023;713;;10508
15:34:38;713;1023;713;;10612
15:34:38;713;1023;713;;10528
15:34:39;713;1023;713;;10584
15:34:39;713;1023;713;;10584
15:34:40;713;1023;713;;10556
15:34:40;713;1023;713;;4496
15:34:41;713;1023;713;;4520
15:34:41;713;1023;713;;10584
15:34:42;713;1023;713;;10532
15:34:42;713;1023;713;;10536
15:34:43;713;1023;713;;10508
15:34:43;713;1023;713;;10508
15:34:44;713;1023;713;;10584
15:34:44;713;1023;713;;10656
15:34:45;713;1023;713;;10656
15:34:45;713;1023;713;;4492
15:34:46;713;1023;713;;10532
15:34:46;713;1023;713;;10632
15:34:47;713;1023;713;;10660
15:34:47;713;1023;713;;10508
15:34:48;713;1023;713;;10536
15:34:48;713;1023;713;;10504
15:34:49;713;1023;713;;10584
15:34:50;713;1023;713;;10536
15:34:50;713;1023;713;;10536
15:34:51;713;1023;713;;10536
15:34:51;713;1023;713;;10504
15:34:52;713;1023;713;;10508
15:34:52;713;1023;713;;10612
15:34:53;713;1023;713;;10512
15:34:53;713;1023;713;;10584
15:34:54;713;1023;713;;10532
15:34:54;713;1023;713;;10560
15:34:55;713;1023;713;;10516
15:34:55;713;1023;713;;10536
15:34:56;713;1023;713;;10536
15:34:56;713;1023;713;;10584
15:34:57;713;1023;713;;10508
15:34:57;713;1023;713;;10588
15:34:58;713;1023;713;;10536
15:34:58;713;1023;713;;10588
15:34:59;713;1023;713;;10536
15:34:59;713;1023;713;;10584
15:35:00;713;1023;713;;10488
15:35:00;713;1023;713;;10540
15:35:01;713;1023;713;;10612
15:35:01;713;1023;713;;10612
15:35:02;713;1023;713;;10560
15:35:02;713;1023;713;;10584
15:35:03;713;1023;713;;10564
15:35:03;713;1023;713;;10532
15:35:04;713;1023;713;;10564
15:35:04;713;1023;713;;10512
15:35:05;713;1023;713;;10564
15:35:05;713;1023;713;;10688
15:35:06;713;1023;713;;10512
15:35:06;713;1023;713;;10540
15:35:07;713;1023;713;;10564
15:35:07;713;1023;713;;4568
15:35:08;713;1023;713;;10664
15:35:08;713;1023;713;;10532
15:35:09;713;1023;713;;10536
15:35:09;713;1023;713;;10564
15:35:10;713;1023;713;;10536
15:35:10;713;1023;713;;10612
15:35:11;713;1023;713;;10564
15:35:11;713;1023;713;;10536
15:35:12;713;1023;713;;10536
15:35:12;713;1023;713;;10536
15:35:13;713;1023;713;;10532
15:35:13;713;1023;713;;10560
15:35:14;713;1023;713;;10536
15:35:14;713;1023;713;;4540
15:35:15;713;1023;713;;10540
15:35:15;713;1023;713;;10612
15:35:16;713;1023;713;;10540
15:35:16;713;1023;713;;10640
15:35:17;713;1023;713;;10536
15:35:17;713;1023;713;;10564
15:35:18;713;1023;713;;10532
15:35:19;713;1023;713;;10536
15:35:19;713;1023;713;;10532
15:35:20;713;1023;713;;10564
15:35:20;713;1023;713;;10556
15:35:21;713;1023;713;;10508
15:35:21;713;1023;713;;10608
15:35:22;713;1023;713;;10636
15:35:22;713;1023;713;;10688
15:35:23;713;1023;713;;10584
15:35:23;713;1023;713;;10532
15:35:24;713;1023;713;;10560
15:35:24;713;1023;713;;10560
15:35:25;713;1023;713;;10556
15:35:25;713;1023;713;;10532
15:35:26;713;1023;713;;10512
15:35:26;713;1023;713;;10560
15:35:27;713;1023;713;;10588
15:35:27;713;1023;713;;10560
15:35:28;713;1023;713;;10660
15:35:28;713;1023;713;;10560
15:35:29;713;1023;713;;10536
15:35:29;713;1023;713;;10508
15:35:30;713;1023;713;;10560
15:35:30;713;1023;713;;10612
15:35:31;713;1023;713;;10532
15:35:31;713;1023;713;;10536
15:35:32;713;1023;713;;10508
15:35:32;713;1023;713;;10556
15:35:33;713;1023;713;;10508
15:35:33;713;1023;713;;10560
15:35:34;713;1023;713;;10536
15:35:34;713;1023;713;;10540
15:35:35;713;1023;713;;10584
15:35:35;713;1023;713;;4520
15:35:36;713;1023;713;;10728
15:35:36;713;1023;713;;4520
15:35:37;713;1023;713;;4544
15:35:37;713;1023;713;;4544
15:35:38;713;1023;713;;10588
15:35:38;713;1023;713;;10588
15:35:39;713;1023;713;;10612
15:35:39;713;1023;713;;10532
15:35:40;713;1023;713;;10532
15:35:40;713;1023;713;;10536
15:35:41;713;1023;713;;10508
15:35:41;713;1023;713;;10584
15:35:42;713;1023;713;;10560
15:35:42;713;1023;713;;10564
15:35:43;713;1023;713;;10536
15:35:43;713;1023;713;;10564
15:35:44;713;1023;713;;10612
15:35:44;713;1023;713;;10556
15:35:45;713;1023;713;;4468
15:35:45;713;1023;713;;10588
15:35:46;713;1023;713;;10536
15:35:46;713;1023;713;;10556
15:35:47;713;1023;713;;10612
15:35:47;713;1023;713;;10536
15:35:48;713;1023;713;;10636
15:35:49;713;1023;713;;10556
15:35:49;713;1023;713;;10536
15:35:50;713;1023;713;;10512
15:35:50;713;1023;713;;10556
15:35:51;713;1023;713;;10536
15:35:51;713;1023;713;;10512
15:35:52;713;1023;713;;10560
15:35:52;713;1023;713;;10560
15:35:53;713;1023;713;;10532
15:35:53;713;1023;713;;10536
15:35:54;713;1023;713;;10536
15:35:54;713;1023;713;;10560
15:35:55;713;1023;713;;10532
15:35:55;713;1023;713;;10556
15:35:56;713;1023;713;;10508
15:35:56;713;1023;713;;10584
15:35:57;713;1023;713;;10636
15:35:57;713;1023;713;;10580
15:35:58;713;1023;713;;10684
15:35:58;713;1023;713;;10588
15:35:59;713;1023;713;;10560
15:35:59;713;1023;713;;10536
15:36:00;713;1023;713;;10556
15:36:00;713;1023;713;;10560
15:36:01;713;1023;713;;10556
15:36:01;713;1023;713;;10556
15:36:02;713;1023;713;;10556
15:36:02;713;1023;713;;10556
15:36:03;713;1023;713;;10504
15:36:03;713;1023;713;;10556
15:36:04;713;1023;713;;10604
15:36:04;713;1023;713;;10536
15:36:05;713;1023;713;;10588
15:36:05;713;1023;713;;10588
15:36:06;713;1023;713;;10536
15:36:06;713;1023;713;;10636
15:36:07;713;1023;713;;10584
15:36:07;713;1023;713;;10564
15:36:08;713;1023;713;;10536
15:36:08;713;1023;713;;10532
15:36:09;713;1023;713;;10540
15:36:09;713;1023;713;;10560
15:36:10;713;1023;713;;10560
15:36:10;713;1023;713;;10588
15:36:11;713;1023;713;;10664
15:36:11;713;1023;713;;10636
15:36:12;713;1023;713;;10640
15:36:12;713;1023;713;;10512
15:36:13;713;1023;713;;10540
15:36:13;713;1023;713;;10508
15:36:14;713;1023;713;;10636
15:36:14;713;1023;713;;10644
15:36:15;713;1023;713;;10584
15:36:15;713;1023;713;;10532
15:36:16;713;1023;713;;10536
15:36:16;713;1023;713;;10608
15:36:17;713;1023;713;;10708
15:36:18;713;1023;713;;10504
15:36:18;713;1023;713;;10560
15:36:19;713;1023;713;;10584
15:36:19;713;1023;713;;10584
15:36:20;713;1023;713;;10556
15:36:20;713;1023;713;;10588
15:36:21;713;1023;713;;10532
15:36:21;713;1023;713;;10564
15:36:22;713;1023;713;;10508
15:36:22;713;1023;713;;10564
15:36:23;713;1023;713;;10512
15:36:23;713;1023;713;;10660
15:36:24;713;1023;713;;10540
15:36:24;713;1023;713;;10584
15:36:25;713;1023;713;;10512
15:36:25;713;1023;713;;10540
15:36:26;713;1023;713;;10516
15:36:26;713;1023;713;;10592
15:36:27;713;1023;713;;10564
15:36:27;713;1023;713;;10540
15:36:28;713;1023;713;;10536
15:36:28;713;1023;713;;10616
15:36:29;713;1023;713;;10564
15:36:29;713;1023;713;;10564
15:36:30;713;1023;713;;10536
15:36:30;713;1023;713;;10608
15:36:31;713;1023;713;;10560
15:36:31;713;1023;713;;10560
15:36:32;713;1023;713;;10512
15:36:32;713;1023;713;;10536
15:36:33;713;1023;713;;10584
15:36:33;713;1023;713;;10508
15:36:34;713;1023;713;;10536
15:36:34;713;1023;713;;10616
15:36:35;713;1023;713;;10508
15:36:35;713;1023;713;;10560
15:36:36;713;1023;713;;10560
15:36:36;713;1023;713;;10564
15:36:37;713;1023;713;;10536
15:36:37;713;1023;713;;10508
15:36:38;713;1023;713;;10584
15:36:38;713;1023;713;;10636
15:36:39;713;1023;713;;10556
15:36:39;713;1023;713;;10584
15:36:40;713;1023;713;;10584
15:36:40;713;1023;713;;10588
15:36:41;713;1023;713;;4492
15:36:41;713;1023;713;;4472
15:36:42;713;1023;713;;10508
15:36:42;713;1023;713;;10484
15:36:43;713;1023;713;;10536
15:36:43;713;1023;713;;10664
15:36:44;713;1023;713;;4492
15:36:44;713;1023;713;;10636
15:36:45;713;1023;713;;10508
15:36:45;713;1023;713;;10508
15:36:46;713;1023;713;;10508
15:36:46;713;1023;713;;10584
15:36:47;713;1023;713;;10532
15:36:48;713;1023;713;;10560
15:36:48;713;1023;713;;10508
15:36:49;713;1023;713;;10556
15:36:49;713;1023;713;;10532
15:36:50;713;1023;713;;10552
15:36:50;713;1023;713;;10552
15:36:51;713;1023;713;;10508
15:36:51;713;1023;713;;10532
15:36:52;713;1023;713;;10608
15:36:52;713;1023;713;;10556
15:36:53;713;1023;713;;10508
15:36:53;713;1023;713;;10532
15:36:54;713;1023;713;;10532
15:36:54;713;1023;713;;10504
15:36:55;713;1023;713;;10560
15:36:55;713;1023;713;;10504
15:36:56;713;1023;713;;4544
15:36:56;713;1023;713;;4520
15:36:57;713;1023;713;;10508
15:36:57;713;1023;713;;10512
15:36:58;713;1023;713;;10556
15:36:58;713;1023;713;;10636
15:36:59;713;1023;713;;10584
15:36:59;713;1023;713;;10656
15:37:00;713;1023;713;;10556
15:37:00;713;1023;713;;10584
15:37:01;713;1023;713;;10604
15:37:01;713;1023;713;;10528
15:37:02;713;1023;713;;10504
15:37:02;713;1023;713;;10632
15:37:03;713;1023;713;;10528
15:37:03;713;1023;713;;10532
15:37:04;713;1023;713;;10508
15:37:04;713;1023;713;;10532
15:37:05;713;1023;713;;10532
15:37:05;713;1023;713;;10556
15:37:06;713;1023;713;;10560
15:37:06;713;1023;713;;10532
15:37:07;713;1023;713;;10528
15:37:07;713;1023;713;;10528
15:37:08;713;1023;713;;10708
15:37:08;713;1023;713;;10504
15:37:09;713;1023;713;;4520
15:37:09;713;1023;713;;10528
15:37:10;713;1023;713;;10556
15:37:10;713;1023;713;;10628
15:37:11;713;1023;713;;10556
15:37:11;713;1023;713;;10508
15:37:12;713;1023;713;;10552
15:37:12;713;1023;713;;10532
15:37:13;713;1023;713;;10504
15:37:13;713;1023;713;;10532
15:37:14;713;1023;713;;10556
15:37:14;713;1023;713;;4492
15:37:15;713;1023;713;;10504
15:37:15;713;1023;713;;10556
15:37:16;713;1023;713;;10532
15:37:16;713;1023;713;;4568
15:37:17;713;1023;713;;10584
15:37:18;713;1023;713;;10532
15:37:18;713;1023;713;;10536
15:37:19;713;1023;713;;10532
15:37:19;713;1023;713;;10532
15:37:20;713;1023;713;;10560
15:37:20;713;1023;713;;10532
15:37:21;713;1023;713;;10584
15:37:21;713;1023;713;;7528
15:37:22;694;944;681;;10532
15:37:22;694;944;681;;10532
15:37:23;531;612;525;;10556
15:37:23;531;612;525;;10532
15:37:24;588;806;607;;10608
15:37:24;588;806;607;;10580
15:37:25;713;1023;713;;10584
15:37:25;713;1023;713;;10508
15:37:26;713;1023;713;;10560
15:37:26;713;1023;713;;10536
15:37:27;713;1023;713;;10536
15:37:27;713;1023;713;;10588
15:37:28;713;1023;713;;10536
15:37:28;713;1023;713;;10636
15:37:29;713;1023;713;;10560
15:37:29;713;1023;713;;10508
15:37:30;713;1023;713;;10540
15:37:30;713;1023;713;;10508
15:37:31;713;1023;713;;10564
15:37:31;713;1023;713;;10536
15:37:32;713;1023;713;;10508
15:37:32;713;1023;713;;10536
15:37:33;713;1023;713;;10540
15:37:33;713;1023;713;;10564
15:37:34;713;1023;713;;10608
15:37:34;713;1023;713;;10512
15:37:35;713;1023;713;;10564
15:37:35;713;1023;713;;10588
15:37:36;713;1023;713;;10644
15:37:36;713;1023;713;;10544
15:37:37;713;1023;713;;10468
15:37:37;713;1023;713;;10524
15:37:38;713;1023;713;;10496
15:37:38;713;1023;713;;10552
15:37:39;713;1023;713;;10500
15:37:39;713;1023;713;;10524
15:37:40;713;1023;713;;10496
15:37:40;713;1023;713;;10524
15:37:41;713;1023;713;;10476
15:37:41;713;1023;713;;10500
15:37:42;713;1023;713;;10524
15:37:42;713;1023;713;;10520
15:37:43;713;1023;713;;10548
15:37:43;713;1023;713;;10548
15:37:44;713;1023;713;;10472
15:37:44;713;1023;713;;10624
15:37:45;713;1023;713;;7940
15:37:45;713;1023;713;;10524
15:37:46;713;1023;713;;7808
15:37:47;713;1023;713;;10520
15:37:47;713;1023;713;;10496
15:37:48;713;1023;713;;10548
15:37:48;713;1023;713;;10500
15:37:49;713;1023;713;;10524
15:37:49;713;1023;713;;10492
15:37:50;713;1023;713;;10500
15:37:50;713;1023;713;;10472
15:37:51;713;1023;713;;10528
15:37:51;713;1023;713;;10520
15:37:52;713;1023;713;;10468
15:37:52;713;1023;713;;10496
15:37:53;713;1023;713;;7836
15:37:53;713;1023;713;;10496
15:37:54;713;1023;713;;10520
15:37:54;713;1023;713;;10524
15:37:55;713;1023;713;;10500
15:37:55;713;1023;713;;10524
15:37:56;713;1023;713;;10500
15:37:56;713;1023;713;;10576
15:37:57;713;1023;713;;7976
15:37:57;713;1023;713;;10504
15:37:58;713;1023;713;;10524
15:37:58;713;1023;713;;10524
15:37:59;713;1023;713;;10552
15:37:59;713;1023;713;;10552
15:38:00;713;1023;713;;10532
15:38:00;713;1023;713;;7836
15:38:01;713;1023;713;;10504
15:38:01;713;1023;713;;10508
15:38:02;713;1023;713;;10580
15:38:02;713;1023;713;;7720
15:38:03;713;1023;713;;7736
15:38:03;713;1023;713;;8004
15:38:04;713;1023;713;;7880
15:38:04;713;1023;713;;10524
15:38:05;713;1023;713;;7956
15:38:05;713;1023;713;;10528
15:38:06;713;1023;713;;10476
15:38:06;713;1023;713;;10476
15:38:07;713;1023;713;;10576
15:38:07;713;1023;713;;7832
15:38:08;713;1023;713;;10476
15:38:08;713;1023;713;;10500
15:38:09;713;1023;713;;7760
15:38:09;713;1023;713;;10528
15:38:10;713;1023;713;;7904
15:38:10;713;1023;713;;10500
15:38:11;713;1023;713;;10472
15:38:11;713;1023;713;;10496
15:38:12;713;1023;713;;10548
15:38:12;713;1023;713;;10520
15:38:13;713;1023;713;;10572
15:38:13;713;1023;713;;10524
15:38:14;713;1023;713;;984
15:38:14;713;1023;713;;7880
15:38:15;713;1023;713;;10564
15:38:15;713;1023;713;;10464
15:38:16;713;1023;713;;7720
15:38:16;713;1023;713;;10536
15:38:17;713;1023;713;;10512
15:38:18;713;1023;713;;10488
15:38:18;713;1023;713;;10512
15:38:19;713;1023;713;;1008
15:38:19;713;1023;713;;944
15:38:20;713;1023;713;;892
15:38:20;713;1023;713;;199992
15:38:21;713;1023;713;;936
15:38:21;713;1023;713;;868
15:38:22;713;1023;713;;940
15:38:22;713;1023;713;;1064
15:38:23;713;1023;713;;1004
15:38:23;713;1023;713;;992
15:38:24;713;1023;713;;964
15:38:24;713;1023;713;;884
15:38:25;713;1023;713;;924
15:38:25;713;1023;713;;856
15:38:26;713;1023;713;;888
15:38:26;713;1023;713;;864
15:38:27;713;1023;713;;1584
15:38:27;713;1023;713;;892
15:38:28;713;1023;713;;900
15:38:28;713;1023;713;;896
15:38:29;713;1023;713;;908
15:38:29;713;1023;713;;964
15:38:30;713;1023;713;;1040
15:38:30;713;1023;713;;1272
15:38:31;713;1023;713;;944
15:38:31;713;1023;713;;1480
15:38:32;713;1023;713;;200684
15:38:32;713;1023;713;;828
15:38:33;713;1023;713;;908
15:38:33;713;1023;713;;916
15:38:34;713;1023;713;;976
15:38:34;713;1023;713;;920
15:38:35;713;1023;713;;836
15:38:35;713;1023;713;;896
15:38:36;713;1023;713;;872
15:38:36;713;1023;713;;848
15:38:37;713;1023;713;;836
15:38:37;713;1023;713;;7720
15:38:38;713;1023;713;;10536
15:38:38;713;1023;713;;10532
15:38:39;713;1023;713;;10508
15:38:39;713;1023;713;;10512
15:38:40;713;1023;713;;10536
15:38:40;713;1023;713;;10584
15:38:41;713;1023;713;;10488
15:38:41;713;1023;713;;10536
15:38:42;713;1023;713;;10588
15:38:42;713;1023;713;;10512
15:38:43;713;1023;713;;10512
15:38:43;713;1023;713;;10588
15:38:44;713;1023;713;;10564
15:38:44;713;1023;713;;10540
15:21:01;713;1023;713;;10488
15:21:01;713;1023;713;;10564
15:21:02;713;1023;713;;10464
15:21:02;713;1023;713;;10488
15:21:03;713;1023;713;;10488
15:21:03;713;1023;713;;10512
15:21:04;713;1023;713;;10584
15:21:04;713;1023;713;;10540
15:21:05;713;1023;713;;10460
15:21:05;713;1023;713;;10484
15:21:06;713;1023;713;;10516
15:21:06;713;1023;713;;10512
15:21:07;713;1023;713;;10540
15:21:07;713;1023;713;;10540
15:21:08;713;1023;713;;10496
15:21:08;713;1023;713;;10496
15:21:09;713;1023;713;;10516
15:21:09;713;1023;713;;10492
15:21:10;713;1023;713;;10492
15:21:10;713;1023;713;;9872
15:21:11;713;1023;713;;4384
15:21:12;713;1023;713;;199780
15:21:12;713;1023;713;;2048
15:21:13;713;1023;713;;199916
15:21:13;713;1023;713;;2096
15:21:14;713;1023;713;;198988
15:21:14;713;1023;713;;2092
15:21:15;713;1023;713;;199564
15:21:16;713;1023;713;;4220
15:21:16;713;1023;713;;10540
15:21:17;713;1023;713;;10512
15:21:17;713;1023;713;;10488
15:21:18;713;1023;713;;10488
15:21:18;713;1023;713;;10488
15:21:19;713;1023;713;;10484
15:21:19;713;1023;713;;10480
15:21:20;713;1023;713;;10512
15:21:20;713;1023;713;;10512
15:21:21;713;1023;713;;10456
15:21:21;713;1023;713;;10516
15:21:22;713;1023;713;;10532
15:21:22;713;1023;713;;10560
15:21:23;713;1023;713;;10512
15:21:23;713;1023;713;;10456
15:21:24;713;1023;713;;10460
15:21:24;713;1023;713;;10488
15:21:25;713;1023;713;;10484
15:21:25;713;1023;713;;10508
15:21:26;713;1023;713;;10460
15:21:26;713;1023;713;;10460
15:21:27;713;1023;713;;10488
15:21:27;713;1023;713;;10532
15:21:28;713;1023;713;;10456
15:21:28;713;1023;713;;10480
15:21:29;713;1023;713;;10480
15:21:29;713;1023;713;;10480
15:21:30;713;1023;713;;10508
15:21:30;713;1023;713;;10468
15:21:31;713;1023;713;;39848
15:21:31;713;1023;713;;264
15:21:32;713;1023;713;;272
15:21:32;713;1023;713;;5168
15:21:33;713;1023;713;;572
15:21:01;713;1023;713;;676
15:21:02;713;1023;713;;696
15:21:02;713;1023;713;;624
15:21:03;713;1023;713;;616
15:21:03;713;1023;713;;616
15:21:04;713;1023;713;;616
15:21:04;713;1023;713;;616
15:21:05;713;1023;713;;616
15:21:05;713;1023;713;;696
15:21:06;713;1023;713;;672
15:21:06;713;1023;713;;672
15:21:07;713;1023;713;;696
15:21:07;713;1023;713;;197184
15:21:08;713;1023;713;;11680
15:21:09;713;1023;713;;11732
15:21:09;713;1023;713;;712
15:21:10;713;1023;713;;632
15:21:10;713;1023;713;;704
15:21:11;713;1023;713;;660
15:21:11;713;1023;713;;628
15:26:01;713;1023;713;;688
15:26:02;713;1023;713;;632
15:26:02;713;1023;713;;656
15:26:03;713;1023;713;;11708
15:26:03;713;1023;713;;11636
15:26:04;713;1023;713;;11688
15:26:04;713;1023;713;;199144
15:26:05;713;1023;713;;592
15:26:05;713;1023;713;;692
15:26:06;713;1023;713;;692
15:26:06;713;1023;713;;198996
15:26:07;713;1023;713;;11760
15:26:24;713;1023;713;;11000
15:26:25;713;1023;713;;1204
15:26:25;713;1023;713;;808
15:26:26;713;1023;713;;712
15:26:29;713;1023;713;;10932
15:26:30;713;1023;713;;10908
15:26:30;713;1023;713;;10908
15:26:31;713;1023;713;;10960
15:26:31;713;1023;713;;10856
15:26:32;713;1023;713;;10908
15:26:32;713;1023;713;;10908
15:26:33;713;1023;713;;10984
15:26:33;713;1023;713;;10992
15:26:34;713;1023;713;;10888
15:26:34;713;1023;713;;11056
15:26:35;713;1023;713;;10876
15:26:35;713;1023;713;;10904
15:26:36;713;1023;713;;10952
15:26:36;713;1023;713;;11008
15:26:37;713;1023;713;;10956
15:26:37;713;1023;713;;10980
15:26:38;713;1023;713;;11016
15:26:38;713;1023;713;;10880
15:26:39;713;1023;713;;684
15:26:40;713;1023;713;;198120
15:26:40;713;1023;713;;10808
15:26:41;713;1023;713;;10752
