16:20:30;629;743;619;
16:20:31;631;796;632;
16:20:32;635;807;635;
16:20:33;637;812;637;
16:20:34;638;816;638;
16:20:35;639;818;639;
16:20:36;639;821;640;
16:20:37;640;823;640;
16:20:38;640;824;641;
16:20:39;641;826;641;
16:20:40;641;827;641;
16:20:41;642;828;642;
16:20:42;642;829;642;
16:20:43;642;830;642;
16:20:44;642;831;643;
16:20:45;643;832;643;
16:20:46;643;833;643;
16:20:47;643;834;643;
16:20:48;643;835;643;
16:20:49;643;835;644;
16:20:50;644;835;644;
16:20:51;644;836;644;
16:20:52;644;836;644;
16:20:53;644;837;644;
16:20:54;644;838;644;
16:20:55;644;838;644;
16:20:56;644;838;644;
16:20:57;645;839;645;
16:20:58;645;839;645;
16:20:59;645;840;645;
16:21:00;645;840;645;
16:21:01;645;840;645;
16:21:02;645;841;645;
16:21:03;645;841;645;
16:21:04;645;841;645;
16:21:05;645;842;645;
16:21:06;645;842;646;
16:21:07;646;843;646;
16:21:08;646;842;646;
16:21:09;646;843;646;
16:21:10;646;844;646;
16:21:11;646;844;646;
16:21:12;646;844;646;
16:21:13;646;844;646;
16:21:14;646;845;646;
16:21:15;646;845;646;
16:21:16;646;845;646;
16:21:17;646;845;646;
16:21:18;646;845;646;
16:21:19;646;846;647;
16:21:20;646;846;647;
16:21:21;647;846;647;
16:21:22;647;846;647;
16:21:23;647;847;647;
16:21:24;647;847;647;
16:21:25;647;847;647;
16:21:26;647;847;647;
16:21:27;647;848;647;
16:21:28;647;848;647;
16:21:29;647;848;647;
16:21:30;647;848;647;
16:21:31;647;848;647;
16:21:32;647;849;647;
16:21:33;647;849;647;
16:21:34;647;849;647;
16:21:35;647;849;647;
16:21:36;648;850;648;
16:21:37;648;850;648;
16:21:38;648;850;648;
16:21:39;648;850;648;
16:21:40;648;850;648;
16:21:41;648;851;648;
16:21:42;648;851;648;
16:21:43;648;851;648;
16:21:44;648;852;648;
16:21:45;648;852;648;
16:21:46;648;851;648;
16:21:47;648;852;648;
16:21:48;648;852;648;
16:21:49;648;852;648;
16:21:50;648;852;648;
16:21:51;648;852;648;
16:21:52;648;853;648;
16:21:53;648;853;648;
16:21:54;648;853;648;
16:21:55;648;853;648;
16:21:56;648;853;648;
16:21:57;648;853;649;
16:21:58;648;853;649;
16:21:59;649;854;649;
16:22:00;649;853;649;
16:22:01;649;853;649;
16:22:02;649;854;649;
16:22:03;649;854;649;
16:22:04;649;854;649;
16:22:05;649;854;649;
16:22:06;649;854;649;
16:22:07;649;854;649;
16:22:08;649;854;649;
16:22:09;649;854;649;
16:22:10;649;854;649;
16:22:11;649;855;649;
16:22:12;649;855;649;
16:22:13;649;855;649;
16:22:14;649;855;649;
16:22:15;649;855;649;
16:22:16;649;855;649;
16:22:17;649;855;649;
16:22:18;649;855;649;
16:22:19;649;855;649;
16:22:20;649;855;649;
16:22:21;649;855;649;
16:22:22;649;856;649;
16:22:23;649;856;649;
16:22:24;649;856;649;
16:22:25;649;856;649;
16:22:26;649;856;649;
16:22:27;649;856;649;
16:22:28;649;856;649;
16:22:29;649;856;649;
16:22:30;649;856;649;
16:22:31;649;856;649;
16:22:32;649;856;649;
16:22:33;649;856;649;
16:22:34;649;856;649;
16:22:35;649;857;649;
16:22:36;649;857;649;
16:22:37;649;857;649;
16:22:38;649;857;649;
16:22:39;649;857;649;
16:22:40;649;857;649;
16:22:41;649;857;649;
16:22:42;649;857;649;
16:22:43;650;857;650;
16:22:44;650;858;650;
16:22:45;650;857;650;
16:22:46;650;857;650;
16:22:47;650;857;650;
16:22:48;650;858;650;
16:22:49;650;858;650;
16:22:50;650;858;650;
16:22:51;650;860;650;
16:22:52;650;860;650;
16:22:53;650;860;650;
16:22:54;650;859;650;
16:22:55;650;857;650;
16:22:56;650;857;650;
16:22:57;649;855;649;
16:22:58;649;854;649;
16:22:59;649;855;649;
16:23:00;649;853;649;
16:23:01;649;855;649;
16:23:02;649;855;649;
16:23:03;649;856;650;
16:23:04;650;860;650;
16:23:05;650;859;650;
16:23:06;650;859;650;
16:23:07;650;860;650;
16:23:08;650;860;650;
16:23:09;650;860;650;
16:23:10;650;860;650;
16:23:11;650;859;650;
16:23:12;650;860;650;
16:23:13;650;860;650;
16:23:14;650;860;650;
16:23:15;650;860;650;
16:23:16;650;860;650;
16:23:17;650;860;650;
16:23:18;650;860;650;
16:23:19;650;860;650;
16:23:20;650;860;650;
16:23:21;650;860;650;
16:23:22;650;860;650;
16:23:23;650;860;650;
16:23:24;650;860;650;
16:23:25;650;860;650;
16:23:26;650;860;650;
16:23:27;650;860;650;
16:23:28;650;860;650;
16:23:29;650;860;650;
16:23:30;650;860;650;
16:23:31;650;860;650;
16:23:32;650;860;650;
16:23:33;650;860;650;
16:23:34;650;860;650;
16:23:35;650;861;650;
16:23:36;650;860;650;
16:23:37;650;860;650;
16:23:38;650;860;650;
16:23:39;650;860;650;
16:23:40;650;860;650;
16:23:41;650;860;650;
16:23:42;650;860;650;
16:23:43;650;860;650;
16:23:44;650;860;650;
16:23:45;650;861;650;
16:23:46;650;861;650;
16:23:47;650;861;650;
16:23:48;650;861;650;
16:23:49;650;861;650;
16:23:50;650;861;650;
16:23:51;650;861;650;
16:23:52;650;861;651;
16:23:53;650;861;650;
16:23:54;650;861;650;
16:23:55;650;861;651;
16:23:56;650;861;650;
16:23:57;650;861;651;
16:23:58;650;861;651;
16:23:59;651;861;651;
16:24:00;651;862;651;
16:24:01;651;862;651;
16:24:02;651;862;651;
16:24:03;651;862;651;
16:24:04;651;862;651;
16:24:05;651;862;651;
16:24:06;651;862;651;
16:24:07;651;862;651;
16:24:08;651;862;651;
16:24:09;651;862;651;
16:24:10;651;862;651;
16:24:11;651;863;651;
16:24:12;651;863;651;
16:24:13;651;862;651;
16:24:14;651;863;651;
16:24:15;651;863;651;
16:24:16;651;863;651;
16:24:17;651;863;651;
16:24:18;651;863;651;
16:24:19;651;863;651;
16:24:20;651;863;651;
16:24:21;651;863;651;
16:24:22;651;863;651;
16:24:23;651;863;651;
16:24:24;651;863;651;
16:24:25;651;863;651;
16:24:26;651;863;651;
16:24:27;651;863;651;
16:24:28;651;864;651;
16:24:29;651;864;651;
16:24:30;651;864;651;
16:24:31;651;864;651;
16:24:32;651;864;651;
16:24:33;651;864;651;
16:24:34;651;864;651;
16:24:35;651;864;651;
16:24:36;651;864;651;
16:24:37;651;864;651;
16:24:38;651;864;651;
16:24:39;651;864;651;
16:24:40;651;864;651;
16:24:41;651;864;651;
16:24:42;651;864;651;
16:24:43;651;864;651;
16:24:44;651;864;651;
16:24:45;651;864;651;
16:24:46;651;864;651;
16:24:47;651;865;651;
16:24:48;651;865;651;
16:24:49;651;864;651;
16:24:50;651;865;651;
16:24:51;651;865;651;
16:24:52;651;865;651;
16:24:53;651;865;651;
16:24:54;651;865;651;
16:24:55;651;865;651;
16:24:56;651;865;651;
16:24:57;651;865;651;
16:24:58;651;865;651;
16:24:59;651;865;651;
16:25:00;651;865;651;
16:25:01;651;865;651;
16:25:02;651;865;651;
16:25:03;651;865;651;
16:25:04;651;865;651;
16:25:05;651;865;651;
16:25:06;651;865;652;
16:25:07;651;865;651;
16:25:08;651;865;651;
16:25:09;651;865;651;
16:25:10;651;865;651;
16:25:11;651;865;651;
16:25:12;651;865;651;
16:25:13;651;865;651;
16:25:14;651;865;651;
16:25:15;651;865;651;
16:25:16;651;866;652;
16:25:17;651;866;652;
16:25:18;651;866;652;
16:25:19;651;865;652;
16:25:20;652;866;652;
16:25:21;652;866;652;
16:25:22;651;866;652;
16:25:23;652;866;652;
16:25:24;651;866;652;
16:25:25;652;866;652;
16:25:26;652;866;652;
16:25:27;652;866;652;
16:25:28;652;866;652;
16:25:29;652;866;652;
16:25:30;652;866;652;
16:25:31;652;866;652;
16:25:32;652;866;652;
16:25:33;652;866;652;
16:25:34;652;866;652;
16:25:35;652;866;652;
16:25:36;652;866;652;
16:25:37;652;866;652;
16:25:38;652;866;652;
16:25:39;652;866;652;
16:25:40;652;866;652;
16:25:41;652;866;652;
16:25:42;652;866;652;
16:25:43;652;866;652;
16:25:44;652;867;652;
16:25:45;652;867;652;
16:25:46;652;867;652;
16:25:47;652;867;652;
16:25:48;652;866;652;
16:25:49;652;867;652;
16:25:50;652;867;652;
16:25:51;652;867;652;
16:25:52;652;867;652;
16:25:53;652;867;652;
16:25:54;652;867;652;
16:25:55;652;867;652;
16:25:56;652;867;652;
16:25:57;652;867;652;
16:25:58;652;867;652;
16:25:59;652;867;652;
16:26:00;652;867;652;
16:26:01;652;867;652;
16:26:02;652;867;652;
16:26:03;652;867;652;
16:26:04;652;867;652;
16:26:05;652;867;652;
16:26:06;652;867;652;
16:26:07;652;867;652;
16:26:08;652;867;652;
16:26:09;652;868;652;
16:26:10;652;867;652;
16:26:11;652;868;652;
16:26:12;652;868;652;
16:26:13;652;868;652;
16:26:14;652;868;652;
16:26:15;652;868;652;
16:26:16;652;868;652;
16:26:17;652;868;652;
16:26:18;652;868;652;
16:26:19;652;868;652;
16:26:20;652;868;652;
16:26:21;652;868;652;
16:26:22;652;868;652;
16:26:23;652;868;652;
16:26:24;652;868;652;
16:26:25;652;868;652;
16:26:26;652;868;652;
16:26:27;652;868;652;
16:26:28;652;868;652;
16:26:29;652;868;652;
16:26:30;652;869;652;
16:26:31;652;868;652;
16:26:32;652;869;652;
16:26:33;652;868;652;
16:26:34;652;869;652;
16:26:35;652;869;652;
16:26:36;652;869;652;
16:26:37;652;869;652;
16:26:38;652;869;652;
16:26:39;652;869;652;
16:26:40;652;869;652;
16:26:41;652;869;652;
16:26:42;652;869;652;
16:26:43;652;869;652;
16:26:44;652;869;652;
16:26:45;652;869;652;
16:26:46;652;869;652;
16:26:47;652;869;652;
16:26:48;652;869;652;
16:26:49;652;869;652;
16:26:50;652;869;652;
16:26:51;652;869;652;
16:26:52;652;869;652;
16:26:53;652;869;652;
16:26:54;652;869;652;
16:26:55;652;869;652;
16:26:56;652;869;652;
16:26:57;652;870;652;
16:26:58;652;870;652;
16:26:59;652;870;652;
16:27:00;652;870;652;
16:27:01;652;870;653;
16:27:02;652;870;653;
16:27:03;652;870;653;
16:27:04;653;870;653;
16:27:05;652;870;653;
16:27:06;653;870;653;
16:27:07;653;870;653;
16:27:08;653;870;653;
16:27:09;653;870;653;
16:27:10;653;870;653;
16:27:11;653;870;653;
16:27:12;653;870;653;
16:27:13;653;870;653;
16:27:14;653;870;653;
16:27:15;653;870;653;
16:27:16;653;870;653;
16:27:17;653;870;653;
16:27:18;653;870;653;
16:27:19;653;870;653;
16:27:20;653;871;653;
16:27:21;653;870;653;
16:27:22;653;871;653;
16:27:23;653;871;653;
16:27:24;653;871;653;
16:27:25;653;871;653;
16:27:26;653;871;653;
16:27:27;653;871;653;
16:27:28;653;871;653;
16:27:29;653;871;653;
16:27:30;653;871;653;
16:27:31;653;871;653;
16:27:32;653;871;653;
16:27:33;653;871;653;
16:27:34;653;871;653;
16:27:35;653;871;653;
16:27:36;653;871;653;
16:27:37;653;871;653;
16:27:38;653;871;653;
16:27:39;653;871;653;
16:27:40;653;871;653;
16:27:41;653;871;653;
16:27:42;653;871;653;
16:27:43;653;871;653;
16:27:44;653;872;653;
16:27:45;653;872;653;
16:27:46;653;872;653;
16:27:47;653;872;653;
16:27:48;653;872;653;
16:27:49;653;872;653;
16:27:50;653;872;653;
16:27:51;653;872;653;
16:27:52;653;872;653;
16:27:53;653;872;653;
16:27:54;653;872;653;
16:27:55;653;872;653;
16:27:56;653;872;653;
16:27:57;653;872;653;
16:27:58;653;872;653;
16:27:59;653;872;653;
16:28:00;653;872;653;
16:28:01;653;872;653;
16:28:02;653;872;653;
16:28:03;653;872;653;
16:28:04;653;872;653;
16:28:05;653;872;653;
16:28:06;653;872;653;
16:28:07;653;872;653;
16:28:08;653;872;653;
16:28:09;653;873;653;
16:28:10;653;872;653;
16:28:11;653;873;653;
16:28:12;653;872;653;
16:28:13;653;873;653;
16:28:14;653;873;653;
16:28:15;653;873;653;
16:28:16;653;873;653;
16:28:17;653;873;653;
16:28:18;653;873;653;
16:28:19;653;873;653;
16:28:20;653;873;653;
16:28:21;653;873;653;
16:28:22;653;873;653;
16:28:23;653;873;653;
16:28:24;653;873;653;
16:28:25;653;873;653;
16:28:26;653;873;653;
16:28:27;653;873;653;
16:28:28;653;873;653;
16:28:29;653;873;653;
16:28:30;653;873;653;
16:28:31;653;873;653;
16:28:32;653;873;653;
16:28:33;653;873;653;
16:28:34;653;873;653;
16:28:35;653;873;653;
16:28:36;653;873;653;
16:28:37;653;873;653;
16:28:38;653;874;653;
16:28:39;653;873;653;
16:28:40;653;873;653;
16:28:41;653;874;653;
16:28:42;653;874;653;
16:28:43;653;874;653;
16:28:44;653;874;653;
16:28:45;653;873;653;
16:28:46;653;873;653;
16:28:47;653;873;653;
16:28:48;653;873;653;
16:28:49;653;873;653;
16:28:50;653;873;653;
16:28:51;653;873;653;
16:28:52;653;873;653;
16:28:53;653;873;653;
16:28:54;653;873;653;
16:28:55;653;873;653;
16:28:56;653;873;653;
16:28:57;653;873;653;
16:28:58;653;873;653;
16:28:59;653;873;653;
16:29:00;653;873;653;
16:29:01;653;873;653;
16:29:02;653;873;653;
16:29:03;653;873;653;
16:29:04;653;873;653;
16:29:05;653;873;653;
16:29:06;653;873;653;
16:29:07;653;873;653;
16:29:08;653;873;653;
16:29:09;653;873;653;
16:29:10;653;873;653;
16:29:11;653;873;653;
16:29:12;653;873;653;
16:29:13;653;873;653;
16:29:14;653;873;653;
16:29:15;653;873;653;
16:29:16;653;873;653;
16:29:17;653;874;653;
16:29:18;653;874;653;
16:29:19;653;874;653;
16:29:20;653;874;653;
16:29:21;653;874;653;
16:29:22;653;874;653;
16:29:23;653;874;653;
16:29:24;653;874;653;
16:29:25;653;874;653;
16:29:26;653;874;653;
16:29:27;653;874;653;
16:29:28;653;874;653;
16:29:29;653;874;653;
16:29:30;653;874;653;
16:29:31;653;874;654;
16:29:32;653;874;654;
16:29:33;653;874;654;
16:29:34;653;874;654;
16:29:35;653;874;654;
16:29:36;653;874;654;
16:29:37;653;874;654;
16:29:38;654;874;654;
16:29:39;654;874;654;
16:29:40;654;874;654;
16:29:41;654;874;654;
16:29:42;654;874;654;
16:29:43;654;875;654;
16:29:44;654;874;654;
16:29:45;654;875;654;
16:29:46;654;875;654;
16:29:47;654;875;654;
16:29:48;654;875;654;
16:29:49;654;875;654;
16:29:50;654;875;654;
16:29:51;654;875;654;
16:29:52;654;875;654;
16:29:53;654;874;654;
16:29:54;654;875;654;
16:29:55;654;874;654;
16:29:56;654;875;654;
16:29:57;654;874;654;
16:29:58;654;874;654;
16:29:59;654;875;654;
16:30:00;654;875;654;
16:30:01;654;875;654;
16:30:02;654;875;654;
16:30:03;654;875;654;
16:30:04;654;875;654;
16:30:05;654;875;654;
16:30:06;654;875;654;
16:30:07;654;875;654;
16:30:08;654;875;654;
16:30:09;654;875;654;
16:30:10;654;875;654;
16:30:11;654;875;654;
16:30:12;654;875;654;
16:30:13;654;874;654;
16:30:14;654;874;654;
16:30:15;654;875;654;
16:30:16;654;875;654;
16:30:17;654;875;654;
16:30:18;654;875;654;
16:30:19;654;875;654;
16:30:20;654;875;654;
16:30:21;654;875;654;
16:30:22;654;875;654;
16:30:23;654;875;654;
16:30:24;654;875;654;
16:30:25;654;875;654;
16:30:26;654;875;654;
16:30:27;654;875;654;
16:30:28;654;875;654;
16:30:29;654;875;654;
16:30:30;654;875;654;
16:30:31;654;875;654;
16:30:32;654;875;654;
16:30:33;654;875;654;
16:30:34;654;875;654;
16:30:35;654;875;654;
16:30:36;654;875;654;
16:30:37;654;875;654;
16:30:38;654;875;654;
16:30:39;654;875;654;
16:30:40;654;875;654;
16:30:41;654;875;654;
16:30:42;654;875;654;
16:30:43;654;875;654;
16:30:44;654;875;654;
16:30:45;654;875;654;
16:30:46;654;875;654;
16:30:47;654;875;654;
16:30:48;654;875;654;
16:30:49;654;875;654;
16:30:50;654;875;654;
16:30:51;654;875;654;
16:30:52;654;875;654;
16:30:53;654;875;654;
16:30:54;654;876;654;
16:30:55;654;875;654;
16:30:56;654;875;654;
16:30:57;654;876;654;
16:30:58;654;876;654;
16:30:59;654;876;654;
16:31:00;654;876;654;
16:31:01;654;876;654;
16:31:02;654;876;654;
16:31:03;654;876;654;
16:31:04;654;876;654;
16:31:05;654;876;654;
16:31:06;654;876;654;
16:31:07;654;876;654;
16:31:08;654;876;654;
16:31:09;654;876;654;
16:31:10;654;876;654;
16:31:11;654;876;654;
16:31:12;654;876;654;
16:31:13;654;876;654;
16:31:14;654;876;654;
16:31:15;654;876;654;
16:31:16;654;876;654;
16:31:17;654;876;654;
16:31:18;654;876;654;
16:31:19;654;876;654;
16:31:20;654;876;654;
16:31:21;654;876;654;
16:31:22;654;876;654;
16:31:23;654;877;654;
16:31:24;654;877;654;
16:31:25;654;877;654;
16:31:26;654;877;654;
16:31:27;654;877;654;
16:31:28;654;877;654;
16:31:29;654;877;654;
16:31:30;654;877;654;
16:31:31;654;877;654;
16:31:32;654;877;654;
16:31:33;654;877;654;
16:31:34;654;877;654;
16:31:35;654;877;654;
16:31:36;654;877;654;
16:31:37;654;877;654;
16:31:38;654;877;654;
16:31:39;654;877;654;
16:31:40;654;877;654;
16:31:41;654;877;654;
16:31:42;654;877;654;
16:31:43;654;877;654;
16:31:44;654;877;654;
16:31:45;654;877;654;
16:31:46;654;877;654;
16:31:47;654;877;654;
16:31:48;654;877;654;
16:31:49;654;877;654;
16:31:50;654;877;654;
16:31:51;654;877;654;
16:31:52;654;877;654;
16:31:53;654;877;654;
16:31:54;654;877;654;
16:31:55;654;877;654;
16:31:56;654;878;654;
16:31:57;654;877;654;
16:31:58;654;878;654;
16:31:59;654;878;654;
16:32:00;654;878;654;
16:32:01;654;877;654;
16:32:02;654;878;654;
16:32:03;654;878;654;
16:32:04;654;878;654;
16:32:05;654;878;654;
16:32:06;654;878;654;
16:32:07;654;878;654;
16:32:08;654;878;654;
16:32:09;654;878;654;
16:32:10;654;878;654;
16:32:11;654;878;654;
16:32:12;654;878;654;
16:32:13;654;878;654;
16:32:14;654;878;654;
16:32:15;654;878;654;
16:32:16;654;878;654;
16:32:17;654;878;654;
16:32:18;654;878;654;
16:32:19;654;878;654;
16:32:20;654;878;654;
16:32:21;654;878;654;
16:32:22;654;878;654;
16:32:23;654;878;654;
16:32:24;654;878;654;
16:32:25;654;878;655;
16:32:26;654;878;655;
16:32:27;654;878;655;
16:32:28;654;878;655;
16:32:29;654;878;655;
16:32:30;654;878;655;
16:32:31;655;879;655;
16:32:32;654;878;655;
16:32:33;655;879;655;
16:32:34;655;879;655;
16:32:35;655;879;655;
16:32:36;655;879;655;
16:32:37;655;879;655;
16:32:38;655;879;655;
16:32:39;655;879;655;
16:32:40;655;879;655;
16:32:41;655;879;655;
16:32:42;655;879;655;
16:32:43;655;879;655;
16:32:44;655;879;655;
16:32:45;655;879;655;
16:32:46;655;879;655;
16:32:47;655;879;655;
16:32:48;655;879;655;
16:32:49;655;879;655;
16:32:50;655;879;655;
16:32:51;655;879;655;
16:32:52;655;879;655;
16:32:53;655;879;655;
16:32:54;655;879;655;
16:32:55;655;879;655;
16:32:56;655;879;655;
16:32:57;655;879;655;
16:32:58;655;879;655;
16:32:59;655;879;655;
16:33:00;655;879;655;
16:33:01;655;879;655;
16:33:02;655;879;655;
16:33:03;655;879;655;
16:33:04;655;879;655;
16:33:05;655;880;655;
16:33:06;655;880;655;
16:33:07;655;880;655;
16:33:08;655;880;655;
16:33:09;655;880;655;
16:33:10;655;879;655;
16:33:11;655;880;655;
16:33:12;655;880;655;
16:33:13;655;880;655;
16:33:14;655;880;655;
16:33:15;655;880;655;
16:33:16;655;880;655;
16:33:17;655;880;655;
16:33:18;655;880;655;
16:33:19;655;880;655;
16:33:20;655;880;655;
16:33:21;655;880;655;
16:33:22;655;880;655;
16:33:23;655;880;655;
16:33:24;655;880;655;
16:33:25;655;880;655;
16:33:26;655;879;655;
16:33:27;654;878;654;
16:33:28;654;878;654;
16:33:29;654;878;654;
16:33:30;654;877;654;
16:33:31;654;877;654;
16:33:32;654;877;654;
16:33:33;654;877;654;
16:33:34;654;877;654;
16:33:35;654;877;654;
16:33:36;654;877;654;
16:33:37;654;877;654;
16:33:38;654;877;654;
16:33:39;654;877;654;
16:33:40;654;877;654;
16:33:41;654;877;654;
16:33:42;654;877;654;
16:33:43;654;877;654;
16:33:44;654;878;654;
16:33:45;654;878;654;
16:33:46;654;878;654;
16:33:47;654;878;654;
16:33:48;654;878;654;
16:33:49;654;878;654;
16:33:50;654;878;654;
16:33:51;654;878;654;
16:33:52;654;878;655;
16:33:53;654;878;655;
16:33:54;654;878;655;
16:33:55;654;878;655;
16:33:56;654;878;655;
16:33:57;654;878;655;
16:33:58;654;878;655;
16:33:59;655;879;655;
16:34:00;655;879;655;
16:34:01;655;879;655;
16:34:02;655;879;655;
16:34:03;655;879;655;
16:34:04;655;879;655;
16:34:05;655;879;655;
16:34:06;655;879;655;
16:34:07;655;879;655;
16:34:08;655;879;655;
16:34:09;655;879;655;
16:34:10;655;879;655;
16:34:11;655;879;655;
16:34:12;655;879;655;
16:34:13;655;879;655;
16:34:14;655;879;655;
16:34:15;655;879;655;
16:34:16;655;879;655;
16:34:17;655;879;655;
16:34:18;655;879;655;
16:34:19;655;879;655;
16:34:20;655;879;655;
16:34:21;655;880;655;
16:34:22;655;880;655;
16:34:23;655;880;655;
16:34:24;655;880;655;
16:34:25;655;880;655;
16:34:26;655;880;655;
16:34:27;655;880;655;
16:34:28;655;880;655;
16:34:29;655;880;655;
16:34:30;655;880;655;
16:34:31;655;880;655;
16:34:32;655;880;655;
16:34:33;655;880;655;
16:34:34;655;880;655;
16:34:35;655;880;655;
16:34:36;655;880;655;
16:34:37;655;880;655;
16:34:38;655;880;655;
16:34:39;655;880;655;
16:34:40;655;880;655;
16:34:41;655;880;655;
16:34:42;655;880;655;
16:34:43;655;880;655;
16:34:44;655;880;655;
16:34:45;655;880;655;
16:34:46;655;880;655;
16:34:47;655;881;655;
16:34:48;655;880;655;
16:34:49;655;881;655;
16:34:50;655;881;655;
16:34:51;655;881;655;
16:34:52;655;881;655;
16:34:53;655;881;655;
16:34:54;655;881;655;
16:34:55;655;881;655;
16:34:56;655;881;655;
16:34:57;655;881;655;
16:34:58;655;881;655;
16:34:59;655;881;655;
16:35:00;655;881;655;
16:35:01;655;881;655;
16:35:02;655;881;655;
16:35:03;655;881;655;
16:35:04;655;881;655;
16:35:05;655;881;655;
16:35:06;655;881;655;
16:35:07;655;881;655;
16:35:08;655;881;655;
16:35:09;655;881;655;
16:35:10;655;881;655;
16:35:11;655;882;655;
16:35:12;655;882;655;
16:35:13;655;881;655;
16:35:14;655;882;655;
16:35:15;655;881;655;
16:35:16;655;882;655;
16:35:17;655;882;655;
16:35:18;655;882;655;
16:35:19;655;882;655;
16:35:20;655;882;655;
16:35:21;655;882;655;
16:35:22;655;882;655;
16:35:23;655;882;655;
16:35:24;655;882;655;
16:35:25;655;882;655;
16:35:26;655;882;655;
16:35:27;655;882;655;
16:35:28;655;882;655;
16:35:29;655;882;655;
16:35:30;655;882;655;
16:35:31;655;882;655;
16:35:32;655;882;655;
16:35:33;655;882;655;
16:35:34;655;882;655;
16:35:35;655;882;655;
16:35:36;655;882;655;
16:35:37;655;882;656;
16:35:38;655;882;655;
16:35:39;655;882;656;
16:35:40;655;882;656;
16:35:41;655;882;656;
16:35:42;655;883;656;
16:35:43;655;882;655;
16:35:44;655;882;656;
16:35:45;655;883;656;
16:35:46;655;883;656;
16:35:47;655;883;656;
16:35:48;655;882;655;
16:35:49;655;882;655;
16:35:50;655;882;655;
16:35:51;655;883;656;
16:35:52;655;882;656;
16:35:53;655;883;656;
16:35:54;655;882;656;
16:35:55;655;882;655;
16:35:56;655;883;656;
16:35:57;655;882;656;
16:35:58;655;883;656;
16:35:59;655;883;656;
16:36:00;655;883;656;
16:36:01;655;883;656;
16:36:02;655;883;656;
16:36:03;655;883;656;
16:36:04;655;883;656;
16:36:05;655;883;656;
16:36:06;655;883;656;
16:36:07;655;883;656;
16:36:08;655;883;656;
16:36:09;655;883;656;
16:36:10;656;883;656;
16:36:11;656;883;656;
16:36:12;656;883;656;
16:36:13;656;883;656;
16:36:14;656;883;656;
16:36:15;656;883;656;
16:36:16;656;883;656;
16:36:17;656;883;656;
16:36:18;656;883;656;
16:36:19;656;883;656;
16:36:20;656;883;656;
16:36:21;656;883;656;
16:36:22;656;883;656;
16:36:23;656;883;656;
16:36:24;656;883;656;
16:36:25;656;883;656;
16:36:26;656;883;656;
16:36:27;656;883;656;
16:36:28;656;883;656;
16:36:29;656;884;656;
16:36:30;656;883;656;
16:36:31;656;883;656;
16:36:32;656;883;656;
16:36:33;656;883;656;
16:36:34;656;883;656;
16:36:35;656;884;656;
16:36:36;656;884;656;
16:36:37;656;884;656;
16:36:38;656;884;656;
16:36:39;656;884;656;
16:36:40;656;884;656;
16:36:41;656;884;656;
16:36:42;656;884;656;
16:36:43;656;884;656;
16:36:44;656;884;656;
16:36:45;656;884;656;
16:36:46;656;883;656;
16:36:47;655;883;656;
16:36:48;656;883;656;
16:36:49;656;883;656;
16:36:50;656;883;656;
16:36:51;656;883;656;
16:36:52;656;883;656;
16:36:53;656;883;656;
16:36:54;656;883;656;
16:36:55;656;883;656;
16:36:56;656;883;656;
16:36:57;656;883;656;
16:36:58;656;883;656;
16:36:59;656;883;656;
16:37:00;656;883;656;
16:37:01;656;883;656;
16:37:02;656;883;656;
16:37:03;656;883;656;
16:37:04;656;883;656;
16:37:05;656;883;656;
16:37:06;656;883;656;
16:37:07;656;883;656;
16:37:08;656;883;656;
16:37:09;656;883;656;
16:37:10;656;883;656;
16:37:11;656;883;656;
16:37:12;656;883;656;
16:37:13;656;883;656;
16:37:14;656;883;656;
16:37:15;656;883;656;
16:37:16;656;883;656;
16:37:17;656;883;656;
16:37:18;656;883;656;
16:37:19;656;884;656;
16:37:20;656;883;656;
16:37:21;656;884;656;
16:37:22;656;883;656;
16:37:23;656;883;656;
16:37:24;656;883;656;
16:37:25;656;883;656;
16:37:26;656;884;656;
16:37:27;656;884;656;
16:37:28;656;884;656;
16:37:29;656;884;656;
16:37:30;656;884;656;
16:37:31;656;884;656;
16:37:32;656;884;656;
16:37:33;656;884;656;
16:37:34;656;884;656;
16:37:35;656;884;656;
16:37:36;656;884;656;
16:37:37;656;884;656;
16:37:38;656;884;656;
16:37:39;656;884;656;
16:37:40;656;884;656;
16:37:41;656;884;656;
16:37:42;656;884;656;
16:37:43;656;884;656;
16:37:44;656;884;656;
16:37:45;656;884;656;
16:37:46;656;884;656;
16:37:47;656;884;656;
16:37:48;656;884;656;
16:37:49;656;884;656;
16:37:50;656;884;656;
16:37:51;656;884;656;
16:37:52;656;884;656;
16:37:53;656;884;656;
16:37:54;656;884;656;
16:37:55;656;884;656;
16:37:56;656;884;656;
16:37:57;656;884;656;
16:37:58;656;885;656;
16:37:59;656;885;656;
16:38:00;656;885;656;
16:38:01;656;885;656;
16:38:02;656;885;656;
16:38:03;656;885;656;
16:38:04;656;885;656;
16:38:05;656;885;656;
16:38:06;656;885;656;
16:38:07;656;885;656;
16:38:08;656;885;656;
16:38:09;656;885;656;
16:38:10;656;885;656;
16:38:11;656;885;656;
16:38:12;656;885;656;
16:38:13;656;885;656;
16:38:14;656;885;656;
16:38:15;656;885;656;
16:38:16;656;885;656;
16:38:17;656;885;656;
16:38:18;656;885;656;
16:38:19;656;885;656;
16:38:20;656;885;656;
16:38:21;656;885;656;
16:38:22;656;885;656;
16:38:23;656;885;656;
16:38:24;656;885;656;
16:38:25;656;885;656;
16:38:26;656;885;656;
16:38:27;656;885;656;
16:38:28;656;885;656;
16:38:29;656;885;656;
16:38:30;656;885;656;
16:38:31;656;885;656;
16:38:32;656;885;656;
16:38:33;656;885;656;
16:38:34;656;885;656;
16:38:35;656;885;656;
16:38:36;656;885;656;
16:38:37;656;885;656;
16:38:38;656;885;656;
16:38:39;656;885;656;
16:38:40;656;885;656;
16:38:41;656;885;656;
16:38:42;656;885;656;
16:38:43;656;886;656;
16:38:44;656;885;656;
16:38:45;656;886;656;
16:38:46;656;886;656;
16:38:47;656;886;656;
16:38:48;656;886;656;
16:38:49;656;886;656;
16:38:50;656;886;656;
16:38:51;656;886;656;
16:38:52;656;886;656;
16:38:53;656;886;656;
16:38:54;656;886;656;
16:38:55;656;886;656;
16:38:56;656;886;656;
16:38:57;656;886;656;
16:38:58;656;886;656;
16:38:59;656;886;656;
16:39:00;656;886;656;
16:39:01;656;886;656;
16:39:02;656;886;656;
16:39:03;656;886;656;
16:39:04;656;886;656;
16:39:05;656;886;656;
16:39:06;656;886;656;
16:39:07;656;886;656;
16:39:08;656;886;656;
16:39:09;656;886;656;
16:39:10;656;886;656;
16:39:11;656;886;656;
16:39:12;656;886;656;
16:39:13;656;886;656;
16:39:14;656;886;656;
16:39:15;656;886;656;
16:39:16;656;886;656;
16:39:17;656;886;657;
16:39:18;656;886;656;
16:39:19;656;886;657;
16:39:20;656;886;656;
16:39:21;656;887;657;
16:39:22;656;887;657;
16:39:23;656;887;657;
16:39:24;656;887;657;
16:39:25;656;887;657;
16:39:26;656;887;657;
16:39:27;656;887;657;
16:39:28;656;887;657;
16:39:29;656;887;657;
16:39:30;656;887;657;
16:39:31;656;887;657;
16:39:32;656;887;657;
16:39:33;656;887;657;
16:39:34;656;887;657;
16:39:35;656;887;657;
16:39:36;656;887;657;
16:39:37;656;887;657;
16:39:38;657;887;657;
16:39:39;657;887;657;
16:39:40;657;887;657;
16:39:41;657;887;657;
16:39:42;657;887;657;
16:39:43;657;887;657;
16:39:44;657;887;657;
16:39:45;657;887;657;
16:39:46;657;887;657;
16:39:47;657;887;657;
16:39:48;657;887;657;
16:39:49;657;887;657;
16:39:50;657;887;657;
16:39:51;657;887;657;
16:39:52;657;887;657;
16:39:53;657;887;657;
16:39:54;657;887;657;
16:39:55;657;887;657;
16:39:56;657;887;657;
16:39:57;657;887;657;
16:39:58;657;887;657;
16:39:59;657;887;657;
16:40:00;657;888;657;
16:40:01;657;887;657;
16:40:02;657;887;657;
16:40:03;657;888;657;
16:40:04;657;888;657;
16:40:05;657;888;657;
16:40:06;657;888;657;
16:40:07;657;888;657;
16:40:08;657;888;657;
16:40:09;657;888;657;
16:40:10;657;888;657;
16:40:11;657;888;657;
16:40:12;657;888;657;
16:40:13;657;888;657;
16:40:14;657;888;657;
16:40:15;657;888;657;
16:40:16;657;888;657;
16:40:17;657;888;657;
16:40:18;657;888;657;
16:40:19;657;888;657;
16:40:20;657;888;657;
16:40:21;657;888;657;
16:40:22;657;888;657;
16:40:23;657;888;657;
16:40:24;657;888;657;
16:40:25;657;888;657;
16:40:26;657;888;657;
16:40:27;657;888;657;
16:40:28;657;889;657;
16:40:29;657;888;657;
16:40:30;657;888;657;
16:40:31;657;889;657;
16:40:32;657;888;657;
16:40:33;657;889;657;
16:40:34;657;889;657;
16:40:35;657;889;657;
16:40:36;657;889;657;
16:40:37;657;889;657;
16:40:38;657;889;657;
16:40:39;657;890;657;
16:40:40;657;890;657;
16:40:41;657;890;657;
16:40:42;657;890;657;
16:40:43;657;890;657;
16:40:44;657;890;657;
16:40:45;657;890;657;
16:40:46;657;890;657;
16:40:47;657;890;657;
16:40:48;657;890;657;
16:40:49;657;890;657;
16:40:50;657;890;657;
16:40:51;657;890;657;
16:40:52;657;890;657;
16:40:53;657;890;657;
16:40:54;657;890;657;
16:40:55;657;890;657;
16:40:56;657;890;657;
16:40:57;657;890;657;
16:40:58;657;890;657;
16:40:59;657;890;657;
16:41:00;657;890;657;
16:41:01;657;890;657;
16:41:02;657;890;657;
16:41:03;657;890;657;
16:41:04;657;890;657;
16:41:05;657;890;657;
16:41:06;657;890;657;
16:41:07;657;890;657;
16:41:08;657;890;657;
16:41:09;657;890;657;
16:41:10;657;890;657;
16:41:11;657;890;657;
16:41:12;657;890;657;
16:41:13;657;890;657;
16:41:14;657;890;657;
16:41:15;657;890;657;
16:41:16;657;890;657;
16:41:17;657;890;657;
16:41:18;657;890;657;
16:41:19;657;890;657;
16:41:20;657;890;657;
16:41:21;657;890;657;
16:41:22;657;890;657;
16:41:23;657;890;657;
16:41:24;657;890;657;
16:41:25;657;890;657;
16:41:26;657;890;657;
16:41:27;657;890;657;
16:41:28;657;890;657;
16:41:29;657;890;657;
16:41:30;657;890;657;
16:41:31;657;890;657;
16:41:32;657;890;657;
16:41:33;657;890;657;
16:41:34;657;890;657;
16:41:35;657;890;657;
16:41:36;657;890;657;
16:41:37;657;890;657;
16:41:38;657;890;657;
16:41:39;657;890;657;
16:41:40;657;890;658;
16:41:41;657;890;657;
16:41:42;657;891;658;
16:41:43;657;891;658;
16:41:44;657;891;658;
16:41:45;657;890;657;
16:41:46;657;891;657;
16:41:47;657;891;658;
16:41:48;657;891;658;
16:41:49;657;891;658;
16:41:50;657;891;658;
16:41:51;657;891;658;
16:41:52;657;891;658;
16:41:53;657;891;658;
16:41:54;657;891;658;
16:41:55;657;891;658;
16:41:56;657;891;658;
16:41:57;657;891;658;
16:41:58;657;891;658;
16:41:59;657;891;658;
16:42:00;657;891;658;
16:42:01;657;891;658;
16:42:02;657;891;658;
16:42:03;658;891;658;
16:42:04;657;891;658;
16:42:05;658;891;658;
16:42:06;658;891;658;
16:42:07;658;891;658;
16:42:08;658;891;658;
16:42:09;658;891;658;
16:42:10;658;891;658;
16:42:11;658;891;658;
16:42:12;658;891;658;
16:42:13;658;891;658;
16:42:14;658;891;658;
16:42:15;658;891;658;
16:42:16;658;891;658;
16:42:17;658;891;658;
16:42:18;658;891;658;
16:42:19;658;891;658;
16:42:20;658;891;658;
16:42:21;658;891;658;
16:42:22;658;891;658;
16:42:23;658;891;658;
16:42:24;658;891;658;
16:42:25;658;892;658;
16:42:26;658;891;658;
16:42:27;658;892;658;
16:42:28;658;891;658;
16:42:29;658;892;658;
16:42:30;658;892;658;
16:42:31;658;892;658;
16:42:32;658;892;658;
16:42:33;658;892;658;
16:42:34;658;892;658;
16:42:35;658;892;658;
16:42:36;658;892;658;
16:42:37;658;892;658;
16:42:38;658;892;658;
16:42:39;658;892;658;
16:42:40;658;892;658;
16:42:41;658;892;658;
16:42:42;658;892;658;
16:42:43;658;892;658;
16:42:44;658;892;658;
16:42:45;658;892;658;
16:42:46;658;892;658;
16:42:47;658;892;658;
16:42:48;658;892;658;
16:42:49;658;892;658;
16:42:50;658;892;658;
16:42:51;658;892;658;
16:42:52;658;892;658;
16:42:53;658;892;658;
16:42:54;658;892;658;
16:42:55;658;892;658;
16:42:56;658;892;658;
16:42:57;658;892;658;
16:42:58;658;892;658;
16:42:59;658;892;658;
16:43:00;658;892;658;
16:43:01;658;892;658;
16:43:02;658;892;658;
16:43:03;658;892;658;
16:43:04;658;892;658;
16:43:05;658;892;658;
16:43:06;658;892;658;
16:43:07;658;892;658;
16:43:08;658;892;658;
16:43:09;658;892;658;
16:43:10;658;892;658;
16:43:11;658;892;658;
16:43:12;658;892;658;
16:43:13;658;892;658;
16:43:14;658;893;658;
16:43:15;658;892;658;
16:43:16;658;892;658;
16:43:17;658;893;658;
16:43:18;658;893;658;
16:43:19;658;893;658;
16:43:20;658;893;658;
16:43:21;658;893;658;
16:43:22;658;893;658;
16:43:23;658;893;658;
16:43:24;658;893;658;
16:43:25;658;893;658;
16:43:26;658;893;658;
16:43:27;658;893;658;
16:43:28;658;893;658;
16:43:29;658;893;658;
16:43:30;658;893;658;
16:43:31;658;893;658;
16:43:32;658;893;658;
16:43:33;658;893;658;
16:43:34;658;893;658;
16:43:35;658;892;658;
16:43:36;658;893;658;
16:43:37;658;893;658;
16:43:38;658;892;658;
16:43:39;658;893;658;
16:43:40;658;892;658;
16:43:41;658;893;658;
16:43:42;658;892;658;
16:43:43;658;893;658;
16:43:44;658;893;658;
16:43:45;658;893;658;
16:43:46;658;892;658;
16:43:47;658;892;658;
16:43:48;658;893;658;
16:43:49;658;892;658;
16:43:50;658;893;658;
16:43:51;658;893;658;
16:43:52;658;893;658;
16:43:53;658;893;658;
16:43:54;658;893;658;
16:43:55;658;893;658;
16:43:56;658;893;658;
16:43:57;658;893;658;
16:43:58;658;893;658;
16:43:59;658;893;658;
16:44:00;658;893;658;
16:44:01;658;893;658;
16:44:02;658;893;658;
16:44:03;658;893;658;
16:44:04;658;893;658;
16:44:05;658;893;658;
16:44:06;658;893;658;
16:44:07;658;893;658;
16:44:08;658;893;658;
16:44:09;658;893;658;
16:44:10;658;893;658;
16:44:11;658;893;658;
16:44:12;658;893;658;
16:44:13;658;893;658;
16:44:14;658;893;658;
16:44:15;658;893;658;
16:44:16;658;893;658;
16:44:17;658;893;658;
16:44:18;658;893;658;
16:44:19;658;893;658;
16:44:20;658;893;658;
16:44:21;658;893;658;
16:44:22;658;893;658;
16:44:23;658;893;658;
16:44:24;658;892;658;
16:44:25;658;891;658;
16:44:26;657;890;657;
16:44:27;657;889;657;
16:44:28;657;889;657;
16:44:29;657;889;657;
16:44:30;657;889;657;
16:44:31;657;889;657;
16:44:32;657;889;657;
16:44:33;657;889;657;
16:44:34;657;888;657;
16:44:35;657;888;657;
16:44:36;657;888;657;
16:44:37;657;889;657;
16:44:38;657;888;657;
16:44:39;657;888;657;
16:44:40;657;888;657;
16:44:41;657;888;657;
16:44:42;657;888;657;
16:44:43;657;888;657;
16:44:44;657;888;657;
16:44:45;657;888;657;
16:44:46;657;888;657;
16:44:47;657;888;657;
16:44:48;657;888;657;
16:44:49;657;888;657;
16:44:50;657;888;657;
16:44:51;657;887;657;
16:44:52;657;887;657;
16:44:53;657;888;657;
16:44:54;657;888;657;
16:44:55;657;887;657;
16:44:56;657;887;657;
16:44:57;657;887;657;
16:44:58;657;887;657;
16:44:59;657;887;657;
16:45:00;657;887;657;
16:45:01;657;887;657;
16:45:02;657;888;657;
16:45:03;657;887;657;
16:45:04;657;887;657;
16:45:05;657;887;657;
16:45:06;657;887;657;
16:45:07;657;888;657;
16:45:08;657;887;657;
16:45:09;657;887;657;
16:45:10;657;887;657;
16:45:11;657;888;657;
16:45:12;657;887;657;
16:45:13;657;887;657;
16:45:14;657;887;657;
16:45:15;657;887;657;
16:45:16;657;888;657;
16:45:17;657;887;657;
16:45:18;657;887;657;
16:45:19;657;888;657;
16:45:20;657;888;657;
16:45:21;657;887;657;
16:45:22;657;887;657;
16:45:23;657;887;657;
16:45:24;657;887;657;
16:45:25;657;887;657;
16:45:26;657;887;657;
16:45:27;657;887;657;
16:45:28;657;887;657;
16:45:29;657;887;657;
16:45:30;657;887;657;
16:45:31;657;887;657;
16:45:32;657;887;657;
16:45:33;657;888;657;
16:45:34;657;888;657;
16:45:35;657;887;657;
16:45:36;657;887;657;
16:45:37;657;888;657;
16:45:38;657;887;657;
16:45:39;657;887;657;
16:45:40;657;887;657;
16:45:41;657;887;657;
16:45:42;657;888;657;
16:45:43;657;888;657;
16:45:44;657;887;657;
16:45:45;657;888;657;
16:45:46;657;888;657;
16:45:47;657;888;657;
16:45:48;657;887;657;
16:45:49;657;888;657;
16:45:50;657;888;657;
16:45:51;657;888;657;
16:45:52;657;888;657;
16:45:53;657;888;657;
16:45:54;657;888;657;
16:45:55;657;888;657;
16:45:56;657;888;657;
16:45:57;657;888;657;
16:45:58;657;888;657;
16:45:59;657;888;657;
16:46:00;657;888;657;
16:46:01;657;888;657;
16:46:02;657;888;657;
16:46:03;657;888;657;
16:46:04;657;888;657;
16:46:05;657;888;657;
16:46:06;657;888;657;
16:46:07;657;888;657;
16:46:08;657;888;657;
16:46:09;657;888;657;
16:46:10;657;888;657;
16:46:11;657;888;657;
16:46:12;657;888;657;
16:46:13;657;888;657;
16:46:14;657;888;657;
16:46:15;657;888;657;
16:46:16;657;888;657;
16:46:17;657;888;657;
16:46:18;657;888;657;
16:46:19;657;888;657;
16:46:20;657;888;657;
16:46:21;657;888;657;
16:46:22;657;888;657;
16:46:23;657;888;657;
16:46:24;657;888;657;
16:46:25;657;888;657;
16:46:26;657;888;657;
16:46:27;657;888;657;
16:46:28;657;888;657;
16:46:29;657;888;657;
16:46:30;657;888;657;
16:46:31;657;888;657;
16:46:32;657;888;657;
16:46:33;657;888;657;
16:46:34;657;888;657;
16:46:35;657;888;657;
16:46:36;657;888;657;
16:46:37;657;888;657;
16:46:38;657;888;657;
16:46:39;657;888;657;
16:46:40;657;888;657;
16:46:41;657;888;657;
16:46:42;657;888;657;
16:46:43;657;889;657;
16:46:44;657;888;657;
16:46:45;657;888;657;
16:46:46;657;888;657;
16:46:47;657;889;657;
16:46:48;657;889;657;
16:46:49;657;888;657;
16:46:50;657;888;657;
16:46:51;657;888;657;
16:46:52;657;889;657;
16:46:53;657;889;657;
16:46:54;657;888;657;
16:46:55;657;888;657;
16:46:56;657;889;657;
16:46:57;657;889;657;
16:46:58;657;889;657;
16:46:59;657;889;657;
16:47:00;657;889;657;
16:47:01;657;889;657;
16:47:02;657;889;657;
16:47:03;657;889;657;
16:47:04;657;889;657;
16:47:05;657;889;657;
16:47:06;657;889;657;
16:47:07;657;889;657;
16:47:08;657;889;657;
16:47:09;657;889;657;
16:47:10;657;889;657;
16:47:11;657;889;657;
16:47:12;657;889;657;
16:47:13;657;889;657;
16:47:14;657;889;657;
16:47:15;657;889;657;
16:47:16;657;889;657;
16:47:17;657;889;657;
16:47:18;657;890;657;
16:47:19;657;890;657;
16:47:20;657;889;657;
16:47:21;657;889;657;
16:47:22;657;890;657;
16:47:23;657;890;657;
16:47:24;657;889;657;
16:47:25;657;889;657;
16:47:26;657;890;657;
16:47:27;657;890;657;
16:47:28;657;890;657;
16:47:29;657;890;657;
16:47:30;657;890;657;
16:47:31;657;890;657;
16:47:32;657;890;657;
16:47:33;657;890;657;
16:47:34;657;890;657;
16:47:35;657;890;657;
16:47:36;657;890;657;
16:47:37;657;890;657;
16:47:38;657;890;657;
16:47:39;657;890;657;
16:47:40;657;890;657;
16:47:41;657;890;658;
16:47:42;657;890;657;
16:47:43;657;890;657;
16:47:44;657;890;657;
16:47:45;657;890;657;
16:47:46;657;890;657;
16:47:47;657;890;657;
16:47:48;657;890;658;
16:47:49;657;890;657;
16:47:50;657;890;658;
16:47:51;657;890;657;
16:47:52;657;890;658;
16:47:53;657;891;658;
16:47:54;657;891;658;
16:47:55;657;891;658;
16:47:56;657;891;658;
16:47:57;657;891;658;
16:47:58;657;891;658;
16:47:59;658;891;658;
16:48:00;658;891;658;
16:48:01;658;891;658;
16:48:02;658;891;658;
16:48:03;658;891;658;
16:48:04;658;891;658;
16:48:05;658;891;658;
16:48:06;658;891;658;
16:48:07;658;891;658;
16:48:08;657;891;658;
16:48:09;657;891;658;
16:48:10;657;891;658;
16:48:11;658;891;658;
16:48:12;658;891;658;
16:48:13;658;891;658;
16:48:14;658;891;658;
16:48:15;658;891;658;
16:48:16;658;891;658;
16:48:17;658;891;658;
16:48:18;658;891;658;
16:48:19;658;892;658;
16:48:20;658;892;658;
16:48:21;658;891;658;
16:48:22;658;892;658;
16:48:23;658;893;658;
16:48:24;658;893;658;
16:48:25;658;892;658;
16:48:26;658;892;658;
16:48:27;658;893;658;
16:48:28;658;893;658;
16:48:29;658;892;658;
16:48:30;658;892;658;
16:48:31;658;893;658;
16:48:32;658;893;658;
16:48:33;658;893;658;
16:48:34;658;893;658;
16:48:35;658;893;658;
16:48:36;658;893;658;
16:48:37;658;892;658;
16:48:38;658;892;658;
16:48:39;658;892;658;
16:48:40;658;893;658;
16:48:41;658;892;658;
16:48:42;658;893;658;
16:48:43;658;892;658;
16:48:44;658;892;658;
16:48:45;658;893;658;
16:48:46;658;893;658;
16:48:47;658;893;658;
16:48:48;658;893;658;
16:48:49;658;893;658;
16:48:50;658;893;658;
16:48:51;658;893;658;
16:48:52;658;893;658;
16:48:53;658;893;658;
16:48:54;658;893;658;
16:48:55;658;893;658;
16:48:56;658;893;658;
16:48:57;658;893;658;
16:48:58;658;892;658;
16:48:59;658;891;658;
16:49:00;658;891;658;
16:49:01;658;892;658;
16:49:02;658;892;658;
16:49:03;658;891;658;
16:49:04;658;891;658;
16:49:05;658;891;658;
16:49:06;658;891;658;
16:49:07;658;891;658;
16:49:08;658;891;658;
16:49:09;658;891;658;
16:49:10;658;892;658;
16:49:11;658;891;658;
16:49:12;658;891;658;
16:49:13;658;892;658;
16:49:14;658;892;658;
16:49:15;658;891;658;
16:49:16;658;891;658;
16:49:17;658;891;658;
16:49:18;658;892;658;
16:49:19;658;892;658;
16:49:20;658;891;658;
16:49:21;658;892;658;
16:49:22;658;892;658;
16:49:23;658;892;658;
16:49:24;658;892;658;
16:49:25;658;891;658;
16:49:26;658;891;658;
16:49:27;658;892;658;
16:49:28;658;892;658;
16:49:29;658;891;658;
16:49:30;658;892;658;
16:49:31;658;892;658;
16:49:32;658;892;658;
16:49:33;658;891;658;
16:49:34;658;892;658;
16:49:35;658;892;658;
16:49:36;658;892;658;
16:49:37;658;892;658;
16:49:38;658;892;658;
16:49:39;658;892;658;
16:49:40;658;892;658;
16:49:41;658;892;658;
16:49:42;658;892;658;
16:49:43;658;892;658;
16:49:44;658;892;658;
16:49:45;658;892;658;
16:49:46;658;892;658;
16:49:47;658;892;658;
16:49:48;658;892;658;
16:49:49;658;892;658;
16:49:50;658;892;658;
16:49:51;658;892;658;
16:49:52;658;892;658;
16:49:53;658;892;658;
16:49:54;658;892;658;
16:49:55;658;892;658;
16:49:56;658;892;658;
16:49:57;658;892;658;
16:49:58;658;892;658;
16:49:59;658;892;658;
16:50:00;658;892;658;
16:50:01;658;892;658;
16:50:02;658;892;658;
16:50:03;658;892;658;
16:50:04;658;892;658;
16:50:05;658;892;658;
16:50:06;658;892;658;
16:50:07;658;892;658;
16:50:08;658;892;658;
16:50:09;658;893;658;
16:50:10;658;892;658;
16:50:11;658;892;658;
16:50:12;658;893;658;
16:50:13;658;893;658;
16:50:14;658;893;658;
16:50:15;658;893;658;
16:50:16;658;893;658;
16:50:17;658;893;658;
16:50:18;658;893;658;
16:50:19;658;893;658;
16:50:20;658;893;658;
16:50:21;658;893;658;
16:50:22;658;893;658;
16:50:23;658;893;658;
16:50:24;658;892;658;
16:50:25;658;893;658;
16:50:26;658;893;658;
16:50:27;658;893;658;
16:50:28;658;893;658;
16:50:29;658;893;658;
16:50:30;658;893;658;
16:50:31;658;893;658;
16:50:32;658;893;658;
16:50:33;658;893;658;
16:50:34;658;893;658;
16:50:35;658;893;658;
16:50:36;658;893;658;
16:50:37;658;893;658;
16:50:38;658;894;658;
16:50:39;658;894;658;
16:50:40;658;893;658;
16:50:41;658;894;658;
16:50:42;658;894;658;
16:50:43;658;894;658;
16:50:44;658;894;658;
16:50:45;658;893;658;
16:50:46;658;894;658;
16:50:47;658;894;658;
16:50:48;658;893;658;
16:50:49;658;893;658;
16:50:50;658;893;658;
16:50:51;658;894;658;
16:50:51;671;994;682;
16:50:53;659;1004;683;
16:50:54;658;893;658;
16:50:55;658;894;658;
16:50:56;658;894;658;
16:50:57;658;893;658;
16:50:58;658;894;658;
16:50:59;658;894;658;
16:51:00;658;894;658;
16:51:01;658;894;658;
16:51:02;658;894;658;
16:51:03;658;894;658;
16:51:04;658;894;659;
16:51:05;658;894;659;
16:51:06;658;894;658;
16:51:07;658;894;658;
16:51:08;658;895;659;
16:51:09;658;894;659;
16:51:10;658;894;659;
16:51:11;658;895;659;
16:51:12;658;895;659;
16:51:13;659;895;659;
16:51:14;659;895;659;
16:51:15;659;895;659;
16:51:16;659;895;659;
16:51:17;659;895;659;
16:51:18;659;895;659;
16:51:19;659;895;659;
16:51:20;659;895;659;
16:51:21;659;895;659;
16:51:22;659;895;659;
16:51:23;659;895;659;
16:51:24;659;895;659;
16:51:25;659;895;659;
16:51:26;659;895;659;
16:51:27;659;895;659;
16:51:28;659;895;659;
16:51:29;659;896;659;
16:51:30;659;896;659;
16:51:31;659;895;659;
16:51:32;659;895;659;
16:51:33;659;896;659;
16:51:34;659;896;659;
16:51:35;659;895;659;
16:51:36;659;896;659;
16:51:37;659;896;659;
16:51:38;659;896;659;
16:51:39;659;896;659;
16:51:40;659;896;659;
16:51:41;659;896;659;
16:51:42;659;896;659;
16:51:43;659;896;659;
16:51:44;659;896;659;
16:51:45;659;896;659;
16:51:46;659;897;659;
16:51:47;659;896;659;
16:51:48;659;896;659;
16:51:49;659;896;659;
16:51:50;659;897;659;
16:51:51;659;897;659;
16:51:52;659;896;659;
16:51:53;659;897;659;
16:51:54;659;897;659;
16:51:55;659;897;659;
16:51:56;659;897;659;
16:51:57;659;897;659;
16:51:58;659;897;659;
16:51:59;659;897;659;
16:52:00;659;897;659;
16:52:01;659;897;659;
16:52:22;659;896;659;;10692
16:52:22;659;896;659;;10696
16:52:23;659;895;659;;8092
16:52:23;659;895;659;;10816
16:52:24;659;896;659;;10796
16:52:24;659;896;659;;7988
16:52:25;659;896;659;;10720
16:52:25;659;896;659;;10772
16:52:26;659;896;659;;6244
16:52:26;659;896;659;;11692
16:52:27;659;896;659;;10708
16:52:27;659;896;659;;4168
16:52:28;659;896;659;;10720
16:52:28;659;896;659;;9856
16:52:29;659;895;659;;10724
16:52:29;659;895;659;;9880
16:52:30;659;895;659;;10772
16:52:30;659;895;659;;10848
16:52:31;659;896;659;;10768
16:52:31;659;896;659;;9704
16:52:32;659;896;659;;4164
16:52:32;659;896;659;;9808
16:52:33;659;895;659;;3956
16:52:33;659;895;659;;9856
16:52:34;659;896;659;;10720
16:52:34;659;896;659;;3968
16:52:35;659;896;659;;3912
16:52:35;659;896;659;;3928
16:52:36;659;896;659;;3976
16:52:36;659;896;659;;3948
16:52:37;659;896;659;;12316
16:52:37;659;896;659;;10648
16:52:38;659;896;659;;9728
16:52:38;659;896;659;;3908
16:52:39;659;896;659;;6296
16:52:39;659;896;659;;8344
16:52:40;659;896;659;;10180
16:52:40;659;896;659;;6216
16:52:41;659;896;659;;8296
16:52:41;659;896;659;;8068
16:52:42;659;896;659;;7944
16:52:42;659;896;659;;7940
16:52:43;659;896;659;;10872
16:52:43;659;896;659;;7316
16:52:44;659;897;659;;7436
16:52:44;659;897;659;;7404
16:52:45;659;896;659;;7500
16:52:45;659;896;659;;6984
16:52:46;659;896;659;;7968
16:52:46;659;896;659;;6472
16:52:47;659;897;659;;7612
16:52:47;659;897;659;;7668
16:52:48;659;897;659;;7464
16:52:49;659;896;659;;7408
16:52:49;659;896;659;;7516
16:52:50;659;897;659;;7184
16:52:50;659;897;659;;7704
16:52:51;659;898;659;;7992
16:52:51;659;898;659;;7520
16:52:52;659;897;659;;8168
16:52:52;659;897;659;;8016
16:52:53;659;896;659;;7440
16:52:53;659;896;659;;8320
16:52:54;659;896;659;;7432
16:52:54;659;896;659;;5024
16:52:55;659;897;659;;7536
16:52:55;659;897;659;;7432
16:52:56;659;897;659;;7596
16:52:56;659;897;659;;7340
16:52:57;659;897;659;;7508
16:52:57;659;897;659;;8132
16:52:58;659;897;659;;7944
16:52:58;659;897;659;;7632
16:52:59;659;897;659;;7272
16:52:59;659;897;659;;7480
16:53:00;659;898;659;;7252
16:53:00;659;898;659;;7484
16:53:01;659;897;659;;7368
16:53:01;659;897;659;;7248
16:53:02;659;897;659;;7252
16:53:02;659;897;659;;7968
16:53:03;659;897;659;;8824
16:53:03;659;897;659;;6884
16:53:04;659;898;659;;6484
16:53:04;659;898;659;;6636
16:53:05;659;897;659;;7944
16:53:05;659;897;659;;8144
16:53:06;660;899;660;;7488
16:53:06;660;899;660;;5084
16:53:07;660;900;660;;7396
16:53:07;660;900;660;;7324
16:53:08;660;901;660;;7260
16:53:08;660;901;660;;6600
16:53:09;660;901;660;;7600
16:53:09;660;901;660;;10788
16:53:10;660;901;660;;7988
16:53:10;660;901;660;;8360
16:53:11;660;901;660;;11208
16:53:11;660;901;660;;10936
16:53:12;660;901;660;;8472
16:53:12;660;901;660;;11260
16:53:13;660;902;660;;7972
16:53:13;660;902;660;;11132
16:53:14;660;901;660;;11108
16:53:14;660;901;660;;11156
16:53:15;660;901;660;;11128
16:53:15;660;901;660;;9532
16:53:16;660;901;660;;11184
16:53:16;660;901;660;;11232
16:53:17;660;901;660;;11228
16:53:17;660;901;660;;8456
16:53:18;660;900;660;;11208
16:53:18;660;900;660;;8172
16:53:19;660;901;660;;10820
16:53:19;660;901;660;;10700
16:53:20;660;901;660;;10800
16:53:20;660;901;660;;10772
16:53:21;660;901;660;;10672
16:53:21;660;901;660;;10676
16:53:22;660;900;660;;10672
16:53:22;660;900;660;;10620
16:53:23;660;901;660;;10696
16:53:23;660;901;660;;10624
16:53:24;660;901;660;;10648
16:53:25;660;901;660;;10648
16:53:25;660;901;660;;10648
16:53:26;660;901;660;;10700
16:53:26;660;901;660;;8564
16:53:27;660;900;660;;7384
16:53:27;660;900;660;;7388
16:53:28;660;901;660;;7620
16:53:28;660;901;660;;7312
16:53:29;660;901;660;;7312
16:53:29;660;901;660;;7412
16:53:30;660;901;660;;7620
16:53:30;660;901;660;;7708
16:53:31;660;901;660;;6640
16:53:31;660;901;660;;7096
16:53:32;660;901;660;;7304
16:53:32;660;901;660;;7408
16:53:33;660;902;660;;7236
16:53:33;660;902;660;;7776
16:53:34;660;902;660;;7292
16:53:34;660;902;660;;7424
16:53:35;660;901;660;;7484
16:53:35;660;901;660;;7500
16:53:36;660;901;660;;10672
16:53:36;660;901;660;;7676
16:53:37;660;902;660;;7560
16:53:37;660;902;660;;7896
16:53:38;660;902;660;;7488
16:53:38;660;902;660;;7512
16:53:39;660;901;660;;7132
16:53:39;660;901;660;;7684
16:53:40;660;902;660;;7688
16:53:40;660;902;660;;7660
16:53:41;660;902;660;;8632
16:53:41;660;902;660;;7676
16:53:42;660;902;660;;7656
16:53:42;660;902;660;;7708
16:53:43;660;901;660;;7484
16:53:43;660;901;660;;7324
16:53:44;660;902;660;;7800
16:53:44;660;902;660;;7316
16:53:45;660;902;660;;7472
16:53:45;660;902;660;;7608
16:53:46;660;902;660;;7280
16:53:46;660;902;660;;4620
16:53:47;660;902;660;;4516
16:53:47;660;902;660;;7308
16:53:48;660;902;660;;7532
16:53:48;660;902;660;;7116
16:53:49;660;902;660;;7436
16:53:49;660;902;660;;7452
16:53:50;660;903;661;;7424
16:53:50;660;903;661;;4796
16:53:51;660;902;660;;4860
16:53:51;660;902;660;;7500
16:53:52;660;902;660;;7636
16:53:52;660;902;660;;7532
16:53:53;660;902;660;;4760
16:53:53;660;902;660;;4680
16:53:54;660;902;660;;7272
16:53:54;660;902;660;;6420
16:53:55;660;902;660;;7128
16:53:55;660;902;660;;7248
16:53:56;660;902;660;;7252
16:53:56;660;902;660;;7168
16:53:57;660;902;660;;7180
16:53:57;660;902;660;;6388
16:53:58;660;902;660;;6392
16:53:58;660;902;660;;6500
16:53:59;660;902;660;;6588
16:53:59;660;902;660;;7116
16:54:00;660;902;660;;7092
16:54:00;660;902;660;;7404
16:54:01;660;902;660;;6504
16:54:01;660;902;660;;6532
16:54:02;660;903;661;;6616
16:54:02;660;903;661;;6684
16:54:03;660;903;661;;6612
16:54:03;660;903;661;;6648
16:54:04;660;902;660;;6588
16:54:04;660;902;660;;6624
16:54:05;660;902;660;;6804
16:54:05;660;902;660;;6680
16:54:06;660;903;661;;6724
16:54:06;660;903;661;;6708
16:54:07;660;902;661;;6636
16:54:08;660;903;661;;6804
16:54:08;660;903;661;;6792
16:54:09;660;903;661;;6772
16:54:09;660;903;661;;6736
16:54:10;661;903;661;;6772
16:54:10;661;903;661;;6720
16:54:11;660;903;661;;6712
16:54:11;660;903;661;;6752
16:54:12;661;903;661;;6780
16:54:12;661;903;661;;6744
16:54:13;661;903;661;;6740
16:54:13;661;903;661;;6768
16:54:14;661;903;661;;6700
16:54:14;661;903;661;;4616
16:54:15;661;903;661;;4620
16:54:15;661;903;661;;4652
16:54:16;661;903;661;;4600
16:54:16;661;903;661;;4600
16:54:17;661;903;661;;4636
16:54:17;661;903;661;;4580
16:54:18;661;904;661;;6832
16:54:18;661;904;661;;6784
16:54:19;661;903;661;;6660
16:54:19;661;903;661;;6640
16:54:20;661;903;661;;6680
16:54:20;661;903;661;;6692
16:54:21;661;903;661;;5580
16:54:21;661;903;661;;4668
16:54:22;661;903;661;;4688
16:54:22;661;903;661;;4716
16:54:23;661;904;661;;4616
16:54:23;661;904;661;;4516
16:54:24;661;903;661;;4488
16:54:24;661;903;661;;4620
16:54:25;661;903;661;;4684
16:54:25;661;903;661;;8088
16:54:26;661;904;661;;10892
16:54:26;661;904;661;;6276
16:54:27;661;904;661;;6220
16:54:27;661;904;661;;8012
16:54:28;661;904;661;;8192
16:54:28;661;904;661;;4720
16:54:29;661;904;661;;4704
16:54:29;661;904;661;;4652
16:54:30;661;904;661;;4628
16:54:30;661;904;661;;4620
16:54:31;661;904;661;;4600
16:54:31;661;904;661;;4652
16:54:32;661;904;661;;4604
16:54:32;661;904;661;;4604
16:54:33;661;904;661;;4636
16:54:33;661;904;661;;4460
16:54:34;661;904;661;;3976
16:54:34;661;904;661;;3676
16:54:35;661;904;661;;3364
16:54:35;661;904;661;;2992
16:54:36;661;904;661;;2712
16:54:36;661;904;661;;2528
16:54:37;661;904;661;;2496
16:54:37;661;904;661;;3352
16:54:38;661;904;661;;4440
16:54:38;661;904;661;;4568
16:54:39;661;904;661;;4576
16:54:39;661;904;661;;4520
16:54:40;661;905;661;;4552
16:54:40;661;905;661;;4612
16:54:41;661;904;661;;4648
16:54:41;661;904;661;;4584
16:54:42;661;904;661;;4520
16:54:42;661;904;661;;4548
16:54:43;661;905;661;;4544
16:54:43;661;905;661;;4604
16:54:44;661;904;661;;4552
16:54:44;661;904;661;;4584
16:54:45;661;904;661;;4608
16:54:45;661;904;661;;4552
16:54:46;661;905;661;;4712
16:54:46;661;905;661;;7940
16:54:47;661;905;661;;10616
16:54:47;661;905;661;;8064
16:54:48;661;905;661;;10568
16:54:48;661;905;661;;10668
16:54:49;661;904;661;;10128
16:54:49;661;904;661;;7988
16:54:50;661;904;661;;8260
16:54:50;661;904;661;;10308
16:54:51;661;905;661;;8536
16:54:51;661;905;661;;8068
16:54:52;661;905;661;;6624
16:54:52;661;905;661;;8084
16:54:53;661;904;661;;10692
16:54:53;661;904;661;;8068
16:54:54;661;904;661;;10596
16:54:54;661;904;661;;10672
16:54:55;661;905;661;;10592
16:54:55;661;905;661;;10644
16:54:56;661;905;661;;10648
16:54:56;661;905;661;;10696
16:54:57;660;902;660;;10620
16:54:58;660;901;660;;10620
16:54:58;660;901;660;;10696
16:54:59;660;902;660;;10620
16:54:59;660;902;660;;10620
16:55:00;660;902;660;;10672
16:55:00;660;902;660;;9732
16:55:01;660;901;660;;10648
16:55:01;660;901;660;;10748
16:55:02;660;901;660;;10644
16:55:02;660;901;660;;10696
16:55:03;660;901;660;;11484
16:55:03;660;901;660;;10692
16:55:04;660;902;660;;11288
16:55:04;660;902;660;;10768
16:55:05;660;901;660;;183480
16:55:05;660;901;660;;4512
16:55:06;660;901;660;;11680
16:55:06;660;901;660;;11832
16:55:07;660;902;660;;10772
16:55:07;660;902;660;;11336
16:55:08;660;902;660;;8168
16:55:08;660;902;660;;7992
16:55:09;660;901;660;;10792
16:55:09;660;901;660;;10816
16:55:10;660;901;660;;10792
16:55:10;660;901;660;;10792
16:55:11;660;902;660;;10868
16:55:11;660;902;660;;10916
16:55:12;660;902;660;;10868
16:55:12;660;902;660;;8040
16:55:13;660;902;660;;10720
16:55:13;660;902;660;;10672
16:55:14;660;901;660;;10624
16:55:14;660;901;660;;9884
16:55:15;660;901;660;;7916
16:55:15;660;901;660;;7996
16:55:16;660;902;660;;7944
16:55:16;660;902;660;;7940
16:55:17;660;902;660;;8068
16:55:17;660;902;660;;8216
16:55:18;660;901;660;;10936
16:55:18;660;901;660;;11280
16:55:19;660;902;660;;6532
16:55:19;660;902;660;;8016
16:55:20;660;902;660;;10740
16:55:20;660;902;660;;7388
16:55:21;660;902;660;;10696
16:55:22;660;901;660;;8188
16:55:22;660;901;660;;10500
16:55:23;660;901;660;;10744
16:55:23;660;901;660;;10496
16:55:24;660;902;660;;10472
16:55:24;660;902;660;;9948
16:55:25;660;902;660;;7992
16:55:25;660;902;660;;10792
16:55:26;660;901;660;;7324
16:55:26;660;901;660;;10720
16:55:27;660;901;660;;8144
16:55:27;660;901;660;;8020
16:55:28;660;902;660;;10820
16:55:28;660;902;660;;8192
16:55:29;660;902;660;;7988
16:55:29;660;902;660;;4800
16:55:30;660;901;660;;10644
16:55:30;660;901;660;;10820
16:55:31;660;901;660;;11000
16:55:31;660;901;660;;10748
16:55:32;660;902;660;;7968
16:55:32;660;902;660;;10720
16:55:33;660;902;660;;8168
16:55:33;660;902;660;;10768
16:55:34;660;901;660;;6504
16:55:34;660;901;660;;10620
16:55:35;660;902;660;;6516
16:55:35;660;902;660;;10668
16:55:36;660;902;660;;10672
16:55:36;660;902;660;;8120
16:55:37;660;902;660;;8216
16:55:37;660;902;660;;8040
16:55:38;660;902;660;;9856
16:55:38;660;902;660;;10720
16:55:39;660;902;660;;7992
16:55:39;660;902;660;;10672
16:55:40;660;902;660;;11776
16:55:40;660;902;660;;8016
16:55:41;660;902;660;;10596
16:55:41;660;902;660;;10648
16:55:42;660;902;660;;4564
16:55:42;660;902;660;;8036
16:55:43;660;902;660;;8012
16:55:43;660;902;660;;10892
16:55:44;660;902;660;;6788
16:55:44;660;902;660;;10248
16:55:45;660;902;660;;11232
16:55:45;660;902;660;;8216
16:55:46;660;902;660;;8120
16:55:46;660;902;660;;8168
16:55:47;660;902;660;;4488
16:55:47;660;902;660;;10716
16:55:48;660;902;660;;10740
16:55:48;660;902;660;;10620
16:55:49;660;902;660;;10692
16:55:49;660;902;660;;6320
16:55:50;660;902;660;;3264
16:55:50;660;902;660;;3296
16:55:51;660;902;660;;3408
16:55:51;660;902;660;;3452
16:55:52;660;902;660;;3488
16:55:52;660;902;660;;3624
16:55:53;660;902;660;;3744
16:55:53;660;902;660;;3848
16:55:54;660;902;660;;3992
16:55:54;660;902;660;;3936
16:55:55;660;902;660;;4048
16:55:55;660;902;660;;4088
16:55:56;660;902;660;;4144
16:55:56;660;902;660;;4180
16:55:57;660;903;661;;4244
16:55:57;660;903;661;;4308
16:55:58;660;903;661;;4296
16:55:58;660;903;661;;4276
16:55:59;660;902;660;;4300
16:55:59;660;902;660;;4296
16:56:00;660;903;661;;4296
16:56:00;660;903;661;;4308
16:56:01;660;902;660;;4268
16:56:02;660;903;661;;4004
16:56:02;660;903;661;;6632
16:56:03;660;902;660;;7096
16:56:03;660;902;660;;4452
16:56:04;660;902;660;;4540
16:56:04;660;902;660;;10644
16:56:05;660;903;661;;10768
16:56:05;660;903;661;;10668
16:56:06;660;903;661;;10692
16:56:06;660;903;661;;10844
16:56:07;660;903;661;;10716
16:56:07;660;903;661;;10568
16:56:08;660;902;660;;10616
16:56:08;660;902;660;;8088
16:56:09;660;903;661;;10276
16:56:09;660;903;661;;10620
16:56:10;660;903;661;;7988
16:56:10;660;903;661;;7988
16:56:11;660;903;661;;7988
16:56:11;660;903;661;;10720
16:56:12;661;903;661;;8064
16:56:12;661;903;661;;10644
16:56:13;661;903;661;;8016
16:56:13;661;903;661;;7916
16:56:14;661;903;661;;11016
16:56:14;661;903;661;;8020
16:56:15;661;903;661;;9804
16:56:15;661;903;661;;7940
16:56:16;661;903;661;;8120
16:56:16;661;903;661;;10616
16:56:17;661;903;661;;10788
16:56:17;661;903;661;;7912
16:56:18;661;903;661;;9820
16:56:18;661;903;661;;10668
16:56:19;661;903;661;;9728
16:56:19;661;903;661;;10564
16:56:20;661;903;661;;10640
16:56:20;661;903;661;;10668
16:56:21;661;903;661;;8092
16:56:21;661;903;661;;8016
16:56:22;661;904;661;;7068
16:56:22;661;904;661;;8040
16:56:23;661;904;661;;7964
16:56:23;661;904;661;;7912
16:56:24;661;903;661;;10740
16:56:24;661;903;661;;8536
16:56:25;661;903;661;;10664
16:56:25;661;903;661;;8268
16:56:26;661;903;661;;10768
16:56:26;661;903;661;;9704
16:56:27;661;904;661;;10960
16:56:27;661;904;661;;10836
16:56:28;661;903;661;;9656
16:56:28;661;903;661;;6724
16:56:29;661;903;661;;4480
16:56:29;661;903;661;;9604
16:56:30;661;903;661;;10200
16:56:30;661;903;661;;10960
16:56:31;661;904;661;;10840
16:56:31;661;904;661;;10176
16:56:32;661;904;661;;10740
16:56:32;661;904;661;;9524
16:56:33;661;903;661;;7964
16:56:33;661;903;661;;4524
16:56:34;661;904;661;;10716
16:56:34;661;904;661;;10784
16:56:35;661;904;661;;7964
16:56:35;661;904;661;;8164
16:56:36;661;904;661;;7504
16:56:37;661;904;661;;10744
16:56:37;661;904;661;;7776
16:56:38;661;904;661;;10812
16:56:38;661;904;661;;10816
16:56:39;661;904;661;;10664
16:56:39;661;904;661;;10716
16:56:40;661;904;661;;10644
16:56:40;661;904;661;;10548
16:56:41;661;904;661;;8048
16:56:41;661;904;661;;11732
16:56:42;661;904;661;;10620
16:56:42;661;904;661;;10792
16:56:43;661;904;661;;8140
16:56:43;661;904;661;;8064
16:56:44;661;904;661;;8068
16:56:44;661;904;661;;10644
16:56:45;661;904;661;;8192
16:56:45;661;904;661;;8016
16:56:46;661;904;661;;10648
16:56:46;661;904;661;;8016
16:56:47;661;904;661;;10716
16:56:47;661;904;661;;10816
16:56:48;661;905;661;;10720
16:56:48;661;905;661;;8064
16:56:49;661;904;661;;8044
16:56:49;661;904;661;;8096
16:56:50;661;904;661;;10716
16:56:50;661;904;661;;8064
16:56:51;661;905;661;;10764
16:56:51;661;905;661;;10792
16:56:52;661;905;661;;10792
16:56:52;661;905;661;;8092
16:56:53;661;905;661;;10548
16:56:53;661;905;661;;8088
16:56:54;661;904;661;;10644
16:56:54;661;904;661;;10716
16:56:55;661;905;661;;10328
16:56:55;661;905;661;;7988
16:56:56;661;905;661;;6368
16:56:56;661;905;661;;6548
16:56:57;661;905;661;;3164
16:56:57;661;905;661;;3004
16:56:58;661;905;661;;3212
16:56:58;661;905;661;;9072
16:56:59;661;905;661;;7188
16:56:59;661;905;661;;8016
16:57:00;661;905;661;;7000
16:57:00;661;905;661;;7940
16:57:01;661;905;661;;8272
16:57:01;661;905;661;;8756
16:57:02;661;905;661;;8368
16:57:02;661;905;661;;8744
16:57:03;661;905;661;;7744
16:57:03;661;905;661;;6508
16:57:04;661;905;661;;4844
16:57:04;661;905;661;;4944
16:57:05;661;905;661;;5084
16:57:05;661;905;661;;5232
16:57:06;661;905;661;;5264
16:57:06;661;905;661;;5308
16:57:07;661;905;661;;4536
16:57:07;661;905;661;;4312
16:57:08;661;906;661;;4188
16:57:08;661;906;661;;4704
16:57:09;661;905;661;;4592
16:57:09;661;905;661;;4628
16:57:10;661;905;661;;4660
16:57:10;661;905;661;;4792
16:57:11;661;905;661;;4688
16:57:11;661;905;661;;4712
16:57:12;661;906;661;;4696
16:57:12;661;906;661;;4880
16:57:13;661;906;661;;4664
16:57:13;661;906;661;;4564
16:57:14;661;905;661;;4664
16:57:14;661;905;661;;4320
16:57:15;661;905;661;;4244
16:57:15;661;905;661;;4276
16:57:16;661;906;661;;4236
16:57:16;661;906;661;;4348
16:57:17;661;906;661;;4244
16:57:17;661;906;661;;4228
16:57:18;661;905;661;;4340
16:57:19;661;906;661;;4280
16:57:19;661;906;661;;4204
16:57:20;661;906;661;;8456
16:57:20;661;906;661;;8244
16:57:21;661;906;661;;8032
16:57:21;661;906;661;;8188
16:57:22;661;906;661;;6204
16:57:22;661;906;661;;6304
16:57:23;661;906;661;;8140
16:57:23;661;906;661;;6456
16:57:24;661;906;661;;6232
16:57:24;661;906;661;;7292
16:57:25;661;906;661;;4864
16:57:25;661;906;661;;6804
16:57:26;661;906;661;;8016
16:57:26;661;906;661;;4944
16:57:27;661;906;661;;7560
16:57:27;661;906;661;;8164
16:57:28;661;906;661;;7556
16:57:28;661;906;661;;6172
16:57:29;661;906;661;;8300
16:57:29;661;906;661;;7996
16:57:30;661;906;661;;7680
16:57:30;661;906;661;;7868
16:57:31;661;906;661;;7464
16:57:31;661;906;661;;7992
16:57:32;661;906;661;;6376
16:57:32;661;906;661;;5096
16:57:33;661;906;661;;7812
16:57:33;661;906;661;;5144
16:57:34;661;906;661;;7784
16:57:34;661;906;661;;7804
16:57:35;661;906;661;;7304
16:57:35;661;906;661;;7736
16:57:36;661;906;661;;7804
16:57:36;661;906;661;;7268
16:57:37;661;907;662;;8924
16:57:37;661;907;662;;6932
16:57:38;661;906;662;;6180
16:57:38;661;906;662;;6116
16:57:39;661;906;661;;6192
16:57:39;661;906;661;;6124
16:57:40;661;906;661;;6096
16:57:40;661;906;661;;6376
16:57:41;661;906;661;;6404
16:57:41;661;906;661;;6208
16:57:42;661;907;662;;5168
16:57:42;661;907;662;;6504
16:57:43;661;907;662;;6160
16:57:43;661;907;662;;6588
16:57:44;661;906;661;;6028
16:57:44;661;906;661;;6060
16:57:45;661;907;662;;6032
16:57:45;661;907;662;;6028
16:57:46;661;907;662;;6080
16:57:46;661;907;662;;6008
16:57:47;661;906;661;;6076
16:57:47;661;906;661;;6028
16:57:48;661;906;661;;6128
16:57:48;661;906;661;;5040
16:57:49;661;907;662;;7132
16:57:49;661;907;662;;6284
16:57:50;661;907;662;;4604
16:57:50;661;907;662;;8016
16:57:51;661;907;662;;10668
16:57:51;661;907;662;;4648
16:57:52;661;907;662;;4644
16:57:52;661;907;662;;4624
16:57:53;661;907;662;;4632
16:57:53;661;907;662;;6180
16:57:54;662;907;662;;4704
16:57:54;662;907;662;;3744
16:57:55;662;907;662;;4280
16:57:55;662;907;662;;4284
16:57:56;662;907;662;;4284
16:57:56;662;907;662;;4640
16:57:57;662;907;662;;4628
16:57:57;662;907;662;;10816
16:57:58;662;907;662;;5968
16:57:58;662;907;662;;10740
16:57:59;662;907;662;;10700
16:57:59;662;907;662;;12084
16:58:00;662;907;662;;7176
16:58:00;662;907;662;;4796
16:58:01;662;907;662;;10424
16:58:01;662;907;662;;5792
16:58:02;662;907;662;;6348
16:58:02;662;907;662;;5700
16:58:03;662;907;662;;6292
16:58:03;662;907;662;;10796
16:58:04;662;907;662;;10624
16:58:05;662;907;662;;10352
16:58:05;662;907;662;;6080
16:58:06;662;907;662;;10568
16:58:06;662;907;662;;5920
16:58:07;662;907;662;;10744
16:58:07;662;907;662;;6256
16:58:08;662;907;662;;5896
16:58:08;662;907;662;;10644
16:58:09;662;907;662;;10476
16:58:09;662;907;662;;6044
16:58:10;662;908;662;;6740
16:58:10;662;908;662;;8468
16:58:11;662;907;662;;8064
16:58:11;662;907;662;;6620
16:58:12;662;907;662;;6660
16:58:12;662;907;662;;10716
16:58:13;662;907;662;;6588
16:58:13;662;907;662;;9876
16:58:14;662;907;662;;10720
16:58:14;662;907;662;;8264
16:58:15;662;908;662;;10812
16:58:15;662;908;662;;8020
16:58:16;662;907;662;;7744
16:58:16;662;907;662;;6580
16:58:17;662;907;662;;6416
16:58:17;662;907;662;;6428
16:58:18;662;907;662;;6344
16:58:18;662;907;662;;10644
16:58:19;662;908;662;;10496
16:58:19;662;908;662;;6716
16:58:20;662;907;662;;6868
16:58:20;662;907;662;;8112
16:58:21;662;907;662;;7964
16:58:21;662;907;662;;6552
16:58:22;662;908;662;;6656
16:58:22;662;908;662;;6776
16:58:23;662;908;662;;10788
16:58:23;662;908;662;;6840
16:58:24;662;908;662;;8268
16:58:24;662;908;662;;6704
16:58:25;662;907;662;;6812
16:58:25;662;907;662;;8584
16:58:26;662;907;662;;10844
16:58:26;662;907;662;;7988
16:58:27;662;908;662;;10768
16:58:27;662;908;662;;10944
16:58:28;662;908;662;;10792
16:58:28;662;908;662;;14016
16:58:29;662;908;662;;14076
16:58:29;662;908;662;;10772
16:58:30;662;908;662;;10692
16:58:30;662;908;662;;10772
16:58:31;662;908;662;;10644
16:58:31;662;908;662;;10324
16:58:32;662;908;662;;10768
16:58:32;662;908;662;;10620
16:58:33;662;908;662;;6516
16:58:33;662;908;662;;6644
16:58:34;662;908;662;;10692
16:58:34;662;908;662;;10596
16:58:35;662;908;662;;9908
16:58:35;662;908;662;;10724
16:58:36;662;908;662;;10644
16:58:36;662;908;662;;10620
16:58:37;662;908;662;;14100
16:58:37;662;908;662;;14052
16:58:38;662;908;662;;14080
16:58:39;662;908;662;;14076
16:58:39;662;908;662;;10648
16:58:40;662;908;662;;10668
16:58:40;662;908;662;;10792
16:58:41;662;908;662;;10696
16:58:41;662;908;662;;10744
16:58:42;662;908;662;;10672
16:58:42;662;908;662;;6404
16:58:43;662;908;662;;10640
16:58:43;662;908;662;;10644
16:58:44;662;909;662;;10692
16:58:44;662;909;662;;10696
16:58:45;662;907;662;;9628
16:58:45;662;907;662;;8024
16:58:46;662;907;662;;10668
16:58:46;662;907;662;;10644
16:58:47;661;907;661;;7484
16:58:47;661;907;661;;10668
16:58:48;661;907;662;;10644
16:58:48;661;907;662;;10668
16:58:49;661;907;661;;10600
16:58:49;661;907;661;;10740
16:58:50;661;906;661;;10788
16:58:50;661;906;661;;11256
16:58:51;661;906;661;;14076
16:58:51;661;906;661;;14004
16:58:52;661;906;662;;9408
16:58:52;661;906;662;;8252
16:58:53;661;907;661;;8176
16:58:53;661;907;661;;10908
16:58:54;661;906;661;;8244
16:58:54;661;906;661;;11236
16:58:55;661;906;661;;8836
16:58:55;661;906;661;;7584
16:58:56;661;906;661;;6952
16:58:56;661;906;661;;7016
16:58:57;661;906;661;;6920
16:58:57;661;906;661;;6416
16:58:58;661;906;661;;6548
16:58:58;661;906;661;;6368
16:58:59;661;906;661;;6168
16:58:59;661;906;661;;7812
16:59:00;661;906;661;;25428
16:59:00;661;906;661;;7676
16:59:01;661;906;661;;7728
16:59:01;661;906;661;;7964
16:59:02;661;906;661;;7816
16:59:02;661;906;661;;7844
16:59:03;661;906;661;;7920
16:59:03;661;906;661;;11008
16:59:04;661;906;661;;10908
16:59:04;661;906;661;;7724
16:59:05;661;906;661;;8120
16:59:05;661;906;661;;8192
16:59:06;661;906;661;;7228
16:59:06;661;906;661;;11080
16:59:07;661;906;661;;6612
16:59:07;661;906;661;;6552
16:59:08;661;906;661;;10884
16:59:08;661;906;661;;10960
16:59:09;661;906;661;;6892
16:59:09;661;906;661;;10960
16:59:10;661;906;661;;7040
16:59:10;661;906;661;;10860
16:59:11;661;906;661;;10960
16:59:12;661;906;661;;6708
16:59:12;661;906;661;;6860
16:59:13;661;906;661;;6852
16:59:13;661;906;661;;6420
16:59:14;661;906;661;;6696
16:59:14;661;906;661;;10736
16:59:15;661;906;661;;6844
16:59:15;661;906;661;;6760
16:59:16;661;906;661;;6932
16:59:16;661;906;661;;6688
16:59:17;661;906;661;;6836
16:59:17;661;906;661;;6432
16:59:18;661;906;661;;6712
16:59:18;661;906;661;;6836
16:59:19;661;906;661;;6708
16:59:19;661;906;661;;7088
16:59:20;661;906;661;;10636
16:59:20;661;906;661;;10708
16:59:21;661;906;661;;7200
16:59:21;661;906;661;;10788
16:59:22;661;906;661;;7008
16:59:22;661;906;661;;10784
16:59:23;661;906;661;;6572
16:59:23;661;906;661;;10836
16:59:24;661;906;661;;7104
16:59:24;661;906;661;;10864
16:59:25;661;906;661;;10844
16:59:25;661;906;661;;7120
16:59:26;661;906;661;;10960
16:59:26;661;906;661;;10988
16:59:27;661;906;661;;13980
16:59:27;661;906;661;;10884
16:59:28;661;906;661;;7572
16:59:28;661;906;661;;10836
16:59:29;661;906;661;;8048
16:59:29;661;906;661;;8072
16:59:30;661;907;662;;8092
16:59:30;661;907;662;;10716
16:59:31;661;906;661;;8036
16:59:31;661;906;661;;10708
16:59:32;661;906;661;;10764
16:59:32;661;906;661;;8508
16:59:33;661;906;661;;11060
16:59:33;661;906;661;;10764
16:59:34;661;906;661;;10832
16:59:34;661;906;661;;10812
16:59:35;661;906;661;;11204
16:59:35;661;906;661;;10888
16:59:36;661;906;661;;10864
16:59:36;661;906;661;;11084
16:59:37;661;906;661;;10884
16:59:37;661;906;661;;6992
16:59:38;661;907;662;;11232
16:59:38;661;907;662;;7480
16:59:39;661;906;661;;6764
16:59:39;661;906;661;;14376
16:59:40;661;906;661;;12384
16:59:40;661;906;661;;11012
16:59:41;661;906;661;;11620
16:59:41;661;906;661;;14148
16:59:42;661;907;662;;12480
16:59:42;661;907;662;;14136
16:59:43;661;906;661;;14024
16:59:43;661;906;661;;11012
16:59:44;661;906;662;;11612
16:59:45;661;907;662;;10988
16:59:45;661;907;662;;10936
16:59:46;661;907;662;;12388
16:59:46;661;907;662;;12584
16:59:47;661;906;661;;6080
16:59:47;661;906;661;;7768
16:59:48;661;906;661;;14176
16:59:48;661;906;661;;14260
16:59:49;661;906;661;;11088
16:59:49;661;906;661;;7824
16:59:50;661;907;662;;8032
16:59:50;661;907;662;;14180
16:59:51;661;906;661;;7976
16:59:51;661;906;661;;14156
16:59:52;661;906;661;;14184
16:59:52;661;906;661;;14104
16:59:53;661;906;661;;10960
16:59:53;661;906;661;;11064
16:59:54;661;907;662;;10912
16:59:54;661;907;662;;6376
16:59:55;661;907;662;;10812
16:59:55;661;907;662;;10836
16:59:56;661;906;661;;10788
16:59:56;661;906;661;;10764
16:59:57;661;906;662;;10712
16:59:57;661;906;662;;10764
16:59:58;661;907;662;;10736
16:59:58;661;907;662;;10788
16:59:59;661;907;662;;10764
16:59:59;661;907;662;;10840
