13:22:18;708;1023;708;;14444
13:22:18;708;1023;708;;988
13:22:19;708;1023;708;;9644
13:22:19;708;1023;708;;1336
13:22:20;708;1023;708;;284
13:22:20;708;1023;708;;9328
13:22:21;708;1023;709;;992
13:22:21;708;1023;709;;276
13:35:23;709;1023;710;;6904
13:35:23;709;1023;710;;6388
13:35:24;710;1023;710;;6392
13:35:24;710;1023;710;;3412
13:35:25;710;1023;710;;3488
13:35:25;710;1023;710;;3472
13:35:26;710;1023;710;;3476
13:35:26;710;1023;710;;6320
13:35:27;710;1023;710;;6408
13:35:27;710;1023;710;;6352
13:35:28;710;1023;710;;6372
13:35:28;710;1023;710;;6432
13:35:29;710;1023;710;;3496
13:35:29;710;1023;710;;3500
13:35:30;710;1023;710;;3540
13:35:30;710;1023;710;;3512
13:35:31;710;1023;710;;6804
13:35:31;710;1023;710;;6600
13:35:32;710;1023;710;;3476
13:35:32;710;1023;710;;3440
13:35:33;710;1023;710;;3408
13:35:42;710;1023;710;;6904
13:35:42;710;1023;710;;6536
13:35:43;710;1023;710;;6832
13:36:01;710;1023;710;;6560
13:36:01;710;1023;710;;6780
13:36:02;710;1023;710;;6832
13:36:02;710;1023;710;;6588
13:36:03;710;1023;710;;6512
13:36:03;710;1023;710;;6452
13:36:04;710;1023;710;;6476
13:36:04;710;1023;710;;6460
13:36:05;710;1023;710;;6488
13:36:05;710;1023;710;;6780
13:36:06;710;1023;710;;6376
13:36:06;710;1023;710;;8740
13:36:07;710;1023;710;;3404
13:36:07;710;1023;710;;6384
13:36:08;710;1023;710;;3428
13:36:08;710;1023;710;;6540
13:36:09;710;1023;710;;3376
13:36:09;710;1023;710;;3380
13:36:10;710;1023;710;;3352
13:36:10;710;1023;710;;3404
13:36:11;710;1023;710;;7940
13:36:11;710;1023;710;;3472
13:36:12;710;1023;710;;3452
13:36:12;710;1023;710;;6460
13:36:13;710;1023;710;;6824
13:36:13;710;1023;710;;7488
13:36:14;710;1023;710;;9476
13:36:14;710;1023;710;;6952
13:36:15;710;1023;710;;6324
13:36:15;710;1023;710;;7448
13:36:16;710;1023;710;;6772
13:36:16;710;1023;710;;6724
13:36:17;710;1023;710;;6848
13:36:17;710;1023;710;;6800
13:36:18;710;1023;710;;7088
13:36:18;710;1023;710;;6876
13:36:19;710;1023;710;;6124
13:36:19;710;1023;710;;7880
13:36:20;710;1023;710;;6848
13:36:20;710;1023;710;;6824
13:36:21;710;1023;710;;4868
13:36:21;710;1023;710;;4720
13:36:22;710;1023;710;;6768
13:36:22;710;1023;710;;3348
13:36:23;710;1023;710;;3380
13:36:23;710;1023;710;;7128
13:36:24;710;1023;710;;6384
13:36:24;710;1023;710;;3356
13:36:25;710;1023;710;;6880
13:36:25;710;1023;710;;3404
13:36:26;710;1023;710;;6876
13:36:26;710;1023;710;;7424
13:36:27;710;1023;710;;3380
13:36:27;710;1023;710;;3292
13:36:28;710;1023;710;;3304
13:36:28;710;1023;710;;3376
13:36:29;710;1023;710;;3344
13:36:29;710;1023;710;;3372
13:36:30;710;1023;710;;6768
13:36:30;710;1023;710;;7000
13:36:31;710;1023;710;;6728
13:36:31;710;1023;710;;6904
13:36:32;710;1023;710;;6488
13:36:32;710;1023;710;;6520
13:36:33;710;1023;710;;6908
13:36:33;710;1023;710;;6824
13:36:34;710;1023;710;;6808
13:36:34;710;1023;710;;6580
13:36:35;710;1023;710;;8952
13:36:35;710;1023;710;;6828
13:36:36;710;1023;710;;7636
13:36:36;710;1023;710;;3304
13:36:37;710;1023;710;;3328
13:36:37;710;1023;710;;3348
13:36:38;710;1023;710;;3304
13:36:38;710;1023;710;;3380
13:36:39;710;1023;710;;3388
13:36:39;710;1023;710;;3548
13:36:40;710;1023;710;;3312
13:36:40;710;1023;710;;3380
13:36:41;710;1023;710;;3728
13:36:41;710;1023;710;;3208
13:36:42;710;1023;710;;3352
13:36:42;710;1023;710;;3268
13:36:43;710;1023;710;;3320
13:36:43;710;1023;710;;3396
13:36:44;710;1023;710;;6784
13:36:44;710;1023;710;;7272
13:36:45;710;1023;710;;6900
13:36:45;710;1023;710;;6828
13:36:46;710;1023;710;;8772
13:36:47;710;1023;710;;6760
13:36:47;710;1023;710;;6800
13:36:48;710;1023;710;;8748
13:36:48;710;1023;710;;6928
13:36:49;710;1023;710;;6884
13:36:49;710;1023;710;;6300
13:36:50;710;1023;710;;4040
13:36:50;710;1023;710;;4036
13:36:51;710;1023;710;;4144
13:36:51;710;1023;710;;6808
13:36:52;710;1023;710;;4188
13:36:52;710;1023;710;;4260
13:36:53;710;1023;710;;4016
13:36:53;710;1023;710;;4036
13:36:54;710;1023;710;;3964
13:36:54;710;1023;710;;4076
13:36:55;710;1023;710;;4240
13:36:55;710;1023;710;;7572
13:36:56;710;1023;710;;6472
13:36:56;710;1023;710;;1780
13:36:57;710;1023;710;;1780
13:36:57;710;1023;710;;1980
13:36:58;710;1023;710;;2072
13:36:58;710;1023;710;;8768
13:36:59;710;1023;710;;8768
13:36:59;710;1023;710;;6804
13:37:00;710;1023;710;;2500
13:37:00;710;1023;710;;2656
13:37:01;710;1023;710;;6704
13:37:01;710;1023;710;;6752
13:37:02;710;1023;710;;2964
13:37:02;710;1023;710;;2964
13:37:03;710;1023;710;;6704
13:37:03;710;1023;710;;13964
13:37:04;710;1023;710;;4296
13:37:04;710;1023;710;;3136
13:37:05;710;1023;710;;3172
13:37:05;710;1023;710;;3288
13:37:06;710;1023;710;;3248
13:37:06;710;1023;710;;3288
13:37:07;710;1023;710;;3292
13:37:07;710;1023;710;;3320
13:37:08;710;1023;710;;3324
13:37:08;710;1023;710;;3396
13:37:09;710;1023;710;;3484
13:37:09;710;1023;710;;3768
13:37:10;710;1023;710;;3696
13:37:10;710;1023;710;;4104
13:37:11;710;1023;710;;4116
13:37:11;710;1023;710;;4012
13:37:12;710;1023;710;;4004
13:37:12;710;1023;710;;4004
13:37:13;710;1023;710;;6952
13:37:13;710;1023;710;;4072
13:37:14;710;1023;710;;6780
13:37:14;710;1023;710;;4144
13:37:15;710;1023;710;;6804
13:37:15;710;1023;710;;4028
13:37:16;710;1023;710;;7372
13:37:16;710;1023;710;;4008
13:37:17;710;1023;710;;4000
13:37:17;710;1023;710;;6828
13:37:18;710;1023;710;;4008
13:37:18;710;1023;710;;4060
13:37:19;710;1023;710;;7072
13:37:19;710;1023;710;;6928
13:37:20;710;1023;710;;6780
13:37:20;710;1023;710;;4100
13:37:21;710;1023;710;;3672
13:37:21;710;1023;710;;4020
13:37:22;710;1023;710;;3772
13:37:22;710;1023;710;;3904
13:37:23;710;1023;710;;3812
13:37:23;710;1023;710;;3828
13:37:24;710;1023;710;;4056
13:37:24;710;1023;710;;3920
13:37:25;710;1023;710;;3872
13:37:25;710;1023;710;;3872
13:37:26;710;1023;709;;3884
13:37:26;710;1023;709;;3852
13:37:27;710;1023;710;;3876
13:37:27;710;1023;710;;3848
13:37:28;710;1023;709;;4020
13:37:28;710;1023;709;;7052
13:37:29;710;1023;709;;3952
13:37:29;710;1023;709;;4000
13:37:30;710;1023;710;;3900
13:37:30;710;1023;710;;3852
13:37:31;710;1023;709;;3876
13:37:31;710;1023;709;;3876
13:37:32;710;1023;709;;3972
13:37:32;710;1023;709;;3960
13:37:33;710;1023;709;;3912
13:37:33;710;1023;709;;8776
13:37:34;710;1023;709;;4064
13:37:34;710;1023;709;;6804
13:37:35;710;1023;709;;4884
13:37:35;710;1023;709;;7144
13:37:36;710;1023;709;;6828
13:37:36;710;1023;709;;6500
13:37:37;710;1023;709;;6888
13:37:37;710;1023;709;;6676
13:37:38;710;1023;709;;6984
13:37:38;710;1023;709;;7040
13:37:39;710;1023;709;;7024
13:37:39;710;1023;709;;7028
13:37:40;710;1023;709;;6852
13:37:40;710;1023;709;;6992
13:37:41;710;1023;709;;7016
13:37:41;710;1023;709;;6772
13:37:42;710;1023;709;;6800
13:37:43;710;1023;709;;6676
13:37:43;710;1023;709;;6772
13:37:44;710;1023;709;;6356
13:37:44;710;1023;709;;3576
13:37:45;710;1023;709;;3424
13:37:45;710;1023;709;;8796
13:37:46;710;1023;709;;1600
13:37:46;710;1023;709;;1416
13:37:47;710;1023;709;;1476
13:37:47;710;1023;709;;1580
13:37:48;710;1023;709;;1648
13:37:48;710;1023;709;;1684
13:37:49;710;1023;709;;1708
13:37:49;710;1023;709;;1736
13:37:50;710;1023;709;;1744
13:37:50;710;1023;709;;1768
13:37:51;710;1023;709;;1852
13:37:51;710;1023;709;;2044
13:37:52;710;1023;709;;2224
13:37:52;710;1023;709;;2344
13:37:53;710;1023;709;;2484
13:37:53;710;1023;709;;2580
13:37:54;710;1023;709;;2676
13:37:54;710;1023;709;;2796
13:37:55;710;1023;709;;2900
13:37:55;710;1023;709;;3028
13:37:56;710;1023;709;;3128
13:37:56;710;1023;709;;3184
13:37:57;709;1023;709;;3284
13:37:57;709;1023;709;;3352
13:37:58;710;1023;709;;3460
13:37:58;710;1023;709;;3508
13:37:59;710;1023;709;;3584
13:37:59;710;1023;709;;3668
13:38:00;710;1023;709;;3656
13:38:00;710;1023;709;;3592
13:38:01;710;1023;709;;3684
13:38:01;710;1023;709;;3708
13:38:02;710;1023;709;;3700
13:38:02;710;1023;709;;3684
13:38:03;710;1023;709;;3712
13:38:03;710;1023;709;;3688
13:38:04;709;1023;709;;3684
13:38:04;709;1023;709;;3720
13:38:05;710;1023;709;;3692
13:38:05;710;1023;709;;3692
13:38:06;710;1023;709;;3704
13:38:06;710;1023;709;;3680
13:38:07;710;1023;709;;3700
13:38:07;710;1023;709;;3736
13:38:08;710;1023;709;;4096
13:38:08;710;1023;709;;4040
13:38:09;709;1023;709;;4844
13:38:09;709;1023;709;;4888
13:38:10;710;1023;709;;4888
13:38:10;710;1023;709;;4788
13:38:11;710;1023;709;;4100
13:38:11;710;1023;709;;6920
13:38:12;710;1023;709;;4484
13:38:12;710;1023;709;;4348
13:38:13;710;1023;709;;4276
13:38:13;710;1023;709;;4276
13:38:14;710;1023;709;;4456
13:38:14;710;1023;709;;4312
13:38:15;710;1023;709;;4324
13:38:15;710;1023;709;;4396
13:38:16;710;1023;709;;6900
13:38:16;710;1023;709;;8792
13:38:17;710;1023;709;;4296
13:38:17;710;1023;709;;4300
13:38:18;710;1023;709;;13708
13:38:18;710;1023;709;;4004
13:38:19;710;1023;709;;4032
13:38:19;710;1023;709;;4296
13:38:20;710;1023;709;;7208
13:38:20;710;1023;709;;3976
13:38:21;710;1023;709;;3980
13:38:21;710;1023;709;;4012
13:38:22;709;1023;709;;4020
13:38:22;709;1023;709;;4088
13:38:23;710;1023;709;;3832
13:38:23;710;1023;709;;6880
13:38:24;710;1023;709;;3992
13:38:24;710;1023;709;;4144
13:38:25;710;1023;709;;7480
13:38:25;710;1023;709;;8768
13:38:26;710;1023;709;;4116
13:38:26;710;1023;709;;8816
13:38:27;710;1023;709;;4120
13:38:27;710;1023;709;;4140
13:38:28;709;1023;709;;4068
13:38:28;709;1023;709;;4088
13:38:29;709;1023;709;;7000
13:38:29;709;1023;709;;3304
13:38:30;709;1023;709;;3836
13:38:30;709;1023;709;;3836
13:38:31;709;1023;709;;4100
13:38:31;709;1023;709;;4136
13:38:32;709;1023;709;;4080
13:38:32;709;1023;709;;4076
13:38:33;709;1023;709;;4016
13:38:33;709;1023;709;;4052
13:38:34;709;1023;709;;4056
13:38:34;709;1023;709;;4004
13:38:35;709;1023;709;;3980
13:38:35;709;1023;709;;3988
13:38:36;709;1023;709;;4064
13:38:36;709;1023;709;;6760
13:38:37;709;1023;709;;6696
13:38:37;709;1023;709;;8816
13:38:38;709;1023;709;;5476
13:38:38;709;1023;709;;6820
13:38:39;709;1023;709;;6720
13:38:39;709;1023;709;;6844
13:38:40;709;1023;709;;6732
13:38:40;709;1023;709;;5968
13:38:41;709;1023;709;;6824
13:38:41;709;1023;709;;8764
13:38:42;709;1023;709;;8716
13:38:42;709;1023;709;;5368
13:38:43;709;1023;709;;4860
13:38:43;709;1023;709;;8744
13:38:44;709;1023;709;;8816
13:38:45;709;1023;709;;6776
13:38:45;709;1023;709;;8812
13:38:46;709;1023;709;;6948
13:38:46;709;1023;709;;4216
13:38:47;709;1023;709;;4228
13:38:47;709;1023;709;;4204
13:38:48;709;1023;709;;6704
13:38:48;709;1023;709;;6700
13:38:49;709;1023;709;;4312
13:38:49;709;1023;709;;4208
13:38:50;709;1023;709;;9004
13:38:50;709;1023;709;;6972
13:38:51;709;1023;709;;4944
13:38:51;709;1023;709;;4300
13:38:52;709;1023;709;;6828
13:38:52;709;1023;709;;4040
13:38:53;709;1023;709;;6700
13:38:53;709;1023;709;;6772
13:38:54;709;1023;709;;6700
13:38:54;709;1023;709;;4276
13:38:55;709;1023;709;;4120
13:38:55;709;1023;709;;4148
13:38:56;709;1023;709;;6628
13:38:56;709;1023;709;;4912
13:38:57;709;1023;709;;6800
13:38:57;709;1023;709;;4212
13:38:58;709;1023;709;;6796
13:38:58;709;1023;709;;8932
13:38:59;709;1023;709;;4100
13:38:59;709;1023;709;;8884
13:39:00;709;1023;709;;8840
13:39:00;709;1023;709;;6904
13:39:01;709;1023;709;;6880
13:39:01;709;1023;709;;6764
13:39:02;709;1023;709;;6928
13:39:02;709;1023;709;;6804
13:39:03;709;1023;709;;8844
13:39:03;709;1023;709;;12312
13:39:04;709;1023;709;;6932
13:39:04;709;1023;709;;8760
13:39:05;709;1023;709;;6980
13:39:05;709;1023;709;;6776
13:39:06;709;1023;709;;6852
13:39:06;709;1023;709;;7288
13:39:07;709;1023;709;;5220
13:39:07;709;1023;709;;7108
13:39:08;709;1023;709;;6204
13:39:08;709;1023;709;;5252
13:39:09;709;1023;709;;5148
13:39:09;709;1023;709;;5784
13:39:10;709;1023;709;;5712
13:39:10;709;1023;709;;6280
13:39:11;709;1023;709;;5632
13:39:11;709;1023;709;;5868
13:39:12;709;1023;709;;6824
13:39:12;709;1023;709;;6212
13:39:13;709;1023;709;;6072
13:39:13;709;1023;709;;6272
13:39:14;709;1023;709;;6336
13:39:14;709;1023;709;;6228
13:39:15;709;1023;709;;6764
13:39:15;709;1023;709;;6780
13:39:16;709;1023;709;;6724
13:39:16;709;1023;709;;7772
13:39:17;709;1023;709;;7000
13:39:17;709;1023;709;;6784
13:39:18;709;1023;709;;6800
13:39:18;709;1023;709;;6808
13:39:19;709;1023;709;;6776
13:39:19;709;1023;709;;7616
13:39:20;709;1023;709;;6776
13:39:20;709;1023;709;;6780
13:39:21;709;1023;709;;7324
13:39:21;709;1023;709;;8004
13:39:22;709;1023;709;;6852
13:39:22;709;1023;709;;6780
13:39:23;709;1023;709;;6708
13:39:23;709;1023;709;;6808
13:39:24;709;1023;709;;6800
13:39:24;709;1023;709;;6756
13:39:25;709;1023;709;;6440
13:39:25;709;1023;709;;5672
13:39:26;709;1023;709;;6808
13:39:26;709;1023;709;;6824
13:39:27;709;1023;709;;6804
13:39:27;709;1023;709;;6780
13:39:28;709;1023;709;;6192
13:39:28;709;1023;709;;7644
13:39:29;709;1023;709;;7700
13:39:29;709;1023;709;;6828
13:39:30;709;1023;709;;7936
13:39:31;709;1023;709;;6716
13:39:31;709;1023;709;;6768
13:39:32;709;1023;709;;5616
13:39:32;709;1023;709;;6112
13:39:33;709;1023;709;;6764
13:39:33;709;1023;709;;6732
13:39:34;709;1023;709;;6708
13:39:34;709;1023;709;;6684
13:39:35;709;1023;709;;6792
13:39:35;709;1023;709;;6684
13:39:36;709;1023;709;;6740
13:39:36;709;1023;709;;6732
13:39:37;709;1023;709;;6712
13:39:37;709;1023;709;;6660
13:39:38;709;1023;709;;6712
13:39:38;709;1023;709;;6808
13:39:39;709;1023;709;;6812
13:39:39;709;1023;709;;6712
13:39:40;709;1023;709;;6840
13:39:40;709;1023;709;;6748
13:39:41;709;1023;709;;6116
13:39:41;709;1023;709;;6988
13:39:42;709;1023;709;;6584
13:39:42;709;1023;709;;6764
13:39:43;709;1023;709;;6912
13:39:43;709;1023;709;;6784
13:39:44;709;1023;709;;7428
13:39:44;709;1023;709;;6812
13:39:45;709;1023;709;;6808
13:39:45;709;1023;709;;6736
13:39:46;709;1023;709;;6664
13:39:46;709;1023;709;;6760
13:39:47;709;1023;709;;6840
13:39:47;709;1023;709;;6756
13:39:48;709;1023;709;;6788
13:39:48;709;1023;709;;6856
13:39:49;709;1023;709;;6712
13:39:49;709;1023;709;;6684
13:39:50;709;1023;709;;6836
13:39:50;709;1023;709;;3928
13:39:51;709;1023;709;;6612
13:39:51;709;1023;709;;6712
13:39:52;709;1023;709;;5196
13:39:52;709;1023;709;;6588
13:39:53;709;1023;709;;5120
13:39:53;709;1023;709;;6308
13:39:54;709;1023;709;;6856
13:39:54;709;1023;709;;4912
13:39:55;709;1023;709;;5124
13:39:55;709;1023;709;;6736
13:39:56;709;1023;709;;3880
13:39:56;709;1023;709;;3816
13:39:57;709;1023;709;;3956
13:39:57;709;1023;709;;6988
13:39:58;709;1023;709;;3712
13:39:58;709;1023;709;;3728
13:39:59;709;1023;709;;3724
13:39:59;709;1023;709;;3696
13:40:00;709;1023;709;;3696
13:40:00;709;1023;709;;3696
13:40:01;709;1023;709;;3720
13:40:01;709;1023;709;;3788
13:40:02;709;1023;709;;3736
13:40:02;709;1023;709;;3784
13:40:03;709;1023;709;;3740
13:40:03;709;1023;709;;3740
13:40:04;709;1023;709;;3768
13:40:04;709;1023;709;;6856
13:40:05;709;1023;709;;6704
13:40:05;709;1023;709;;6756
13:40:06;709;1023;709;;3764
13:40:06;709;1023;709;;3684
13:40:07;709;1023;709;;3732
13:40:07;709;1023;709;;3680
13:40:08;709;1023;709;;3680
13:40:08;709;1023;709;;3684
13:40:09;709;1023;709;;3712
13:40:09;709;1023;709;;3712
13:40:10;709;1023;709;;3732
13:40:10;709;1023;709;;3708
13:40:11;709;1023;709;;3708
13:40:11;709;1023;709;;3652
13:40:12;709;1023;709;;3632
13:40:12;709;1023;709;;3660
13:40:13;709;1023;709;;3732
13:40:13;709;1023;709;;6684
13:40:14;709;1023;709;;7864
13:40:14;709;1023;709;;6736
13:40:15;709;1023;709;;6764
13:40:15;709;1023;709;;6684
13:40:16;709;1023;709;;6712
13:40:16;709;1023;709;;6740
13:40:17;709;1023;709;;6732
13:40:17;709;1023;709;;5232
13:40:18;709;1023;709;;6776
13:40:18;709;1023;709;;8820
13:40:19;709;1023;709;;6788
13:40:19;709;1023;709;;6788
13:40:20;709;1023;709;;6764
13:40:20;709;1023;709;;5292
13:40:21;709;1023;709;;6812
13:40:21;709;1023;709;;6664
13:40:22;709;1023;709;;6688
13:40:22;709;1023;709;;6752
13:40:23;709;1023;709;;6664
13:40:24;709;1023;709;;6960
13:40:24;709;1023;709;;6740
13:40:25;709;1023;709;;6588
13:40:25;709;1023;709;;6596
13:40:26;709;1023;709;;6432
13:40:26;709;1023;709;;6684
13:40:27;709;1023;709;;6732
13:40:27;709;1023;709;;7796
13:40:28;709;1023;709;;6752
13:40:28;709;1023;709;;6840
13:40:29;709;1023;709;;6612
13:40:29;709;1023;709;;8696
13:40:30;709;1023;709;;6808
13:40:30;709;1023;709;;6732
13:40:31;709;1023;709;;6736
13:40:31;709;1023;709;;6812
13:40:32;709;1023;709;;6656
13:40:32;709;1023;709;;6736
13:40:33;709;1023;709;;6736
13:40:33;709;1023;709;;6832
13:40:34;709;1023;709;;6736
13:40:34;709;1023;709;;6688
13:40:35;709;1023;709;;6788
13:40:35;709;1023;709;;6712
13:40:36;709;1023;709;;6708
13:40:36;709;1023;709;;6808
13:40:37;709;1023;709;;6632
13:40:37;709;1023;709;;6832
13:40:38;709;1023;709;;6772
13:40:38;709;1023;709;;6836
13:40:39;709;1023;709;;6688
13:40:39;709;1023;709;;6744
13:40:40;709;1023;709;;6660
13:40:40;709;1023;709;;7032
13:40:41;709;1023;709;;6908
13:40:41;709;1023;709;;6680
13:40:42;709;1023;709;;6632
13:40:42;709;1023;709;;6636
13:40:43;709;1023;709;;5384
13:40:43;709;1023;709;;6680
13:40:44;709;1023;709;;6584
13:40:44;709;1023;709;;6784
13:40:45;709;1023;709;;6756
13:40:45;709;1023;709;;6452
13:40:46;709;1023;709;;6832
13:40:46;709;1023;709;;6488
13:40:47;709;1023;709;;8748
13:40:47;709;1023;709;;6804
13:40:48;709;1023;709;;6560
13:40:48;709;1023;709;;6536
13:40:49;709;1023;709;;6708
13:40:49;709;1023;709;;6728
13:40:50;709;1023;709;;6860
13:40:50;709;1023;709;;6736
13:40:51;709;1023;709;;6784
13:40:51;709;1023;709;;4936
13:40:52;709;1023;709;;6392
13:40:52;709;1023;709;;6680
13:40:53;709;1023;709;;5040
13:40:53;709;1023;709;;5552
13:40:54;709;1023;709;;6736
13:40:54;709;1023;709;;7060
13:40:55;709;1023;709;;6664
13:40:55;709;1023;709;;5400
13:40:56;709;1023;709;;5244
13:40:56;709;1023;709;;5076
13:40:57;709;1023;709;;5144
13:40:57;709;1023;709;;5088
13:40:58;709;1023;709;;5076
13:40:58;709;1023;709;;5148
13:40:59;709;1023;709;;6660
13:40:59;709;1023;709;;5192
13:41:00;709;1023;709;;5276
13:41:00;709;1023;709;;5188
13:41:01;709;1023;709;;6684
13:41:01;709;1023;709;;6736
13:41:02;709;1023;709;;6712
13:41:02;709;1023;709;;5176
13:41:03;709;1023;709;;6880
13:41:03;709;1023;709;;4792
13:41:04;709;1023;709;;4868
13:41:04;709;1023;709;;4996
13:41:05;709;1023;709;;4920
13:41:05;709;1023;709;;5000
13:41:06;709;1023;709;;4984
13:41:06;709;1023;709;;4908
13:41:07;709;1023;709;;4848
13:41:07;709;1023;709;;4960
13:41:08;709;1023;709;;6468
13:41:08;709;1023;709;;5072
13:41:09;709;1023;709;;4880
13:41:09;709;1023;709;;4852
13:41:10;709;1023;709;;4832
13:41:10;709;1023;709;;4860
13:41:11;709;1023;709;;4844
13:41:11;709;1023;709;;4840
13:41:12;709;1023;709;;4844
13:41:12;709;1023;709;;4868
13:41:13;709;1023;709;;4836
13:41:13;709;1023;709;;4844
13:41:14;709;1023;709;;4848
13:41:15;709;1023;709;;4844
13:41:15;709;1023;709;;4868
13:41:16;709;1023;709;;4864
13:41:16;709;1023;709;;4864
13:41:17;709;1023;709;;4844
13:41:17;709;1023;709;;4840
13:41:18;709;1023;709;;4908
13:41:18;709;1023;709;;4876
13:41:19;709;1023;709;;4852
13:41:19;709;1023;709;;4864
13:41:20;709;1023;709;;4812
13:41:20;709;1023;709;;4864
13:41:21;709;1023;709;;6692
13:41:21;709;1023;709;;4996
13:41:22;709;1023;709;;5140
13:41:22;709;1023;709;;6988
13:41:23;709;1023;709;;6788
13:41:23;709;1023;709;;5244
13:41:24;709;1023;709;;6788
13:41:24;709;1023;709;;5164
13:41:25;709;1023;709;;5160
13:41:25;709;1023;709;;6680
13:41:26;709;1023;709;;5308
13:41:26;709;1023;709;;6856
13:41:27;709;1023;709;;6732
13:41:27;709;1023;709;;5092
13:41:28;709;1023;709;;5120
13:41:28;709;1023;709;;5144
13:41:29;709;1023;709;;6680
13:41:29;709;1023;709;;6708
13:41:30;709;1023;709;;6856
13:41:30;709;1023;709;;6940
13:41:31;709;1023;709;;6600
13:41:31;709;1023;709;;6552
13:41:32;709;1023;709;;6352
13:41:32;709;1023;709;;2828
13:41:33;709;1023;709;;2952
13:41:33;709;1023;709;;2992
13:41:34;709;1023;709;;3092
13:41:34;709;1023;709;;3136
13:41:35;709;1023;709;;3152
13:41:35;709;1023;709;;3136
13:41:36;709;1023;709;;3300
13:41:36;709;1023;709;;3624
13:41:37;709;1023;709;;3876
13:41:37;709;1023;709;;3976
13:41:38;709;1023;709;;4164
13:41:38;709;1023;709;;4336
13:41:39;709;1023;709;;4496
13:41:39;709;1023;709;;4628
13:41:40;709;1023;709;;4756
13:41:40;709;1023;709;;4760
13:41:41;709;1023;709;;4952
13:41:41;709;1023;709;;4956
13:41:42;709;1023;709;;5036
13:41:42;709;1023;709;;6952
13:41:43;709;1023;709;;6804
13:41:43;709;1023;709;;7080
13:41:44;709;1023;709;;6872
13:41:44;709;1023;709;;6916
13:41:45;709;1023;709;;6792
13:41:45;709;1023;709;;6820
13:41:46;709;1023;709;;6772
13:41:46;709;1023;709;;6776
13:41:47;709;1023;709;;6728
13:41:47;709;1023;709;;6800
13:41:48;709;1023;709;;6776
13:41:48;709;1023;709;;6764
13:41:49;709;1023;709;;6556
13:41:49;709;1023;709;;6408
13:41:50;709;1023;709;;6792
13:41:50;709;1023;709;;6864
13:41:51;709;1023;709;;5376
13:41:51;709;1023;709;;5196
13:41:52;709;1023;709;;5216
13:41:52;709;1023;709;;4404
13:41:53;709;1023;709;;4612
13:41:53;709;1023;709;;4704
13:41:54;709;1023;709;;6740
13:41:54;709;1023;709;;4792
13:41:55;709;1023;709;;4788
13:41:55;709;1023;709;;4776
13:41:56;709;1023;709;;4804
13:41:56;709;1023;709;;4832
13:41:57;709;1023;709;;4860
13:41:57;709;1023;709;;4860
13:41:58;709;1023;709;;4868
13:41:58;709;1023;709;;4916
13:41:59;709;1023;709;;4984
13:41:59;709;1023;709;;4852
13:42:00;709;1023;709;;4856
13:42:00;709;1023;709;;4852
13:42:01;709;1023;709;;4868
13:42:01;709;1023;709;;4852
13:42:02;709;1023;709;;4720
13:42:02;709;1023;709;;5212
13:42:03;709;1023;709;;6760
13:42:03;709;1023;709;;6888
13:42:04;709;1023;709;;5328
13:42:04;709;1023;709;;5372
13:42:05;709;1023;709;;7260
13:42:05;709;1023;709;;6788
13:42:06;709;1023;709;;6728
13:42:06;709;1023;709;;7572
13:42:07;709;1023;709;;7612
13:42:07;709;1023;709;;6636
13:42:08;709;1023;709;;4880
13:42:08;709;1023;709;;6840
13:42:09;709;1023;709;;4852
13:42:09;709;1023;709;;5496
13:42:10;709;1023;709;;6752
13:42:11;709;1023;709;;6820
13:42:11;709;1023;709;;6892
13:42:12;709;1023;709;;6740
13:42:12;709;1023;709;;6820
13:42:13;709;1023;709;;6892
13:42:13;709;1023;709;;6972
13:42:14;709;1023;709;;7980
13:42:14;709;1023;709;;7948
13:42:15;709;1023;709;;6688
13:42:15;709;1023;709;;6932
13:42:16;709;1023;709;;6744
13:42:16;709;1023;709;;6824
13:42:17;709;1023;709;;5936
13:42:17;709;1023;709;;6760
13:42:18;709;1023;709;;7280
13:42:18;709;1023;709;;7756
13:42:19;709;1023;709;;7300
13:42:19;709;1023;709;;7472
13:42:20;709;1023;709;;7772
13:42:20;709;1023;709;;6860
13:42:21;709;1023;709;;7376
13:42:21;709;1023;709;;7528
13:42:22;709;1023;709;;7488
13:42:22;709;1023;709;;5500
13:42:23;709;1023;709;;5520
13:42:23;709;1023;709;;7380
13:42:24;709;1023;709;;6868
13:42:24;709;1023;709;;6812
13:42:25;709;1023;709;;6712
13:42:25;709;1023;709;;6684
13:42:26;709;1023;709;;6688
13:42:26;709;1023;709;;6816
13:42:27;709;1023;709;;6900
13:42:27;709;1023;709;;6852
13:42:28;709;1023;709;;6836
13:42:28;709;1023;709;;7280
13:42:29;709;1023;709;;7128
13:42:29;709;1023;709;;6740
13:42:30;709;1023;709;;6612
13:42:30;709;1023;709;;8576
13:42:31;709;1023;709;;6436
13:42:31;709;1023;709;;7616
13:42:32;709;1023;709;;6888
13:42:32;709;1023;709;;6740
13:42:33;709;1023;709;;6872
13:42:33;709;1023;709;;6840
13:42:34;709;1023;709;;7308
13:42:34;709;1023;709;;6816
13:42:35;709;1023;709;;7624
13:42:35;709;1023;709;;7352
13:42:36;709;1023;709;;7892
13:42:36;709;1023;709;;6860
13:42:37;709;1023;709;;8820
13:42:37;709;1023;709;;5492
13:42:38;709;1023;709;;6812
13:42:38;709;1023;709;;6688
13:42:39;709;1023;709;;6768
13:42:39;709;1023;709;;7120
13:42:40;709;1023;709;;6892
13:42:40;709;1023;709;;6740
13:42:41;709;1023;709;;6872
13:42:41;709;1023;709;;7420
13:42:42;709;1023;709;;6732
13:42:42;709;1023;709;;6968
13:42:43;709;1023;709;;6760
13:42:43;709;1023;709;;6664
13:42:44;709;1023;709;;6880
13:42:44;709;1023;709;;7056
13:42:45;709;1023;709;;8788
13:42:45;709;1023;709;;7364
13:42:46;709;1023;709;;6708
13:42:46;709;1023;709;;7448
13:42:47;709;1023;709;;6812
13:42:47;709;1023;709;;6948
13:42:48;709;1023;709;;6736
13:42:48;709;1023;709;;6236
13:42:49;709;1023;709;;7420
13:42:49;709;1023;709;;7316
13:42:50;709;1023;709;;7436
13:42:50;709;1023;709;;7536
13:42:51;709;1023;709;;7840
13:42:51;709;1023;709;;7496
13:42:52;709;1023;709;;7392
13:42:52;709;1023;709;;7372
13:42:53;709;1023;709;;7472
13:42:54;709;1023;709;;6892
13:42:54;709;1023;709;;7456
13:42:55;709;1023;709;;6740
13:42:55;709;1023;709;;7532
13:42:56;709;1023;709;;6688
13:42:56;709;1023;709;;7572
13:42:57;709;1023;709;;6692
13:42:57;709;1023;709;;6744
13:42:58;709;1023;709;;6696
13:42:58;709;1023;709;;6844
13:42:59;709;1023;709;;6696
13:42:59;709;1023;709;;7460
13:43:00;709;1023;709;;6940
13:43:00;709;1023;709;;6536
13:43:01;709;1023;709;;7712
13:43:01;709;1023;709;;6692
13:43:02;709;1023;709;;7528
13:43:02;709;1023;709;;7472
13:43:03;709;1023;709;;6788
13:43:03;709;1023;709;;6720
13:43:04;709;1023;709;;6768
13:43:04;709;1023;709;;6760
13:43:05;709;1023;709;;6740
13:43:05;709;1023;709;;5784
13:43:06;709;1023;709;;7516
13:43:06;709;1023;709;;5844
13:43:07;709;1023;709;;7464
13:43:07;709;1023;709;;6088
13:43:08;709;1023;709;;6764
13:43:08;709;1023;709;;7456
13:43:09;709;1023;709;;7440
13:43:09;709;1023;709;;7156
13:43:10;709;1023;709;;7392
13:43:10;709;1023;709;;7500
13:43:11;709;1023;709;;6892
13:43:11;709;1023;709;;7384
13:43:12;709;1023;709;;7572
13:43:12;709;1023;709;;7480
13:43:13;709;1023;709;;6888
13:43:13;709;1023;709;;7476
13:43:14;709;1023;709;;6764
13:43:14;709;1023;709;;7444
13:43:15;709;1023;709;;6772
13:43:15;709;1023;709;;6780
13:43:16;709;1023;709;;7388
13:43:16;709;1023;709;;6784
13:43:17;709;1023;709;;6760
13:43:17;709;1023;709;;6868
13:43:18;709;1023;709;;6844
13:43:18;709;1023;709;;7424
13:43:19;709;1023;709;;6732
13:43:19;709;1023;709;;6772
13:43:20;709;1023;709;;6704
13:43:20;709;1023;709;;6788
13:43:21;709;1023;709;;6880
13:43:21;709;1023;709;;6860
13:43:22;709;1023;709;;6852
13:43:22;709;1023;709;;6628
13:43:23;709;1023;709;;6708
13:43:23;709;1023;709;;7076
13:43:24;709;1023;709;;7440
13:43:24;709;1023;709;;6780
13:43:25;709;1023;709;;6732
13:43:25;709;1023;709;;6728
13:43:26;709;1023;709;;6332
13:43:26;709;1023;709;;6804
13:43:27;709;1023;709;;6196
13:43:27;709;1023;709;;6900
13:43:28;709;1023;709;;7936
13:43:28;709;1023;709;;6284
13:43:29;709;1023;709;;6852
13:43:29;709;1023;709;;7416
13:43:30;709;1023;709;;6684
13:43:30;709;1023;709;;6676
13:43:31;709;1023;709;;6844
13:43:31;709;1023;709;;6920
13:43:32;709;1023;709;;6400
13:43:32;709;1023;709;;7540
13:43:33;709;1023;709;;6752
13:43:33;709;1023;709;;6892
13:43:34;709;1023;709;;6676
13:43:34;709;1023;709;;6708
13:43:35;709;1023;709;;6892
13:43:35;709;1023;709;;7596
13:43:36;709;1023;709;;6892
13:43:36;709;1023;709;;7020
13:43:37;709;1023;709;;6180
13:43:38;709;1023;709;;6896
13:43:38;709;1023;709;;5712
13:43:39;709;1023;709;;6820
13:43:39;709;1023;709;;7352
13:43:40;709;1023;709;;7948
13:43:40;709;1023;709;;7604
13:43:41;709;1023;709;;7540
13:43:41;709;1023;709;;7644
13:43:42;709;1023;709;;6752
13:43:42;709;1023;709;;6892
13:43:43;709;1023;709;;6724
13:43:43;709;1023;709;;7192
13:43:44;709;1023;709;;7564
13:43:44;709;1023;709;;6892
13:43:45;709;1023;709;;6724
13:43:45;709;1023;709;;7520
13:43:46;709;1023;709;;6316
13:43:46;709;1023;709;;6628
13:43:47;709;1023;709;;6844
13:43:47;709;1023;709;;6672
13:43:48;709;1023;709;;6796
13:43:48;709;1023;709;;6824
13:43:49;709;1023;709;;6112
13:43:49;709;1023;709;;7908
13:43:50;709;1023;709;;7888
13:43:50;709;1023;709;;6724
13:43:51;709;1023;709;;6916
13:43:51;709;1023;709;;6692
13:43:52;709;1023;709;;6696
13:43:52;709;1023;709;;6760
13:43:53;709;1023;709;;6228
13:43:53;709;1023;709;;6268
13:43:54;709;1023;708;;4444
13:43:54;709;1023;708;;6872
13:43:55;709;1023;708;;7388
13:43:55;709;1023;708;;6552
13:43:56;709;1023;709;;6960
13:43:56;709;1023;709;;6652
13:43:57;709;1023;708;;8772
13:43:57;709;1023;708;;8792
13:43:58;709;1023;708;;7616
13:43:58;709;1023;708;;7896
13:43:59;709;1023;709;;7148
13:43:59;709;1023;709;;7324
13:44:00;709;1023;708;;6668
13:44:00;709;1023;708;;7008
13:44:01;709;1023;708;;7268
13:44:01;709;1023;708;;4036
13:44:02;709;1023;708;;6996
13:44:02;709;1023;708;;8796
13:44:03;709;1023;708;;6916
13:44:03;709;1023;708;;8796
13:44:04;709;1023;708;;8744
13:44:04;709;1023;708;;6896
13:44:05;709;1023;708;;5484
13:44:05;709;1023;708;;8768
13:44:06;709;1023;708;;8920
13:44:06;709;1023;708;;8772
13:44:07;709;1023;708;;8820
13:44:07;709;1023;708;;8848
13:44:08;709;1023;708;;8744
13:44:08;709;1023;708;;8776
13:44:09;709;1023;708;;8744
13:44:09;709;1023;708;;8772
13:44:10;709;1023;708;;7444
13:44:10;709;1023;708;;8776
13:44:11;709;1023;708;;8748
13:44:11;709;1023;708;;8772
13:44:12;709;1023;708;;8700
13:44:12;709;1023;708;;8452
13:44:13;709;1023;708;;8744
13:44:13;709;1023;708;;7592
13:44:14;709;1023;708;;8724
13:44:14;709;1023;708;;8112
13:44:15;709;1023;708;;7552
13:44:15;709;1023;708;;8796
13:44:16;709;1023;708;;7416
13:44:16;709;1023;708;;6864
13:44:17;709;1023;708;;8744
13:44:17;709;1023;708;;8748
13:44:18;709;1023;708;;8776
13:44:19;709;1023;708;;8800
13:44:19;709;1023;708;;8748
13:44:20;709;1023;708;;8720
13:44:20;709;1023;708;;8772
13:44:21;709;1023;708;;8796
13:44:21;709;1023;708;;8748
13:44:22;709;1023;708;;6796
13:44:22;709;1023;708;;8752
13:44:23;709;1023;708;;8752
13:44:23;709;1023;708;;8800
13:44:24;709;1023;708;;8752
13:44:24;709;1023;708;;8808
13:44:25;709;1023;708;;8800
13:44:25;709;1023;708;;8752
13:44:26;709;1023;708;;8748
13:44:26;709;1023;708;;8780
13:44:27;709;1023;708;;8748
13:44:27;709;1023;708;;8772
13:44:28;709;1023;708;;8752
13:44:28;709;1023;708;;8772
13:44:29;709;1023;708;;8752
13:44:29;709;1023;708;;8876
13:44:30;709;1023;708;;6824
13:44:30;709;1023;708;;8808
13:44:31;709;1023;708;;8728
13:44:31;709;1023;708;;6892
13:44:32;709;1023;708;;8828
13:44:32;709;1023;708;;8924
13:44:33;709;1023;708;;6852
13:44:33;709;1023;708;;8900
13:44:34;709;1023;708;;6820
13:44:34;709;1023;708;;6920
13:44:35;709;1023;708;;8748
13:44:35;709;1023;708;;8828
13:44:36;709;1023;708;;8776
13:44:36;709;1023;708;;8828
13:44:37;709;1023;708;;6824
13:44:37;709;1023;708;;8776
13:44:38;709;1023;708;;6872
13:44:38;709;1023;708;;8752
13:44:39;708;1023;708;;8756
13:44:39;708;1023;708;;8828
13:44:40;708;1023;708;;8804
13:44:40;708;1023;708;;6800
13:44:41;708;1023;708;;8804
13:44:41;708;1023;708;;8732
13:44:42;708;1023;708;;8880
13:44:42;708;1023;708;;8732
13:44:43;709;1023;708;;8752
13:44:43;709;1023;708;;8756
13:44:44;708;1023;708;;8756
13:44:44;708;1023;708;;8756
13:44:45;708;1023;708;;6924
13:44:45;708;1023;708;;6880
13:44:46;708;1023;708;;8808
13:44:46;708;1023;708;;8816
13:44:47;708;1023;708;;8808
13:44:47;708;1023;708;;6824
13:44:48;708;1023;708;;8780
13:44:48;708;1023;708;;8756
13:44:49;708;1023;708;;8728
13:44:49;708;1023;708;;8752
13:44:50;708;1023;708;;8776
13:44:50;708;1023;708;;8884
13:44:51;708;1023;708;;6900
13:44:51;708;1023;708;;8732
13:44:52;708;1023;708;;8780
13:44:53;708;1023;708;;6800
13:44:53;708;1023;708;;8776
13:44:54;708;1023;708;;8756
13:44:54;708;1023;708;;8752
13:44:55;708;1023;708;;8780
13:44:55;708;1023;708;;8752
13:44:56;708;1023;708;;8780
13:44:56;708;1023;708;;8784
13:44:57;708;1023;708;;8780
13:44:57;708;1023;708;;8880
13:44:58;708;1023;708;;8728
13:44:58;708;1023;708;;6824
13:44:59;708;1023;708;;6900
13:44:59;708;1023;708;;6876
13:45:00;708;1023;708;;8776
13:45:00;708;1023;708;;6824
13:45:01;708;1023;708;;8748
13:45:01;708;1023;708;;8752
13:45:02;708;1023;708;;8748
13:45:02;708;1023;708;;8748
13:45:03;708;1023;708;;8768
13:45:03;708;1023;708;;8752
13:45:04;708;1023;708;;8820
13:45:04;708;1023;708;;8796
13:45:05;708;1023;708;;8768
13:45:05;708;1023;708;;6916
13:45:06;708;1023;708;;8744
13:45:06;708;1023;708;;8768
13:45:07;708;1023;708;;8724
13:45:07;708;1023;708;;8820
13:45:08;708;1023;708;;6872
13:45:08;708;1023;708;;8800
13:45:09;708;1023;708;;6944
13:45:09;708;1023;708;;6868
13:45:10;708;1023;708;;3748
13:45:10;708;1023;708;;8804
13:45:11;708;1023;708;;6824
13:45:11;708;1023;708;;6704
13:45:12;708;1023;708;;8800
13:45:12;708;1023;708;;8824
13:45:13;708;1023;708;;8772
13:45:13;708;1023;708;;8772
13:45:14;708;1023;708;;8880
13:45:14;708;1023;708;;8776
13:45:15;708;1023;708;;8804
13:45:15;708;1023;708;;6848
13:45:16;708;1023;708;;6896
13:45:16;708;1023;708;;8776
13:45:17;708;1023;708;;8780
13:45:17;708;1023;708;;6848
13:45:18;708;1023;708;;8828
13:45:18;708;1023;708;;8752
13:45:19;708;1023;708;;8800
13:45:19;708;1023;708;;6920
13:45:20;708;1023;708;;3588
13:45:20;708;1023;708;;8852
13:45:21;708;1023;708;;6800
13:45:21;708;1023;708;;8796
13:45:22;708;1023;708;;8752
13:45:22;708;1023;708;;8800
13:45:23;708;1023;708;;8748
13:45:23;708;1023;708;;8716
13:45:24;708;1023;708;;8820
13:45:24;708;1023;708;;8820
13:45:25;708;1023;708;;8792
13:45:25;708;1023;708;;8776
13:45:26;708;1023;708;;8868
13:45:26;708;1023;708;;7212
13:45:27;708;1023;708;;8848
13:45:27;708;1023;708;;8916
13:45:28;708;1023;708;;8720
13:45:29;708;1023;708;;8772
13:45:29;708;1023;708;;7460
13:45:30;708;1023;708;;6964
13:45:30;708;1023;708;;8980
13:45:31;708;1023;708;;13976
13:45:31;708;1023;708;;8892
13:45:32;708;1023;708;;7420
13:45:32;708;1023;708;;6896
13:45:33;708;1023;708;;8820
13:45:33;708;1023;708;;8772
13:45:34;708;1023;708;;6844
13:45:34;708;1023;708;;13952
13:45:35;708;1023;708;;6896
13:45:35;708;1023;708;;3400
13:45:36;708;1023;708;;7392
13:45:36;708;1023;708;;8960
13:45:37;708;1023;708;;6768
13:45:37;708;1023;708;;8744
13:45:38;708;1023;708;;8768
13:45:38;708;1023;708;;6844
13:45:39;708;1023;708;;8796
13:45:39;708;1023;708;;8744
13:45:40;708;1023;708;;6920
13:45:40;708;1023;708;;8768
13:45:41;708;1023;708;;6400
13:45:41;708;1023;708;;6776
13:45:42;708;1023;708;;6820
13:45:42;708;1023;708;;11964
13:45:43;708;1023;708;;6716
13:45:43;708;1023;708;;7116
13:45:44;708;1023;708;;8840
13:45:44;708;1023;708;;3444
13:45:45;708;1023;708;;6792
13:45:45;708;1023;708;;8744
13:45:46;708;1023;708;;8868
13:45:46;708;1023;708;;6792
13:45:47;708;1023;708;;6868
13:45:47;708;1023;708;;8792
13:45:48;708;1023;708;;8768
13:45:48;708;1023;708;;8720
13:45:49;708;1023;708;;8768
13:45:49;708;1023;708;;8768
13:45:50;708;1023;708;;8820
13:45:50;708;1023;708;;8720
13:45:51;708;1023;708;;8772
13:45:51;708;1023;708;;8772
13:45:52;708;1023;708;;8748
13:45:52;708;1023;708;;8852
13:45:53;708;1023;708;;6768
13:45:53;708;1023;708;;3408
13:45:54;708;1023;708;;6284
13:45:54;708;1023;708;;3660
13:45:55;708;1023;708;;8728
13:45:55;708;1023;708;;8868
13:45:56;708;1023;708;;6688
13:45:56;708;1023;708;;6804
13:45:57;708;1023;708;;6792
13:45:57;708;1023;708;;8744
13:45:58;708;1023;708;;6768
13:45:58;708;1023;708;;6752
13:45:59;708;1023;708;;6720
13:45:59;708;1023;708;;6724
13:46:00;708;1023;708;;6772
13:46:00;708;1023;708;;6800
13:46:01;708;1023;708;;6800
13:46:01;708;1023;708;;6952
13:46:02;708;1023;708;;8872
13:46:02;708;1023;708;;8740
13:46:03;708;1023;708;;6824
13:46:03;708;1023;708;;8768
13:46:04;708;1023;708;;6772
13:46:04;708;1023;708;;6776
13:46:05;708;1023;708;;6772
13:46:05;708;1023;708;;6876
13:46:06;708;1023;708;;6976
13:46:06;708;1023;708;;6760
13:46:07;708;1023;708;;6824
13:46:08;708;1023;708;;6724
13:46:08;708;1023;708;;6776
13:46:09;708;1023;708;;6780
13:46:09;708;1023;708;;6872
13:46:10;708;1023;708;;8728
13:46:10;708;1023;708;;6748
13:46:11;708;1023;708;;6724
13:46:11;708;1023;708;;6800
13:46:12;708;1023;708;;6924
13:46:12;708;1023;708;;6848
13:46:13;708;1023;708;;8772
13:46:13;708;1023;708;;6896
13:46:14;708;1023;708;;6800
13:46:14;708;1023;708;;6872
13:46:15;708;1023;708;;6944
13:46:15;708;1023;708;;6764
13:46:16;708;1023;708;;6800
13:46:16;708;1023;708;;6776
13:46:17;708;1023;708;;6876
13:46:17;708;1023;708;;6924
13:46:18;708;1023;708;;6876
13:46:18;708;1023;708;;6724
13:46:19;708;1023;708;;6848
13:46:19;708;1023;708;;6848
13:46:20;708;1023;708;;8744
13:46:20;708;1023;708;;6796
13:46:21;708;1023;708;;6948
13:46:21;708;1023;708;;6900
13:46:22;708;1023;708;;6844
13:46:22;708;1023;708;;6872
13:46:23;708;1023;708;;6824
13:46:23;708;1023;708;;8796
13:46:24;708;1023;708;;8796
13:46:24;708;1023;708;;8740
13:46:25;708;1023;708;;6768
13:46:25;708;1023;708;;8892
13:46:26;708;1023;708;;6748
13:46:26;708;1023;708;;6744
13:46:27;708;1023;708;;6772
13:46:27;708;1023;708;;4220
13:46:28;708;1023;708;;4220
13:46:28;708;1023;708;;4284
13:46:29;708;1023;708;;6752
13:46:29;708;1023;708;;6720
13:46:30;708;1023;708;;6720
13:46:30;708;1023;708;;7244
13:46:31;708;1023;708;;6824
13:46:31;708;1023;708;;7100
13:46:32;708;1023;708;;6824
13:46:32;708;1023;708;;7000
13:46:33;708;1023;708;;4084
13:46:33;708;1023;708;;6824
13:46:34;708;1023;708;;6820
13:46:34;708;1023;708;;8768
13:46:35;708;1023;708;;6868
13:46:35;708;1023;708;;4228
13:46:36;708;1023;708;;4172
13:46:36;708;1023;708;;6840
13:46:37;708;1023;708;;6748
13:46:37;708;1023;708;;6872
13:46:38;708;1023;708;;6868
13:46:38;708;1023;708;;6480
13:46:39;708;1023;708;;6720
13:46:39;708;1023;708;;6848
13:46:40;708;1023;708;;6920
13:46:40;708;1023;708;;6796
13:46:41;708;1023;708;;6896
13:46:41;708;1023;708;;6824
13:46:42;708;1023;708;;6764
13:46:42;708;1023;708;;6800
13:46:43;708;1023;708;;6872
13:46:43;708;1023;708;;6900
13:46:44;708;1023;708;;6852
13:46:44;708;1023;708;;8796
13:46:45;708;1023;708;;6728
13:46:45;708;1023;708;;6824
13:46:46;708;1023;708;;6760
13:46:46;708;1023;708;;6800
13:46:47;708;1023;708;;6944
13:46:47;708;1023;708;;6772
13:46:48;708;1023;708;;6808
13:46:48;708;1023;708;;6760
13:46:49;708;1023;708;;6876
13:46:49;708;1023;708;;8748
13:46:50;708;1023;708;;6756
13:46:51;708;1023;708;;8896
13:46:51;708;1023;708;;6900
13:46:52;708;1023;708;;6772
13:46:52;708;1023;708;;6920
13:46:53;708;1023;708;;6772
13:46:53;708;1023;708;;6896
13:46:54;708;1023;707;;8772
13:46:54;708;1023;707;;6920
13:46:55;708;1023;707;;6924
13:46:55;708;1023;707;;6776
13:46:56;708;1023;709;;8720
13:46:56;708;1023;709;;6772
13:46:57;710;1023;710;;6924
13:46:57;710;1023;710;;6924
13:46:58;710;1023;710;;8744
13:46:58;710;1023;710;;8764
13:46:59;710;1023;710;;6820
13:46:59;710;1023;710;;8768
13:47:00;710;1023;710;;8820
13:47:00;710;1023;710;;6752
13:47:01;710;1023;710;;6820
13:47:01;710;1023;710;;6772
13:47:02;710;1023;710;;6820
13:47:02;710;1023;710;;6748
13:47:03;710;1023;710;;4272
13:47:03;710;1023;710;;6920
13:47:04;710;1023;710;;6844
13:47:04;710;1023;710;;6420
13:47:05;710;1023;710;;6844
13:47:05;710;1023;710;;7020
13:47:06;710;1023;710;;6804
13:47:06;710;1023;710;;6704
13:47:07;710;1023;710;;6828
13:47:07;710;1023;710;;8748
13:47:08;710;1023;710;;8720
13:47:08;710;1023;710;;6852
13:47:09;710;1023;710;;6692
13:47:09;710;1023;710;;6700
13:47:10;710;1023;710;;8824
13:47:10;710;1023;710;;6672
13:47:11;710;1023;710;;6864
13:47:11;710;1023;710;;6768
13:47:12;710;1023;710;;6772
13:47:12;710;1023;710;;6868
13:47:13;710;1023;710;;8792
13:47:13;710;1023;710;;8768
13:47:14;710;1023;710;;8796
13:47:14;710;1023;710;;8792
13:47:15;710;1023;710;;6252
13:47:15;710;1023;710;;8748
13:47:16;710;1023;710;;6760
13:47:16;710;1023;710;;5532
13:47:17;710;1023;710;;6760
13:47:17;710;1023;710;;8752
13:47:18;710;1023;710;;6724
13:47:18;710;1023;710;;4332
13:47:19;710;1023;710;;6776
13:47:19;710;1023;710;;6776
13:47:20;710;1023;710;;6772
13:47:20;710;1023;710;;6700
13:47:21;710;1023;710;;6848
13:47:21;710;1023;710;;4056
13:47:22;710;1023;710;;4112
13:47:22;710;1023;710;;6652
13:47:23;710;1023;710;;6676
13:47:23;710;1023;710;;6768
13:47:24;710;1023;710;;8844
13:47:24;710;1023;710;;8728
13:47:25;710;1023;710;;7048
13:47:25;710;1023;710;;8932
13:47:26;710;1023;710;;7296
13:47:26;710;1023;710;;6808
13:47:27;710;1023;710;;6680
13:47:27;710;1023;710;;8872
13:47:28;710;1023;710;;5984
13:47:28;710;1023;710;;8840
13:47:29;710;1023;710;;8768
13:47:29;710;1023;710;;6704
13:47:30;710;1023;710;;6960
13:47:30;710;1023;710;;6768
13:47:31;710;1023;710;;6904
13:47:31;710;1023;710;;6764
13:47:32;710;1023;710;;6708
13:47:32;710;1023;710;;6760
13:47:33;710;1023;710;;6732
13:47:34;710;1023;710;;8752
13:47:34;710;1023;710;;6708
13:47:35;710;1023;710;;6668
13:47:35;710;1023;710;;6680
13:47:36;710;1023;710;;6984
13:47:36;710;1023;710;;6768
13:47:37;710;1023;710;;8776
13:47:37;710;1023;710;;6860
13:47:38;710;1023;710;;8752
13:47:38;710;1023;710;;6804
13:47:39;710;1023;710;;8752
13:47:39;710;1023;710;;6804
13:47:40;710;1023;710;;6756
13:47:40;710;1023;710;;6836
13:47:41;710;1023;710;;6784
13:47:41;710;1023;710;;6772
13:47:42;710;1023;710;;6768
13:47:42;710;1023;710;;6712
13:47:43;710;1023;710;;6684
13:47:43;710;1023;710;;6836
13:47:44;710;1023;710;;6860
13:47:44;710;1023;710;;6736
13:47:45;710;1023;710;;6712
13:47:45;710;1023;710;;6836
13:47:46;710;1023;710;;6840
13:47:46;710;1023;710;;6708
13:47:47;710;1023;710;;6712
13:47:47;710;1023;710;;6712
13:47:48;710;1023;710;;6912
13:47:48;710;1023;710;;6752
13:47:49;710;1023;710;;6688
13:47:49;710;1023;710;;7008
13:47:50;710;1023;710;;6892
13:47:50;710;1023;710;;6752
13:47:51;710;1023;710;;6764
13:47:51;710;1023;710;;6788
13:47:52;710;1023;710;;6712
13:47:52;710;1023;710;;6716
13:47:53;710;1023;710;;6768
13:47:53;710;1023;710;;6940
13:47:54;710;1023;710;;6664
13:47:54;710;1023;710;;6812
13:47:55;710;1023;710;;6664
13:47:55;710;1023;710;;6660
13:47:56;710;1023;710;;6812
13:47:56;710;1023;710;;6712
13:47:57;710;1023;710;;6688
13:47:57;710;1023;710;;6660
13:47:58;710;1023;710;;6712
13:47:58;710;1023;710;;6836
13:47:59;710;1023;710;;6812
13:47:59;710;1023;710;;6916
13:48:00;710;1023;710;;6740
13:48:00;710;1023;710;;6816
13:48:01;710;1023;710;;8756
13:48:01;710;1023;710;;6840
13:48:02;710;1023;710;;6712
13:48:02;710;1023;710;;6692
13:48:03;710;1023;710;;6688
13:48:03;710;1023;710;;6840
13:48:04;710;1023;710;;6740
13:48:04;710;1023;710;;6912
13:48:05;710;1023;710;;6712
13:48:05;710;1023;710;;6736
13:48:06;710;1023;710;;6772
13:48:06;710;1023;710;;6840
13:48:07;710;1023;710;;6712
13:48:07;710;1023;710;;6740
13:48:08;710;1023;710;;6752
13:48:08;710;1023;710;;6720
13:48:09;710;1023;710;;6688
13:48:09;710;1023;710;;6684
13:48:10;710;1023;710;;6740
13:48:10;710;1023;710;;6788
13:48:11;710;1023;710;;6836
13:48:11;710;1023;710;;6660
13:48:12;710;1023;710;;6820
13:48:12;710;1023;710;;6712
13:48:13;710;1023;710;;6712
13:48:13;710;1023;710;;6736
13:48:14;710;1023;710;;6788
13:48:14;710;1023;710;;6768
13:48:15;710;1023;710;;6964
13:48:15;710;1023;710;;6844
13:48:16;710;1023;710;;6740
13:48:16;710;1023;710;;6760
13:48:17;710;1023;710;;6788
13:48:17;710;1023;710;;8780
13:48:18;710;1023;710;;6740
13:48:19;710;1023;710;;6712
13:48:19;710;1023;710;;6864
13:48:20;710;1023;710;;6716
13:48:20;710;1023;710;;6840
13:48:21;710;1023;710;;6792
13:48:21;710;1023;710;;6740
13:48:22;710;1023;710;;6752
13:48:22;710;1023;710;;6916
13:48:23;710;1023;710;;6940
13:48:23;710;1023;710;;6740
13:48:24;710;1023;710;;6912
13:48:24;710;1023;710;;6788
13:48:25;710;1023;710;;6840
13:48:25;710;1023;710;;6760
13:48:26;710;1023;710;;6788
13:48:26;710;1023;710;;6740
13:48:27;710;1023;710;;6740
13:48:27;710;1023;710;;6708
13:48:28;710;1023;710;;6660
13:48:28;710;1023;710;;6788
13:48:29;710;1023;710;;6764
13:48:29;710;1023;710;;6712
13:48:30;710;1023;710;;6692
13:48:30;710;1023;710;;6812
13:48:31;710;1023;710;;6684
13:48:31;710;1023;710;;6788
13:48:32;710;1023;710;;6712
13:48:32;710;1023;710;;6736
13:48:33;710;1023;710;;6688
13:48:33;710;1023;710;;6940
13:48:34;710;1023;710;;6688
13:48:34;710;1023;710;;6736
13:48:35;710;1023;710;;6688
13:48:35;710;1023;710;;6660
13:48:36;710;1023;710;;6884
13:48:36;710;1023;710;;6708
13:48:37;710;1023;710;;6812
13:48:37;710;1023;710;;7032
13:48:38;710;1023;710;;6712
13:48:38;710;1023;710;;6712
13:48:39;710;1023;710;;6772
13:48:39;710;1023;710;;6660
13:48:40;710;1023;710;;6660
13:48:40;710;1023;710;;6780
13:48:41;710;1023;710;;6712
13:48:41;710;1023;710;;6768
13:48:42;710;1023;710;;6684
13:48:42;710;1023;710;;6912
13:48:43;710;1023;710;;6712
13:48:43;710;1023;710;;6684
13:48:44;710;1023;710;;6888
13:48:44;710;1023;710;;6712
13:48:45;710;1023;710;;6764
13:48:45;710;1023;710;;6760
13:48:46;710;1023;710;;6792
13:48:46;710;1023;710;;6864
13:48:47;710;1023;710;;6888
13:48:47;710;1023;710;;6664
13:48:48;710;1023;710;;6716
13:48:48;710;1023;710;;6740
13:48:49;710;1023;710;;6768
13:48:49;710;1023;710;;6712
13:48:50;710;1023;710;;6764
13:48:50;710;1023;710;;6712
13:48:51;710;1023;710;;6712
13:48:51;710;1023;710;;6768
13:48:52;710;1023;710;;6792
13:48:52;710;1023;710;;6692
13:48:53;710;1023;710;;6764
13:48:53;710;1023;710;;6752
13:48:54;710;1023;710;;8752
13:48:54;710;1023;710;;6712
13:48:55;710;1023;710;;6740
13:48:55;710;1023;710;;6712
13:48:56;710;1023;710;;6712
13:48:56;710;1023;710;;6664
13:48:57;710;1023;710;;6864
13:48:57;710;1023;710;;6740
13:48:58;710;1023;710;;6740
13:48:58;710;1023;710;;6764
13:48:59;710;1023;710;;6712
13:48:59;710;1023;710;;6688
13:49:00;710;1023;710;;6680
13:49:00;710;1023;710;;6864
13:49:01;710;1023;710;;6760
13:49:01;710;1023;710;;6712
13:49:02;710;1023;710;;6712
13:49:02;710;1023;710;;6784
13:49:03;710;1023;710;;6884
13:49:03;710;1023;710;;6908
13:49:04;710;1023;710;;6740
13:49:04;710;1023;710;;6792
13:49:05;710;1023;710;;6988
13:49:05;710;1023;710;;6740
13:49:06;710;1023;710;;6816
13:49:07;710;1023;710;;6740
13:49:07;710;1023;710;;6768
13:49:08;710;1023;710;;6664
13:49:08;710;1023;710;;6788
13:49:09;710;1023;710;;6708
13:49:09;710;1023;710;;6840
13:49:10;710;1023;710;;6988
13:49:10;710;1023;710;;6840
13:49:11;710;1023;710;;6688
13:49:11;710;1023;710;;6688
13:49:12;710;1023;710;;6712
13:49:12;710;1023;710;;6688
13:49:13;710;1023;710;;6840
13:49:13;710;1023;710;;6964
13:49:14;710;1023;710;;6860
13:49:14;710;1023;710;;6716
13:49:15;710;1023;710;;6960
13:49:15;710;1023;710;;6840
13:49:16;710;1023;710;;6688
13:49:16;710;1023;710;;6868
13:49:17;710;1023;710;;6816
13:49:17;710;1023;710;;6772
13:49:18;710;1023;710;;6736
13:49:18;710;1023;710;;6712
13:49:19;710;1023;710;;6840
13:49:19;710;1023;710;;6712
13:49:20;710;1023;710;;6840
13:49:20;710;1023;710;;6716
13:49:21;710;1023;710;;6748
13:49:21;710;1023;710;;6692
13:49:22;710;1023;710;;6756
13:49:22;710;1023;710;;6716
13:49:23;710;1023;710;;6768
13:49:23;710;1023;710;;6688
13:49:24;710;1023;710;;6916
13:49:24;710;1023;710;;6744
13:49:25;710;1023;710;;6740
13:49:25;710;1023;710;;6716
13:49:26;710;1023;710;;6768
13:49:26;710;1023;710;;6740
13:49:27;710;1023;710;;6716
13:49:27;710;1023;710;;6868
13:49:28;710;1023;710;;6868
13:49:28;710;1023;710;;6760
13:49:29;710;1023;710;;6716
13:49:29;710;1023;710;;6744
13:49:30;710;1023;710;;6792
13:49:30;710;1023;710;;6716
13:49:31;710;1023;710;;6716
13:49:31;710;1023;710;;6772
13:49:32;710;1023;710;;6716
13:49:32;710;1023;710;;6840
13:49:33;710;1023;710;;6768
13:49:33;710;1023;710;;6768
13:49:34;710;1023;710;;6892
13:49:34;710;1023;710;;6840
13:49:35;710;1023;710;;6692
13:49:35;710;1023;710;;6892
13:49:36;710;1023;710;;8732
13:49:36;710;1023;710;;6740
13:49:37;710;1023;710;;6720
13:49:37;710;1023;710;;6752
13:49:38;710;1023;710;;6716
13:49:38;710;1023;710;;6748
13:49:39;710;1023;710;;6692
13:49:39;710;1023;710;;6688
13:49:40;710;1023;710;;6716
13:49:40;710;1023;710;;6688
13:49:41;710;1023;710;;6816
13:49:41;710;1023;710;;6668
13:49:42;710;1023;710;;6716
13:49:42;710;1023;710;;6712
13:49:43;710;1023;710;;6688
13:49:43;710;1023;710;;6688
13:49:44;710;1023;710;;8784
13:49:44;710;1023;710;;6716
13:49:45;710;1023;710;;6840
13:49:45;710;1023;710;;6716
13:49:46;710;1023;710;;6744
13:49:46;710;1023;710;;6892
13:49:47;710;1023;710;;6792
13:49:47;710;1023;710;;6796
13:49:48;710;1023;710;;6792
13:49:48;710;1023;710;;6796
13:49:49;710;1023;710;;6716
13:49:49;710;1023;710;;6844
13:49:50;710;1023;710;;6716
13:49:50;710;1023;710;;6772
13:49:51;710;1023;710;;6716
13:49:51;710;1023;710;;6896
13:49:52;710;1023;710;;6940
13:49:53;710;1023;710;;6712
13:49:53;710;1023;710;;7040
13:49:54;710;1023;710;;6692
13:49:54;710;1023;710;;6692
13:49:55;710;1023;710;;6868
13:49:55;710;1023;710;;6716
13:49:56;710;1023;710;;6764
13:49:56;710;1023;710;;6812
13:49:57;710;1023;710;;6768
13:49:57;710;1023;710;;6764
13:49:58;710;1023;710;;6688
13:49:58;710;1023;710;;6788
13:49:59;710;1023;710;;6740
13:49:59;710;1023;710;;6752
13:50:00;710;1023;710;;6840
13:50:00;710;1023;710;;6768
13:50:01;710;1023;710;;6744
13:50:01;710;1023;710;;6796
13:50:02;710;1023;710;;6776
13:50:02;710;1023;710;;6712
13:50:03;710;1023;710;;8880
13:50:03;710;1023;710;;6712
13:50:04;710;1023;710;;6784
13:50:04;710;1023;710;;6660
13:50:05;710;1023;710;;6740
13:50:05;710;1023;710;;6736
13:50:06;710;1023;710;;6664
13:50:06;710;1023;710;;6740
13:50:07;710;1023;710;;6684
13:50:07;710;1023;710;;6788
13:50:08;710;1023;710;;6688
13:50:08;710;1023;710;;6860
13:50:09;710;1023;710;;6708
13:50:09;710;1023;710;;6840
13:50:10;710;1023;710;;6684
13:50:10;710;1023;710;;6688
13:50:11;710;1023;710;;6792
13:50:11;710;1023;710;;6736
13:50:12;710;1023;710;;6836
13:50:12;710;1023;710;;6712
13:50:13;710;1023;710;;6684
13:50:13;710;1023;710;;6960
13:50:14;710;1023;710;;6712
13:50:14;710;1023;710;;6712
13:50:15;710;1023;710;;6740
13:50:15;710;1023;710;;6660
13:50:16;710;1023;710;;6688
13:50:16;710;1023;710;;6792
13:50:17;710;1023;710;;6688
13:50:17;710;1023;710;;6836
13:50:18;710;1023;710;;6816
13:50:18;710;1023;710;;6736
13:50:19;710;1023;710;;6788
13:50:19;710;1023;710;;6688
13:50:20;710;1023;710;;6688
13:50:20;710;1023;710;;6768
13:50:21;710;1023;710;;6888
13:50:21;710;1023;710;;6740
13:50:22;710;1023;710;;6812
13:50:22;710;1023;710;;6784
13:50:23;710;1023;710;;6788
13:50:23;710;1023;710;;6836
13:50:24;710;1023;710;;6708
13:50:24;710;1023;710;;8780
13:50:25;710;1023;710;;6660
13:50:25;710;1023;710;;6788
13:50:26;710;1023;710;;6912
13:50:26;710;1023;710;;6736
13:50:27;710;1023;710;;6712
13:50:27;710;1023;710;;6840
13:50:28;710;1023;710;;6684
13:50:28;710;1023;710;;6712
13:50:29;710;1023;710;;6764
13:50:29;710;1023;710;;6792
13:50:30;710;1023;710;;6752
13:50:30;710;1023;710;;6764
13:50:31;710;1023;710;;6740
13:50:31;710;1023;710;;6712
13:50:32;710;1023;710;;6740
13:50:32;710;1023;710;;6748
13:50:33;710;1023;710;;6740
13:50:33;710;1023;710;;6812
13:50:34;710;1023;710;;6792
13:50:34;710;1023;710;;6964
13:50:35;710;1023;710;;6840
13:50:35;710;1023;710;;6840
13:50:36;710;1023;710;;6712
13:50:36;710;1023;710;;6740
13:50:37;710;1023;710;;8728
13:50:37;710;1023;710;;6740
13:50:38;710;1023;710;;6788
13:50:38;710;1023;710;;6788
13:50:39;710;1023;710;;6712
13:50:40;710;1023;710;;6940
13:50:40;710;1023;710;;6712
13:50:41;710;1023;710;;6764
13:50:41;710;1023;710;;6716
13:50:42;710;1023;710;;6716
13:50:42;710;1023;710;;6868
13:50:43;710;1023;710;;8776
13:50:43;710;1023;710;;6712
13:50:44;710;1023;710;;6736
13:50:44;710;1023;710;;6908
13:50:45;710;1023;710;;8752
13:50:45;710;1023;710;;6720
13:50:46;710;1023;710;;6816
13:50:46;710;1023;710;;6784
13:50:47;710;1023;710;;6788
13:50:47;710;1023;710;;6716
13:50:48;710;1023;710;;6916
13:50:48;710;1023;710;;6660
13:50:49;710;1023;710;;6688
13:50:49;710;1023;710;;6764
13:50:50;710;1023;710;;6884
13:50:50;710;1023;710;;6660
13:50:51;710;1023;710;;6712
13:50:51;710;1023;710;;6960
13:50:52;710;1023;710;;6684
13:50:52;710;1023;710;;6772
13:50:53;710;1023;710;;6768
13:50:53;710;1023;710;;6744
13:50:54;710;1023;710;;6692
13:50:54;710;1023;710;;6708
13:50:55;710;1023;710;;6740
13:50:55;710;1023;710;;6752
13:50:56;710;1023;710;;6768
13:50:56;710;1023;710;;6688
13:50:57;710;1023;710;;6712
13:50:57;710;1023;710;;8804
13:50:58;710;1023;710;;6768
13:50:58;710;1023;710;;6888
13:50:59;710;1023;710;;6808
13:50:59;710;1023;710;;6712
13:51:00;710;1023;710;;6708
13:51:00;710;1023;710;;6784
13:51:01;710;1023;710;;6688
13:51:01;710;1023;710;;6688
13:51:02;710;1023;710;;6736
13:51:02;710;1023;710;;6684
13:51:03;710;1023;710;;6776
13:51:03;710;1023;710;;6664
13:51:04;710;1023;710;;6688
13:51:04;710;1023;710;;6888
13:51:05;710;1023;710;;6660
13:51:05;710;1023;710;;6708
13:51:06;710;1023;710;;6712
13:51:06;710;1023;710;;8748
13:51:07;710;1023;710;;6712
13:51:07;710;1023;710;;6684
13:51:08;710;1023;710;;6736
13:51:08;710;1023;710;;8776
13:51:09;710;1023;710;;6660
13:51:09;710;1023;710;;6748
13:51:10;710;1023;710;;6744
13:51:10;710;1023;710;;6756
13:51:11;710;1023;710;;6712
13:51:11;710;1023;710;;6736
13:51:12;710;1023;710;;6732
13:51:12;710;1023;710;;6708
13:51:13;710;1023;710;;6884
13:51:13;710;1023;710;;6808
13:51:14;710;1023;710;;6684
13:51:14;710;1023;710;;6748
13:51:15;710;1023;710;;6856
13:51:15;710;1023;710;;6688
13:51:16;710;1023;710;;6860
13:51:16;710;1023;710;;6708
13:51:17;710;1023;710;;6856
13:51:17;710;1023;710;;6660
13:51:18;710;1023;710;;6732
13:51:18;710;1023;710;;6760
13:51:19;710;1023;710;;6732
13:51:19;710;1023;710;;6684
13:51:20;710;1023;710;;6712
13:51:20;710;1023;710;;6912
13:51:21;710;1023;710;;7180
13:51:21;710;1023;710;;6708
13:51:22;710;1023;710;;6836
13:51:22;710;1023;710;;8796
13:51:23;710;1023;710;;6760
13:51:23;710;1023;710;;6784
13:51:24;710;1023;710;;7008
13:51:24;710;1023;710;;6760
13:51:25;710;1023;710;;6708
13:51:26;710;1023;710;;6652
13:51:26;710;1023;710;;6708
13:51:27;710;1023;710;;6884
13:51:27;710;1023;710;;6708
13:51:28;710;1023;710;;6680
13:51:28;710;1023;710;;6748
13:51:29;710;1023;710;;6684
13:51:29;710;1023;710;;6656
13:51:30;710;1023;710;;6736
13:51:30;710;1023;710;;6732
13:51:31;710;1023;710;;6736
13:51:31;710;1023;710;;6736
13:51:32;710;1023;710;;6680
13:51:32;710;1023;710;;6788
13:51:33;710;1023;710;;6708
13:51:33;710;1023;710;;6732
13:51:34;710;1023;710;;6708
13:51:34;710;1023;710;;6736
13:51:35;710;1023;710;;6708
13:51:35;710;1023;710;;6860
13:51:36;710;1023;710;;6684
13:51:36;710;1023;710;;6732
13:51:37;710;1023;710;;6684
13:51:37;710;1023;710;;6704
13:51:38;710;1023;710;;6736
13:51:38;710;1023;710;;6684
13:51:39;710;1023;710;;6688
13:51:39;710;1023;710;;6836
13:51:40;710;1023;710;;6736
13:51:40;710;1023;710;;6788
13:51:41;710;1023;710;;6980
13:51:41;710;1023;710;;6660
13:51:42;710;1023;710;;6836
13:51:42;710;1023;710;;6732
13:51:43;710;1023;710;;8776
13:51:43;710;1023;710;;6684
13:51:44;710;1023;710;;6680
13:51:44;710;1023;710;;6728
13:51:45;710;1023;710;;6728
13:51:45;710;1023;710;;6860
13:51:46;710;1023;710;;6680
13:51:46;710;1023;710;;6688
13:51:47;710;1023;710;;6736
13:51:47;710;1023;710;;6712
13:51:48;710;1023;710;;6732
13:51:48;710;1023;710;;6764
13:51:49;710;1023;710;;6760
13:51:49;710;1023;710;;6632
13:51:50;710;1023;710;;6756
13:51:50;710;1023;710;;6784
13:51:51;710;1023;710;;6656
13:51:51;710;1023;710;;6708
13:51:52;710;1023;710;;6832
13:51:52;710;1023;710;;6732
13:51:53;710;1023;710;;6708
13:51:53;710;1023;710;;6780
13:51:54;710;1023;710;;6756
13:51:54;710;1023;710;;6704
13:51:55;710;1023;710;;6780
13:51:55;710;1023;710;;6708
13:51:56;710;1023;710;;6704
13:51:56;710;1023;710;;6732
13:51:57;710;1023;710;;6832
13:51:57;710;1023;710;;6732
13:51:58;710;1023;710;;6732
13:51:58;710;1023;710;;6708
13:51:59;710;1023;710;;6780
13:51:59;710;1023;710;;6680
13:52:00;710;1023;710;;6764
13:52:00;710;1023;710;;6764
13:52:01;710;1023;710;;6888
13:52:01;710;1023;710;;6712
13:52:02;710;1023;710;;6760
13:52:02;710;1023;710;;6780
13:52:03;710;1023;710;;6708
13:52:03;710;1023;710;;6732
13:52:04;710;1023;710;;6784
13:52:04;710;1023;710;;6884
13:52:05;710;1023;710;;6680
13:52:05;710;1023;710;;6684
13:52:06;710;1023;710;;6708
13:52:06;710;1023;710;;6860
13:52:07;710;1023;710;;6680
13:52:07;710;1023;710;;6680
13:52:08;710;1023;710;;6768
13:52:08;710;1023;710;;7028
13:52:09;710;1023;710;;6908
13:52:09;710;1023;710;;6712
13:52:10;710;1023;710;;6768
13:52:10;710;1023;710;;6680
13:52:11;710;1023;710;;6760
13:52:11;710;1023;710;;6812
13:52:12;710;1023;710;;7032
13:52:12;710;1023;710;;6760
13:52:13;710;1023;710;;6760
13:52:14;710;1023;710;;6680
13:52:14;710;1023;710;;6832
13:52:15;710;1023;710;;6732
13:52:15;710;1023;710;;6832
13:52:16;710;1023;710;;6856
13:52:16;710;1023;710;;6860
13:52:17;710;1023;710;;6736
13:52:17;710;1023;710;;6680
13:52:18;710;1023;710;;6760
13:52:18;710;1023;710;;6784
13:52:19;710;1023;710;;6728
13:52:19;710;1023;710;;6764
13:52:20;710;1023;710;;6708
13:52:20;710;1023;710;;6712
13:52:21;710;1023;710;;6756
13:52:21;710;1023;710;;6712
13:52:22;710;1023;710;;6760
13:52:22;710;1023;710;;6712
13:52:23;710;1023;710;;6808
13:52:23;710;1023;710;;8768
13:52:24;710;1023;710;;6748
13:52:24;710;1023;710;;6764
13:52:25;710;1023;710;;6708
13:52:25;710;1023;710;;6736
13:52:26;710;1023;710;;6708
13:52:26;710;1023;710;;6712
13:52:27;710;1023;710;;6684
13:52:27;710;1023;710;;6712
13:52:28;710;1023;710;;6880
13:52:28;710;1023;710;;6684
13:52:29;710;1023;710;;6860
13:52:29;710;1023;710;;6764
13:52:30;710;1023;710;;6708
13:52:30;710;1023;710;;6812
13:52:31;710;1023;710;;8744
13:52:31;710;1023;710;;6732
13:52:32;710;1023;710;;6880
13:52:32;710;1023;710;;6832
13:52:33;710;1023;710;;6904
13:52:33;710;1023;710;;6656
13:52:34;710;1023;710;;6684
13:52:34;710;1023;710;;6788
13:52:35;710;1023;710;;6684
13:52:35;710;1023;710;;6708
13:52:36;710;1023;710;;6788
13:52:36;710;1023;710;;7008
13:52:37;710;1023;710;;6684
13:52:37;710;1023;710;;6684
13:52:38;710;1023;710;;6836
13:52:38;710;1023;710;;6656
13:52:39;710;1023;710;;6684
13:52:39;710;1023;710;;6684
13:52:40;710;1023;710;;6808
13:52:40;710;1023;710;;6732
13:52:41;710;1023;710;;6732
13:52:41;710;1023;710;;6708
13:52:42;710;1023;710;;6784
13:52:42;710;1023;710;;6732
13:52:43;710;1023;710;;6728
13:52:43;710;1023;710;;6768
13:52:44;710;1023;710;;6832
13:52:44;710;1023;710;;6704
13:52:45;710;1023;710;;6784
13:52:45;710;1023;710;;6832
13:52:46;710;1023;710;;6756
13:52:46;710;1023;710;;6736
13:52:47;710;1023;710;;6784
13:52:47;710;1023;710;;6684
13:52:48;710;1023;710;;8724
13:52:48;710;1023;710;;8752
13:52:49;710;1023;710;;6680
13:52:49;710;1023;710;;6680
13:52:50;710;1023;710;;6856
13:52:50;710;1023;710;;6804
13:52:51;710;1023;710;;6704
13:52:51;710;1023;710;;6680
13:52:52;710;1023;710;;6832
13:52:52;710;1023;710;;6784
13:52:53;710;1023;710;;6680
13:52:53;710;1023;710;;6808
13:52:54;710;1023;710;;6784
13:52:54;710;1023;710;;6660
13:52:55;710;1023;710;;6912
13:52:55;710;1023;710;;6708
13:52:56;710;1023;710;;6736
13:52:56;710;1023;710;;6732
13:52:57;710;1023;710;;7008
13:52:57;710;1023;710;;6736
13:52:58;710;1023;710;;6756
13:52:58;710;1023;710;;6684
13:52:59;710;1023;710;;6784
13:52:59;710;1023;710;;6684
13:53:00;710;1023;710;;6684
13:53:01;710;1023;710;;6708
13:53:01;710;1023;710;;6736
13:53:02;710;1023;710;;6736
13:53:02;710;1023;710;;6716
13:53:03;710;1023;710;;6776
13:53:03;710;1023;710;;6688
13:53:04;710;1023;710;;6680
13:53:04;710;1023;710;;6764
13:53:05;710;1023;710;;6712
13:53:05;710;1023;710;;6812
13:53:06;710;1023;710;;6712
13:53:06;710;1023;710;;6884
13:53:07;710;1023;710;;6756
13:53:07;710;1023;710;;6764
13:53:08;710;1023;710;;6732
13:53:08;710;1023;710;;6764
13:53:09;710;1023;710;;6680
13:53:09;710;1023;710;;6660
13:53:10;710;1023;710;;6788
13:53:10;710;1023;710;;6764
13:53:11;710;1023;710;;6836
13:53:11;710;1023;710;;6764
13:53:12;710;1023;710;;6680
13:53:12;710;1023;710;;6928
13:53:13;710;1023;710;;6760
13:53:13;710;1023;710;;6780
13:53:14;710;1023;710;;6760
13:53:14;710;1023;710;;6828
13:53:15;710;1023;710;;6748
13:53:15;710;1023;710;;6804
13:53:16;710;1023;710;;6904
13:53:16;710;1023;710;;6780
13:53:17;710;1023;710;;6768
13:53:17;710;1023;710;;6728
13:53:18;710;1023;710;;6808
13:53:18;710;1023;710;;6684
13:53:19;710;1023;710;;6676
13:53:19;710;1023;710;;6684
13:53:20;710;1023;710;;6860
13:53:20;710;1023;710;;6708
13:53:21;710;1023;710;;6704
13:53:21;710;1023;710;;6708
13:53:22;710;1023;710;;6680
13:53:22;710;1023;710;;6708
13:53:23;710;1023;710;;6660
13:53:23;710;1023;710;;6736
13:53:24;710;1023;710;;6808
13:53:24;710;1023;710;;6688
13:53:25;710;1023;710;;6780
13:53:25;710;1023;710;;6764
13:53:26;710;1023;710;;6736
13:53:26;710;1023;710;;6704
13:53:27;710;1023;710;;6728
13:53:27;710;1023;710;;6704
13:53:28;710;1023;710;;6732
13:53:28;710;1023;710;;6912
13:53:29;710;1023;710;;6808
13:53:29;710;1023;710;;6708
13:53:30;710;1023;710;;6656
13:53:30;710;1023;710;;6680
13:53:31;710;1023;710;;6688
13:53:31;710;1023;710;;6836
13:53:32;710;1023;710;;6840
13:53:32;710;1023;710;;6884
13:53:33;710;1023;710;;6712
13:53:33;710;1023;710;;6760
13:53:34;710;1023;710;;6812
13:53:34;710;1023;710;;6712
13:53:35;710;1023;710;;6684
13:53:35;710;1023;710;;6788
13:53:36;710;1023;710;;6708
13:53:36;710;1023;710;;6808
13:53:37;710;1023;710;;6736
13:53:37;710;1023;710;;6772
13:53:38;710;1023;710;;6836
13:53:38;710;1023;710;;6764
13:53:39;710;1023;710;;6656
13:53:39;710;1023;710;;6936
13:53:40;710;1023;710;;6772
13:53:40;710;1023;710;;6736
13:53:41;710;1023;710;;6708
13:53:41;710;1023;710;;6808
13:53:42;710;1023;710;;6736
13:53:42;710;1023;710;;6680
13:53:43;710;1023;710;;6760
13:53:43;710;1023;710;;8816
13:53:44;710;1023;710;;6908
13:53:44;710;1023;710;;6732
13:53:45;710;1023;710;;6784
13:53:45;710;1023;710;;6684
13:53:46;710;1023;710;;6680
13:53:46;710;1023;710;;6656
13:53:47;710;1023;710;;6780
13:53:47;710;1023;710;;6736
13:53:48;710;1023;710;;6748
13:53:49;710;1023;710;;6680
13:53:49;710;1023;710;;6856
13:53:50;710;1023;710;;6760
13:53:50;710;1023;710;;6808
13:53:51;710;1023;710;;6784
13:53:51;710;1023;710;;6680
13:53:52;710;1023;710;;6764
13:53:52;710;1023;710;;6760
13:53:53;710;1023;710;;6772
13:53:53;710;1023;710;;6760
13:53:54;710;1023;710;;6736
13:53:54;710;1023;710;;6684
13:53:55;710;1023;710;;6760
13:53:55;710;1023;710;;6660
13:53:56;710;1023;710;;6760
13:53:56;710;1023;710;;6656
13:53:57;710;1023;710;;6712
13:53:57;710;1023;710;;8728
13:53:58;710;1023;710;;6712
13:53:58;710;1023;710;;6740
13:53:59;710;1023;710;;6712
13:53:59;710;1023;710;;6716
13:54:00;710;1023;710;;6936
13:54:00;710;1023;710;;6736
13:54:01;710;1023;710;;6812
13:54:01;710;1023;710;;8756
13:54:02;710;1023;710;;6740
13:54:02;710;1023;710;;6716
13:54:03;710;1023;710;;6684
13:54:03;710;1023;710;;6764
13:54:04;710;1023;710;;6888
13:54:04;710;1023;710;;6812
13:54:05;710;1023;710;;6840
13:54:05;710;1023;710;;6788
13:54:06;710;1023;710;;8784
13:54:06;710;1023;710;;6816
13:54:07;710;1023;710;;6688
13:54:07;710;1023;710;;6864
13:54:08;710;1023;710;;6716
13:54:08;710;1023;710;;8756
13:54:09;710;1023;710;;6716
13:54:09;710;1023;710;;6840
13:54:10;710;1023;710;;6736
13:54:10;710;1023;710;;6764
13:54:11;710;1023;710;;6708
13:54:11;710;1023;710;;6736
13:54:12;710;1023;710;;6740
13:54:12;710;1023;710;;8804
13:54:13;710;1023;710;;6712
13:54:13;710;1023;710;;6684
13:54:14;710;1023;710;;8752
13:54:14;710;1023;710;;6708
13:54:15;710;1023;710;;6708
13:54:15;710;1023;710;;6736
13:54:16;710;1023;710;;6908
13:54:16;710;1023;710;;6812
13:54:17;710;1023;710;;6680
13:54:17;710;1023;710;;6704
13:54:18;710;1023;710;;6708
13:54:18;710;1023;710;;6708
13:54:19;710;1023;710;;6732
13:54:19;710;1023;710;;6880
13:54:20;710;1023;710;;6880
13:54:20;710;1023;710;;6760
13:54:21;710;1023;710;;6736
13:54:21;710;1023;710;;6676
13:54:22;710;1023;710;;6780
13:54:22;710;1023;710;;6812
13:54:23;710;1023;710;;6660
13:54:23;710;1023;710;;6712
13:54:24;710;1023;710;;6768
13:54:24;710;1023;710;;6812
13:54:25;710;1023;710;;6736
13:54:25;710;1023;710;;6684
13:54:26;710;1023;710;;6736
13:54:26;710;1023;710;;6736
13:54:27;710;1023;710;;6656
13:54:27;710;1023;710;;6684
13:54:28;710;1023;710;;6684
13:54:28;710;1023;710;;6732
13:54:29;710;1023;710;;6656
13:54:29;710;1023;710;;6656
13:54:30;710;1023;710;;6732
13:54:30;710;1023;710;;6732
13:54:31;710;1023;710;;6856
13:54:31;710;1023;710;;6784
13:54:32;710;1023;710;;6680
13:54:32;710;1023;710;;6784
13:54:33;710;1023;710;;6684
13:54:33;710;1023;710;;6756
13:54:34;710;1023;710;;6704
13:54:35;710;1023;710;;6732
13:54:35;710;1023;710;;6760
13:54:36;710;1023;710;;6664
13:54:36;710;1023;710;;6708
13:54:37;710;1023;710;;6836
13:54:37;710;1023;710;;6688
13:54:38;710;1023;710;;6808
13:54:38;710;1023;710;;6764
13:54:39;710;1023;710;;6768
13:54:39;710;1023;710;;6836
13:54:40;710;1023;710;;6660
13:54:40;710;1023;710;;6684
13:54:41;710;1023;710;;7032
13:54:41;710;1023;710;;6812
13:54:42;710;1023;710;;6656
13:54:42;710;1023;710;;6808
13:54:43;710;1023;710;;6836
13:54:43;710;1023;710;;6688
13:54:44;710;1023;710;;6832
13:54:44;710;1023;710;;6812
13:54:45;710;1023;710;;6708
13:54:45;710;1023;710;;6760
13:54:46;710;1023;710;;6732
13:54:46;710;1023;710;;6708
13:54:47;710;1023;710;;6736
13:54:47;710;1023;710;;6812
13:54:48;710;1023;710;;6748
13:54:48;710;1023;710;;6708
13:54:49;710;1023;710;;6712
13:54:49;710;1023;710;;6708
13:54:50;710;1023;710;;6904
13:54:50;710;1023;710;;6708
13:54:51;710;1023;710;;6676
13:54:51;710;1023;710;;6832
13:54:52;710;1023;710;;6684
13:54:52;710;1023;710;;6832
13:54:53;710;1023;710;;6708
13:54:53;710;1023;710;;6760
13:54:54;710;1023;710;;6784
13:54:54;710;1023;710;;6784
13:54:55;710;1023;710;;6732
13:54:55;710;1023;710;;6732
13:54:56;710;1023;710;;6684
13:54:56;710;1023;710;;6736
13:54:57;710;1023;710;;6808
13:54:57;710;1023;710;;6956
13:54:58;710;1023;710;;6708
13:54:58;710;1023;710;;6708
13:54:59;710;1023;710;;6680
13:54:59;710;1023;710;;6728
13:55:00;710;1023;710;;6852
13:55:00;710;1023;710;;6704
13:55:01;710;1023;710;;6804
13:55:01;710;1023;710;;6684
13:55:02;710;1023;710;;6704
13:55:02;710;1023;710;;6680
13:55:03;710;1023;710;;6680
13:55:03;710;1023;710;;6880
13:55:04;710;1023;710;;6732
13:55:04;710;1023;710;;6784
13:55:05;710;1023;710;;6732
13:55:05;710;1023;710;;6732
13:55:06;710;1023;710;;6832
13:55:06;710;1023;710;;6808
13:55:07;710;1023;710;;6784
13:55:07;710;1023;710;;6680
13:55:08;710;1023;710;;6732
13:55:08;710;1023;710;;6708
13:55:09;710;1023;710;;6832
13:55:09;710;1023;710;;6768
13:55:10;710;1023;710;;6684
13:55:10;710;1023;710;;6756
13:55:11;710;1023;710;;6808
13:55:11;710;1023;710;;6756
13:55:12;710;1023;710;;6732
13:55:12;710;1023;710;;6784
13:55:13;710;1023;710;;6760
13:55:13;710;1023;710;;6732
13:55:14;710;1023;710;;6736
13:55:14;710;1023;710;;8796
13:55:15;710;1023;710;;6680
13:55:15;710;1023;710;;6772
13:55:16;710;1023;710;;6832
13:55:16;710;1023;710;;6768
13:55:17;710;1023;710;;6708
13:55:17;710;1023;710;;6812
13:55:18;710;1023;710;;6708
13:55:18;710;1023;710;;6708
13:55:19;710;1023;710;;6736
13:55:19;710;1023;710;;6732
13:55:20;710;1023;710;;6708
13:55:20;710;1023;710;;6708
13:55:21;710;1023;710;;6808
13:55:21;710;1023;710;;6732
13:55:22;710;1023;710;;6684
13:55:23;710;1023;710;;6704
13:55:23;710;1023;710;;6680
13:55:24;710;1023;710;;6748
13:55:24;710;1023;710;;6804
13:55:25;710;1023;710;;6708
13:55:25;710;1023;710;;6704
13:55:26;710;1023;710;;7008
13:55:26;710;1023;710;;6684
13:55:27;710;1023;710;;6684
13:55:27;710;1023;710;;6708
13:55:28;710;1023;710;;6812
13:55:28;710;1023;710;;6708
13:55:29;710;1023;710;;6728
13:55:29;710;1023;710;;6736
13:55:30;710;1023;710;;6832
13:55:30;710;1023;710;;6764
13:55:31;710;1023;710;;6836
13:55:31;710;1023;710;;6788
13:55:32;710;1023;710;;6732
13:55:32;710;1023;710;;6684
13:55:33;710;1023;710;;6708
13:55:33;710;1023;710;;6736
13:55:34;710;1023;710;;6684
13:55:34;710;1023;710;;6836
13:55:35;710;1023;710;;6736
13:55:35;710;1023;710;;6708
13:55:36;710;1023;710;;6712
13:55:36;710;1023;710;;6764
13:55:37;710;1023;710;;6832
13:55:37;710;1023;710;;6684
13:55:38;710;1023;710;;6784
13:55:38;710;1023;710;;6812
13:55:39;710;1023;710;;6684
13:55:39;710;1023;710;;6660
13:55:40;710;1023;710;;6808
13:55:40;710;1023;710;;6688
13:55:41;710;1023;710;;6756
13:55:41;710;1023;710;;6704
13:55:42;710;1023;710;;6836
13:55:42;710;1023;710;;6812
13:55:43;710;1023;710;;6836
13:55:43;710;1023;710;;6812
13:55:44;710;1023;710;;6708
13:55:44;710;1023;710;;6684
13:55:45;710;1023;710;;6736
13:55:45;710;1023;710;;6684
13:55:46;710;1023;710;;6708
13:55:46;710;1023;710;;6736
13:55:47;710;1023;710;;6712
13:55:47;710;1023;710;;6784
13:55:48;710;1023;710;;8752
13:55:48;710;1023;710;;6704
13:55:49;710;1023;710;;6764
13:55:49;710;1023;710;;6708
13:55:50;710;1023;710;;6684
13:55:50;710;1023;710;;6832
13:55:51;710;1023;710;;6808
13:55:51;710;1023;710;;6732
13:55:52;710;1023;710;;6780
13:55:52;710;1023;710;;6836
13:55:53;710;1023;710;;6688
13:55:53;710;1023;710;;6832
13:55:54;710;1023;710;;6808
13:55:54;710;1023;710;;6760
13:55:55;710;1023;710;;6708
13:55:55;710;1023;710;;6812
13:55:56;710;1023;710;;6736
13:55:56;710;1023;710;;6840
13:55:57;710;1023;710;;6660
13:55:57;710;1023;710;;6716
13:55:58;710;1023;710;;6864
13:55:58;710;1023;710;;6672
13:55:59;710;1023;710;;6764
13:55:59;710;1023;710;;6740
13:56:00;709;1023;710;;6768
13:56:00;709;1023;710;;6792
13:56:01;710;1023;710;;6888
13:56:01;710;1023;710;;6792
13:56:02;710;1023;710;;6944
13:56:02;710;1023;710;;6712
13:56:03;710;1023;710;;6740
13:56:03;710;1023;710;;6688
13:56:04;710;1023;710;;6816
13:56:04;710;1023;710;;6712
13:56:05;710;1023;710;;6740
13:56:05;710;1023;710;;6660
13:56:06;710;1023;710;;6716
13:56:06;710;1023;710;;6792
13:56:07;710;1023;710;;6764
13:56:07;710;1023;710;;6792
13:56:08;710;1023;710;;6716
13:56:09;710;1023;710;;6688
13:56:09;710;1023;710;;6792
13:56:10;710;1023;710;;6740
13:56:10;710;1023;710;;6688
13:56:11;710;1023;710;;6740
13:56:11;710;1023;710;;6792
13:56:12;710;1023;710;;6920
13:56:12;710;1023;710;;6740
13:56:13;710;1023;710;;6736
13:56:13;710;1023;710;;6692
13:56:14;710;1023;710;;6688
13:56:14;710;1023;710;;6748
13:56:15;710;1023;710;;6668
13:56:15;710;1023;710;;6692
13:56:16;710;1023;710;;6740
13:56:16;710;1023;710;;6712
13:56:17;710;1023;710;;6816
13:56:17;710;1023;710;;6816
13:56:18;710;1023;710;;6664
13:56:18;710;1023;710;;6792
13:56:19;710;1023;710;;6816
13:56:19;710;1023;710;;6740
13:56:20;710;1023;710;;6868
13:56:20;710;1023;710;;6688
13:56:21;710;1023;710;;6744
13:56:21;710;1023;710;;6864
13:56:22;710;1023;710;;6792
13:56:22;710;1023;710;;6792
13:56:23;710;1023;710;;6760
13:56:23;710;1023;710;;6688
13:56:24;710;1023;710;;6768
13:56:24;710;1023;710;;6840
13:56:25;710;1023;710;;6816
13:56:25;710;1023;710;;6716
13:56:26;710;1023;710;;6716
13:56:26;710;1023;710;;6692
13:56:27;710;1023;710;;6716
13:56:27;710;1023;710;;6940
13:56:28;710;1023;710;;6792
13:56:28;710;1023;710;;6692
13:56:29;710;1023;710;;6764
13:56:29;710;1023;710;;6792
13:56:30;710;1023;710;;6712
13:56:30;710;1023;710;;6688
13:56:31;710;1023;710;;6688
13:56:31;710;1023;710;;6788
13:56:32;710;1023;710;;6664
13:56:32;710;1023;710;;6688
13:56:33;710;1023;710;;6692
13:56:33;710;1023;710;;6688
13:56:34;710;1023;710;;6812
13:56:34;710;1023;710;;6688
13:56:35;710;1023;710;;6716
13:56:35;710;1023;710;;6744
13:56:36;710;1023;710;;6716
13:56:36;710;1023;710;;6764
13:56:37;710;1023;710;;6816
13:56:37;710;1023;710;;6840
13:56:38;710;1023;710;;6764
13:56:38;710;1023;710;;6968
13:56:39;710;1023;710;;6716
13:56:39;710;1023;710;;6768
13:56:40;710;1023;710;;6716
13:56:40;710;1023;710;;6816
13:56:41;710;1023;710;;6816
13:56:41;710;1023;710;;6720
13:56:42;710;1023;710;;6716
13:56:42;710;1023;710;;6844
13:56:43;710;1023;710;;6692
13:56:43;710;1023;710;;6740
13:56:44;710;1023;710;;6792
13:56:44;710;1023;710;;6744
13:56:45;710;1023;710;;6716
13:56:45;710;1023;710;;6744
13:56:46;710;1023;710;;6692
13:56:46;710;1023;710;;6668
13:56:47;710;1023;710;;6664
13:56:47;710;1023;710;;6752
13:56:48;710;1023;710;;8832
13:56:48;710;1023;710;;6760
13:56:49;710;1023;710;;6688
13:56:49;710;1023;710;;6816
13:56:50;710;1023;710;;6692
13:56:50;710;1023;710;;6716
13:56:51;710;1023;710;;6688
13:56:51;710;1023;710;;8828
13:56:52;710;1023;710;;6796
13:56:52;710;1023;710;;6716
13:56:53;710;1023;710;;6688
13:56:53;710;1023;710;;6840
13:56:54;710;1023;710;;6716
13:56:54;710;1023;710;;6864
13:56:55;710;1023;710;;6748
13:56:55;710;1023;710;;6688
13:56:56;710;1023;710;;6752
13:56:57;710;1023;710;;6692
13:56:57;710;1023;710;;6820
13:56:58;710;1023;710;;6792
13:56:58;710;1023;710;;6760
13:56:59;710;1023;710;;6716
13:56:59;710;1023;710;;6816
13:57:00;710;1023;710;;6920
13:57:00;710;1023;710;;6740
13:57:01;710;1023;710;;6716
13:57:01;710;1023;710;;6868
13:57:02;710;1023;710;;6768
13:57:02;710;1023;710;;6700
13:57:03;710;1023;710;;6844
13:57:03;710;1023;710;;8760
13:57:04;710;1023;710;;6820
13:57:04;710;1023;710;;6796
13:57:05;710;1023;710;;6692
13:57:05;710;1023;710;;6716
13:57:06;710;1023;710;;6716
13:57:06;710;1023;710;;6768
13:57:07;710;1023;710;;6864
13:57:07;710;1023;710;;6716
13:57:08;710;1023;710;;6688
13:57:08;710;1023;710;;6780
13:57:09;710;1023;710;;6764
13:57:09;710;1023;710;;6916
13:57:10;710;1023;710;;6792
13:57:10;710;1023;710;;6688
13:57:11;710;1023;710;;6744
13:57:11;710;1023;710;;6744
13:57:12;710;1023;710;;8856
13:57:12;710;1023;710;;6796
13:57:13;710;1023;710;;6692
13:57:13;710;1023;710;;6744
13:57:14;710;1023;710;;6716
13:57:14;710;1023;710;;6688
13:57:15;710;1023;710;;6716
13:57:15;710;1023;710;;6720
13:57:16;710;1023;710;;6868
13:57:16;710;1023;710;;6840
13:57:17;710;1023;710;;6720
13:57:17;710;1023;710;;6744
13:57:18;710;1023;710;;6840
13:57:18;710;1023;710;;6740
13:57:19;710;1023;710;;6692
13:57:19;710;1023;710;;6788
13:57:20;710;1023;710;;6716
13:57:20;710;1023;710;;6740
13:57:21;710;1023;710;;6944
13:57:21;710;1023;710;;6740
13:57:22;710;1023;710;;6840
13:57:22;710;1023;710;;6776
13:57:23;710;1023;710;;6816
13:57:23;710;1023;710;;6752
13:57:24;710;1023;710;;6768
13:57:24;710;1023;710;;6664
13:57:25;710;1023;710;;6864
13:57:25;710;1023;710;;6740
13:57:26;710;1023;710;;6716
13:57:26;710;1023;710;;6688
13:57:27;710;1023;710;;8756
13:57:27;710;1023;710;;6668
13:57:28;710;1023;710;;6688
13:57:28;710;1023;710;;6740
13:57:29;710;1023;710;;6688
13:57:29;710;1023;710;;6744
13:57:30;710;1023;710;;6716
13:57:30;710;1023;710;;6764
13:57:31;710;1023;710;;6864
13:57:31;710;1023;710;;6740
13:57:32;710;1023;710;;6756
13:57:32;710;1023;710;;6740
13:57:33;710;1023;710;;6792
13:57:33;710;1023;710;;6920
13:57:34;710;1023;710;;6792
13:57:34;710;1023;710;;6716
13:57:35;710;1023;710;;6864
13:57:35;710;1023;710;;6792
13:57:36;710;1023;710;;8836
13:57:36;710;1023;710;;6740
13:57:37;709;1023;710;;6740
13:57:37;709;1023;710;;6892
13:57:38;710;1023;710;;6712
13:57:38;710;1023;710;;6716
13:57:39;710;1023;710;;6816
13:57:39;710;1023;710;;6764
13:57:40;710;1023;710;;6692
13:57:40;710;1023;710;;6712
13:57:41;710;1023;710;;6796
13:57:41;710;1023;710;;6716
13:57:42;710;1023;710;;6764
13:57:43;710;1023;710;;6752
13:57:43;710;1023;710;;6812
13:57:44;710;1023;710;;6712
13:57:44;710;1023;710;;6712
13:57:45;710;1023;710;;6688
13:57:45;710;1023;710;;6740
13:57:46;710;1023;710;;6760
13:57:46;710;1023;710;;6856
13:57:47;710;1023;710;;6776
13:57:47;710;1023;710;;6656
13:57:48;710;1023;710;;6740
13:57:48;710;1023;710;;6684
13:57:49;710;1023;710;;6688
13:57:49;710;1023;710;;6812
13:57:50;710;1023;710;;6732
13:57:50;710;1023;710;;6656
13:57:51;710;1023;710;;6936
13:57:51;710;1023;710;;6688
13:57:52;710;1023;710;;6736
13:57:52;710;1023;710;;6956
13:57:53;710;1023;710;;6712
13:57:53;710;1023;710;;6880
13:57:54;710;1023;710;;6708
13:57:54;710;1023;710;;6708
13:57:55;710;1023;710;;6708
13:57:55;710;1023;710;;6708
13:57:56;710;1023;710;;6736
13:57:56;710;1023;710;;6760
13:57:57;710;1023;710;;6712
13:57:57;710;1023;710;;6732
13:57:58;710;1023;710;;6860
13:57:58;710;1023;710;;6752
13:57:59;710;1023;710;;6960
13:57:59;710;1023;710;;6712
13:58:00;710;1023;710;;8724
13:58:00;710;1023;710;;6708
13:58:01;710;1023;710;;6764
13:58:01;710;1023;710;;6712
13:58:02;710;1023;710;;6660
13:58:02;710;1023;710;;6708
13:58:03;710;1023;710;;6736
13:58:03;710;1023;710;;6684
13:58:04;710;1023;710;;6836
13:58:04;710;1023;710;;6708
13:58:05;710;1023;710;;6712
13:58:05;710;1023;710;;6692
13:58:06;710;1023;710;;6688
13:58:06;710;1023;710;;6764
13:58:07;710;1023;710;;6812
13:58:07;710;1023;710;;8728
13:58:08;710;1023;710;;8780
13:58:08;710;1023;710;;6760
13:58:09;710;1023;710;;6708
13:58:09;710;1023;710;;6684
13:58:10;710;1023;710;;6660
13:58:10;710;1023;710;;6756
13:58:11;710;1023;710;;6720
13:58:11;710;1023;710;;6816
13:58:12;710;1023;710;;6692
13:58:12;710;1023;710;;6788
13:58:13;710;1023;710;;6836
13:58:13;710;1023;710;;6756
13:58:14;710;1023;710;;6788
13:58:14;710;1023;710;;6712
13:58:15;710;1023;710;;6716
13:58:15;710;1023;710;;6824
13:58:16;710;1023;710;;8832
13:58:16;710;1023;710;;6716
13:58:17;710;1023;710;;6684
13:58:17;710;1023;710;;6716
13:58:18;710;1023;710;;6740
13:58:18;710;1023;710;;6812
13:58:19;710;1023;710;;6860
13:58:19;710;1023;710;;6764
13:58:20;710;1023;710;;6816
13:58:20;710;1023;710;;6764
13:58:21;710;1023;710;;6716
13:58:21;710;1023;710;;6692
13:58:22;710;1023;710;;6692
13:58:22;710;1023;710;;6760
13:58:23;710;1023;710;;6864
13:58:23;710;1023;710;;6896
13:58:24;710;1023;710;;6776
13:58:24;710;1023;710;;8836
13:58:25;710;1023;710;;6712
13:58:25;710;1023;710;;6692
13:58:26;710;1023;710;;6716
13:58:26;710;1023;710;;6768
13:58:27;710;1023;710;;6864
13:58:27;710;1023;710;;6868
13:58:28;710;1023;710;;6864
13:58:28;710;1023;710;;6740
13:58:29;710;1023;710;;6752
13:58:30;710;1023;710;;6792
13:58:30;710;1023;710;;6816
13:58:31;710;1023;710;;6960
13:58:31;710;1023;710;;6664
13:58:32;710;1023;710;;6864
13:58:32;710;1023;710;;6716
13:58:33;710;1023;710;;7040
13:58:33;710;1023;710;;6768
13:58:34;710;1023;710;;6688
13:58:34;710;1023;710;;6716
13:58:35;710;1023;710;;6712
13:58:35;710;1023;710;;6940
13:58:36;710;1023;710;;6892
13:58:36;710;1023;710;;6760
13:58:37;710;1023;710;;6692
13:58:37;710;1023;710;;6740
13:58:38;710;1023;710;;6740
13:58:38;710;1023;710;;6712
13:58:39;710;1023;710;;7036
13:58:39;710;1023;710;;6772
13:58:40;710;1023;710;;6736
13:58:40;710;1023;710;;6788
13:58:41;710;1023;710;;6840
13:58:41;710;1023;710;;6740
13:58:42;710;1023;710;;6664
13:58:42;710;1023;710;;6748
13:58:43;710;1023;710;;6908
13:58:43;710;1023;710;;6736
13:58:44;710;1023;710;;6760
13:58:44;710;1023;710;;6712
13:58:45;710;1023;710;;6660
13:58:45;710;1023;710;;6732
13:58:46;710;1023;710;;6660
13:58:46;710;1023;710;;6704
13:58:47;710;1023;710;;6732
13:58:47;710;1023;710;;6828
13:58:48;710;1023;710;;6880
13:58:48;710;1023;710;;8724
13:58:49;710;1023;710;;6708
13:58:49;710;1023;710;;6728
13:58:50;710;1023;710;;6804
13:58:50;710;1023;710;;8752
13:58:51;710;1023;710;;8776
13:58:51;710;1023;710;;6720
13:58:52;710;1023;710;;6676
13:58:52;710;1023;710;;6704
13:58:53;710;1023;710;;6776
13:58:53;710;1023;710;;6776
13:58:54;710;1023;710;;6680
13:58:54;710;1023;710;;6680
13:58:55;710;1023;710;;6708
13:58:55;710;1023;710;;6704
13:58:56;710;1023;710;;6728
13:58:56;710;1023;710;;6764
13:58:57;710;1023;710;;6904
13:58:57;710;1023;710;;6708
13:58:58;710;1023;710;;6752
13:58:58;710;1023;710;;6828
13:58:59;710;1023;710;;6700
13:58:59;710;1023;710;;6728
13:59:00;710;1023;710;;6780
13:59:00;710;1023;710;;6704
13:59:01;710;1023;710;;6732
13:59:01;710;1023;710;;6764
13:59:02;710;1023;710;;6680
13:59:02;710;1023;710;;6828
13:59:03;710;1023;710;;6728
13:59:03;710;1023;710;;6752
13:59:04;710;1023;710;;6680
13:59:04;710;1023;710;;6856
13:59:05;710;1023;710;;6732
13:59:05;710;1023;710;;6728
13:59:06;710;1023;710;;6856
13:59:06;710;1023;710;;6932
13:59:07;710;1023;710;;6856
13:59:07;710;1023;710;;6764
13:59:08;710;1023;710;;6864
13:59:08;710;1023;710;;6836
13:59:09;710;1023;710;;8780
13:59:09;710;1023;710;;6756
13:59:10;710;1023;710;;6764
13:59:10;710;1023;710;;6676
13:59:11;710;1023;710;;6848
13:59:11;710;1023;710;;6764
13:59:12;710;1023;710;;6800
13:59:12;710;1023;710;;6700
13:59:13;710;1023;710;;6776
13:59:13;710;1023;710;;8740
13:59:14;710;1023;710;;6724
13:59:14;710;1023;710;;6696
13:59:15;710;1023;710;;6672
13:59:16;710;1023;710;;6724
13:59:16;710;1023;710;;6648
13:59:17;710;1023;710;;6876
13:59:17;710;1023;710;;6720
13:59:18;710;1023;710;;6676
13:59:18;710;1023;710;;6728
13:59:19;710;1023;710;;6704
13:59:19;710;1023;710;;6772
13:59:20;710;1023;710;;6704
13:59:20;710;1023;710;;6728
13:59:21;710;1023;710;;6828
13:59:21;710;1023;710;;6704
13:59:22;710;1023;710;;6680
13:59:22;710;1023;710;;6828
13:59:23;710;1023;710;;6772
13:59:23;710;1023;710;;6704
13:59:24;710;1023;710;;6924
13:59:24;710;1023;710;;6772
13:59:25;710;1023;710;;6704
13:59:25;710;1023;710;;6700
13:59:26;710;1023;710;;6828
13:59:26;710;1023;710;;6784
13:59:27;710;1023;710;;6672
13:59:27;710;1023;710;;6724
13:59:28;710;1023;710;;6704
13:59:28;710;1023;710;;6676
13:59:29;710;1023;710;;6676
13:59:29;710;1023;710;;6728
13:59:30;710;1023;710;;6804
13:59:30;710;1023;710;;6676
13:59:31;710;1023;710;;6772
13:59:31;710;1023;710;;6748
13:59:32;710;1023;710;;6760
13:59:32;710;1023;710;;6728
13:59:33;710;1023;710;;6676
13:59:33;710;1023;710;;6700
13:59:34;710;1023;710;;6704
13:59:34;710;1023;710;;6776
13:59:35;710;1023;710;;6676
13:59:35;710;1023;710;;6732
13:59:36;710;1023;710;;6708
13:59:36;710;1023;710;;8748
13:59:37;710;1023;710;;6676
13:59:37;710;1023;710;;6676
13:59:38;710;1023;710;;6928
13:59:38;710;1023;710;;6700
13:59:39;710;1023;710;;6904
13:59:39;710;1023;710;;6776
13:59:40;710;1023;710;;6760
13:59:40;710;1023;710;;6704
13:59:41;710;1023;710;;6736
13:59:41;710;1023;710;;6732
13:59:42;710;1023;710;;6808
13:59:42;710;1023;710;;6732
13:59:43;710;1023;710;;6708
13:59:43;710;1023;710;;6708
13:59:44;710;1023;710;;6736
13:59:44;710;1023;710;;6688
13:59:45;710;1023;710;;6660
13:59:45;710;1023;710;;6716
13:59:46;710;1023;710;;6688
13:59:46;710;1023;710;;6688
13:59:47;710;1023;710;;6772
13:59:47;710;1023;710;;6720
13:59:48;710;1023;710;;6716
13:59:48;710;1023;710;;6744
13:59:49;710;1023;710;;6768
13:59:49;710;1023;710;;6716
13:59:50;710;1023;710;;6740
13:59:50;710;1023;710;;6792
13:59:51;710;1023;710;;6740
13:59:51;710;1023;710;;6764
13:59:52;710;1023;710;;6692
13:59:52;710;1023;710;;6920
13:59:53;710;1023;710;;6716
13:59:53;710;1023;710;;6816
13:59:54;710;1023;710;;6716
13:59:54;710;1023;710;;6860
13:59:55;710;1023;710;;6888
13:59:55;710;1023;710;;6784
13:59:56;710;1023;710;;6684
13:59:56;710;1023;710;;6788
13:59:57;710;1023;710;;6788
13:59:57;710;1023;710;;6684
13:59:58;710;1023;710;;6748
13:59:58;710;1023;710;;6860
13:59:59;710;1023;710;;6784
13:59:59;710;1023;710;;6684
