02:55:39;701;1023;709;;0
02:55:39;701;1023;709;;0;628
02:55:40;708;1023;709;;10620
02:55:40;708;1023;709;;10620;10228
02:55:41;709;1023;709;;10208
02:55:41;709;1023;709;;10208;10132
02:55:42;709;1023;709;;10012
02:55:42;709;1023;709;;10012;9892
02:55:43;709;1023;709;;10064
02:56:00;709;1023;709;;0
02:56:00;709;1023;709;;10232
02:56:01;709;1023;709;;10208
02:56:01;709;1023;709;;10136
02:56:02;709;1023;709;;9840
02:56:02;709;1023;709;;10140
02:56:03;709;1023;709;;10208
02:56:03;709;1023;709;;10084
02:56:04;709;1023;709;;10184
02:56:04;709;1023;709;;9712
02:56:05;709;1023;709;;9988
02:56:05;709;1023;709;;9936
02:56:06;709;1023;709;;1124
02:56:07;709;1023;709;;2060
02:56:07;709;1023;709;;19532
02:56:08;709;1023;709;;20120
02:56:08;709;1023;709;;2904
02:56:09;709;1023;709;;2168
02:56:09;709;1023;709;;2176
02:56:10;709;1023;709;;11300
02:56:10;709;1023;709;;1832
02:56:11;709;1023;709;;10876
02:56:11;709;1023;709;;1420
02:56:12;709;1023;709;;1452
02:56:12;709;1023;709;;1864
02:56:13;709;1023;709;;2164
02:56:13;709;1023;709;;2108
02:56:14;709;1023;709;;2136
02:56:14;709;1023;709;;2128
02:56:15;709;1023;709;;2168
02:56:15;709;1023;709;;2172
02:56:16;709;1023;709;;2068
02:56:16;709;1023;709;;2116
02:56:17;709;1023;709;;2236
02:56:17;709;1023;709;;1964
02:56:18;709;1023;709;;2356
02:56:18;709;1023;709;;6888
02:56:19;709;1023;709;;7044
02:56:19;709;1023;709;;7032
02:56:20;709;1023;709;;6988
02:56:20;709;1023;709;;6992
02:56:21;709;1023;709;;215148
02:56:21;709;1023;709;;804
02:56:22;709;1023;709;;12716
02:56:22;709;1023;709;;13016
02:56:23;709;1023;709;;11964
02:56:23;709;1023;709;;7312
02:56:24;709;1023;709;;6768
02:56:24;709;1023;709;;6840
02:56:25;709;1023;709;;6784
02:56:25;709;1023;709;;5312
02:56:26;709;1023;709;;3276
02:56:26;709;1023;709;;3064
02:56:27;709;1023;709;;3024
02:56:27;709;1023;709;;5144
02:56:28;709;1023;709;;12040
02:56:28;709;1023;709;;2816
02:56:29;709;1023;709;;6752
02:56:29;709;1023;709;;2580
02:56:30;709;1023;709;;2584
02:56:30;709;1023;709;;2544
02:56:31;709;1023;709;;2580
02:56:31;709;1023;709;;2588
02:56:32;709;1023;709;;2628
02:56:32;709;1023;709;;2740
02:56:33;709;1023;709;;214896
02:56:34;709;1023;709;;588
02:56:34;709;1023;709;;692
02:56:35;709;1023;709;;692
02:56:35;709;1023;709;;688
