03:10:45;700;1023;710;;0
03:10:46;707;1023;710;;680
03:10:46;707;1023;710;;14440
03:10:47;709;1023;710;;14568
03:10:47;709;1023;710;;2760
03:10:48;710;1023;710;;2804
03:10:48;710;1023;710;;2980
03:10:49;710;1023;710;;3008
03:10:49;710;1023;710;;2700
03:10:50;710;1023;710;;2932
03:10:50;710;1023;710;;2972
03:10:51;710;1023;710;;3048
03:10:51;710;1023;710;;2920
03:10:52;710;1023;710;;2928
03:10:52;710;1023;710;;2868
03:10:53;710;1023;710;;2928
03:10:53;710;1023;710;;2700
03:10:54;710;1023;710;;2804
03:10:54;710;1023;710;;2844
03:10:55;710;1023;710;;2816
03:10:55;710;1023;710;;2848
03:10:56;710;1023;710;;2868
03:10:56;710;1023;710;;2904
03:10:57;710;1023;710;;2860
03:10:58;710;1023;710;;2896
03:10:58;710;1023;710;;3096
03:10:59;710;1023;710;;3064
03:10:59;710;1023;710;;3072
03:11:00;710;1023;710;;3056
03:11:00;710;1023;710;;3080
03:11:01;710;1023;710;;3080
03:11:01;710;1023;710;;3084
03:11:02;710;1023;710;;3084
03:11:02;710;1023;710;;3080
03:11:03;710;1023;710;;3080
03:11:03;710;1023;710;;3088
03:11:04;710;1023;710;;3080
03:11:04;710;1023;710;;3056
03:11:05;710;1023;710;;3080
03:11:05;710;1023;710;;3072
03:11:06;710;1023;710;;3144
03:11:06;710;1023;710;;2860
03:11:07;710;1023;710;;3216
03:11:07;710;1023;710;;7856
03:11:08;710;1023;710;;8188
03:11:08;710;1023;710;;8244
03:11:09;710;1023;710;;8240
03:11:09;710;1023;710;;3288
03:11:10;710;1023;710;;2928
03:11:10;710;1023;710;;2788
03:11:11;710;1023;710;;2832
03:11:11;710;1023;710;;2812
03:11:12;710;1023;710;;2808
03:11:12;710;1023;710;;2848
03:11:13;710;1023;710;;2832
03:11:13;710;1023;710;;2836
03:11:14;710;1023;710;;2844
03:11:14;710;1023;710;;2844
03:11:15;710;1023;710;;2840
03:11:15;710;1023;710;;2868
03:11:16;710;1023;710;;2836
03:11:16;710;1023;710;;2864
03:11:17;710;1023;710;;2876
03:11:17;710;1023;710;;2848
03:11:18;710;1023;710;;2852
03:11:18;710;1023;710;;2856
03:11:19;710;1023;710;;10288
03:11:19;710;1023;710;;10228
03:11:20;710;1023;710;;9664
03:11:20;710;1023;710;;9636
03:11:21;710;1023;710;;9684
03:11:21;710;1023;710;;9732
03:11:22;710;1023;710;;9712
03:11:22;710;1023;710;;856
03:11:23;710;1023;710;;9748
03:11:23;710;1023;710;;9708
03:11:24;710;1023;710;;216104
03:11:24;710;1023;710;;756
03:11:25;710;1023;710;;1540
03:11:26;710;1023;710;;219384
03:11:26;710;1023;710;;784
03:11:27;710;1023;710;;9672
03:11:27;710;1023;710;;9800
03:11:28;710;1023;710;;9728
03:11:28;710;1023;710;;9748
03:11:29;710;1023;710;;9868
03:11:29;710;1023;710;;9688
03:11:30;710;1023;710;;9712
03:11:30;710;1023;710;;9768
03:11:31;710;1023;710;;9764
03:11:31;710;1023;710;;9864
03:11:32;710;1023;710;;9768
03:11:32;710;1023;710;;9736
03:11:33;710;1023;710;;9940
03:11:33;710;1023;710;;9844
03:11:34;710;1023;710;;10012
03:11:34;710;1023;710;;9764
03:11:35;710;1023;710;;9868
03:11:35;710;1023;710;;9764
03:11:36;710;1023;710;;9860
03:11:36;710;1023;710;;9812
03:11:37;710;1023;710;;9764
03:11:37;710;1023;710;;9816
03:11:38;710;1023;710;;9844
03:11:38;710;1023;710;;9812
03:11:39;710;1023;710;;9740
03:11:39;710;1023;710;;214256
03:11:40;710;1023;710;;884
03:11:40;710;1023;710;;9884
03:11:41;710;1023;710;;9812
03:11:41;710;1023;710;;9760
03:11:42;710;1023;710;;215124
03:11:43;710;1023;710;;892
03:11:43;710;1023;710;;9760
03:11:44;710;1023;710;;214936
03:11:44;710;1023;710;;852
03:11:45;710;1023;710;;213664
03:11:45;710;1023;710;;9736
03:11:46;710;1023;710;;9784
03:11:46;710;1023;710;;9660
03:11:47;710;1023;710;;215700
03:11:48;710;1023;710;;1308
03:11:48;710;1023;710;;14760
03:11:49;710;1023;710;;214740
03:11:49;710;1023;710;;9736
03:11:50;710;1023;710;;9732
03:11:50;710;1023;710;;9812
03:11:51;710;1023;710;;9712
03:11:51;710;1023;710;;9752
03:11:52;710;1023;710;;9720
03:11:52;710;1023;710;;9700
03:12:10;710;1023;710;;0
03:12:10;710;1023;710;;2920
03:12:11;710;1023;710;;2792
03:12:11;710;1023;710;;2820
03:12:12;710;1023;710;;2828
03:12:12;710;1023;710;;2856
03:12:13;710;1023;710;;2824
03:12:13;710;1023;710;;2860
03:12:16;710;1023;710;;0
03:12:17;710;1023;710;;2804
03:12:17;710;1023;710;;2724
03:12:18;710;1023;710;;2656
03:12:18;710;1023;710;;2588
03:12:19;710;1023;710;;2508
03:12:19;710;1023;710;;2484
03:12:20;710;1023;710;;2224
03:12:20;710;1023;710;;1768
03:12:21;710;1023;710;;1468
03:12:21;710;1023;710;;1336
03:12:22;710;1023;710;;1320
03:12:22;710;1023;710;;1976
03:12:23;710;1023;710;;2352
03:12:23;710;1023;710;;2488
03:12:24;710;1023;710;;2524
03:12:24;710;1023;710;;2508
03:12:25;710;1023;710;;2516
03:12:25;710;1023;710;;2512
03:12:26;710;1023;710;;2544
03:12:26;710;1023;710;;2548
03:12:27;710;1023;710;;2520
03:12:27;710;1023;710;;2548
03:12:28;710;1023;710;;2524
03:12:28;710;1023;710;;2548
03:12:29;710;1023;710;;2520
03:12:29;710;1023;710;;2548
03:12:30;710;1023;710;;2520
03:12:30;710;1023;710;;2552
03:12:31;710;1023;710;;2528
03:12:31;710;1023;710;;2524
03:12:32;710;1023;710;;2548
03:12:32;710;1023;710;;2548
03:12:33;710;1023;710;;2548
03:12:33;710;1023;710;;2544
03:12:34;710;1023;710;;2544
03:12:34;710;1023;710;;2588
03:12:35;710;1023;710;;2588
03:12:35;710;1023;710;;2520
03:12:36;710;1023;710;;2520
03:12:36;710;1023;710;;2548
03:12:37;710;1023;710;;2528
03:12:37;710;1023;710;;2524
03:12:38;710;1023;710;;2544
03:12:38;710;1023;710;;2528
03:12:39;710;1023;710;;2544
03:12:39;710;1023;710;;2524
03:12:40;710;1023;710;;2552
03:12:40;710;1023;710;;2524
03:12:41;710;1023;710;;2556
03:12:41;710;1023;710;;2524
03:12:42;710;1023;710;;2528
03:12:42;710;1023;710;;2540
03:12:43;710;1023;710;;2500
03:12:43;710;1023;710;;2364
03:12:44;710;1023;710;;1844
03:12:44;710;1023;710;;1448
03:12:45;710;1023;710;;1408
03:12:45;710;1023;710;;1444
03:12:46;710;1023;710;;1524
03:12:46;710;1023;710;;1564
03:12:47;710;1023;710;;1544
03:12:47;710;1023;710;;1540
03:12:48;710;1023;710;;1540
03:12:48;710;1023;710;;1544
03:12:49;710;1023;710;;1308
03:12:49;710;1023;710;;924
03:12:50;710;1023;710;;764
03:12:50;710;1023;710;;692
03:12:51;710;1023;710;;720
03:12:51;710;1023;710;;1816
03:12:52;710;1023;710;;2396
03:12:52;710;1023;710;;2568
03:12:53;710;1023;710;;2608
03:12:53;710;1023;710;;2584
03:12:54;710;1023;710;;2600
03:12:54;710;1023;710;;2612
03:12:55;710;1023;710;;2612
03:12:55;710;1023;710;;2676
03:12:56;710;1023;710;;2652
03:12:56;710;1023;710;;2660
03:12:57;710;1023;710;;2656
03:12:57;710;1023;710;;2668
03:12:58;710;1023;710;;2636
03:12:58;710;1023;710;;2664
03:12:59;710;1023;710;;2648
03:12:59;710;1023;710;;2660
03:13:00;710;1023;710;;12632
03:13:00;710;1023;710;;8720
03:13:01;710;1023;710;;8672
03:13:01;710;1023;710;;8528
03:13:02;710;1023;710;;12596
03:13:02;710;1023;710;;2736
03:13:03;710;1023;710;;12352
03:13:03;710;1023;710;;12396
03:13:04;710;1023;710;;12388
03:13:04;710;1023;710;;1656
03:13:05;710;1023;710;;8284
03:13:05;710;1023;710;;12708
03:13:06;710;1023;710;;1656
03:13:07;710;1023;710;;215468
03:13:07;710;1023;710;;800
03:13:08;710;1023;710;;1516
03:13:08;710;1023;710;;2048
03:13:09;710;1023;710;;2284
03:13:09;710;1023;710;;5688
03:13:10;710;1023;710;;214904
03:13:10;710;1023;710;;800
03:13:11;710;1023;710;;2496
03:13:11;710;1023;710;;2520
03:13:12;710;1023;710;;2532
03:13:12;710;1023;710;;2576
03:13:13;710;1023;710;;2508
03:13:13;710;1023;710;;2588
03:13:14;710;1023;710;;214480
03:13:14;710;1023;710;;748
03:13:15;710;1023;710;;1396
03:13:15;710;1023;710;;2132
03:13:16;710;1023;710;;215916
03:13:17;710;1023;710;;800
03:13:17;710;1023;710;;214316
03:13:18;710;1023;710;;824
03:13:18;710;1023;710;;216120
03:13:19;710;1023;710;;796
03:13:20;710;1023;710;;215296
03:13:20;710;1023;710;;800
03:13:21;710;1023;710;;215340
03:13:21;710;1023;710;;800
03:13:22;710;1023;710;;215324
03:13:22;710;1023;710;;824
03:13:23;710;1023;710;;214840
03:13:24;710;1023;710;;824
03:13:24;710;1023;710;;215844
03:13:25;710;1023;710;;824
03:13:25;710;1023;710;;215820
03:13:26;710;1023;710;;824
03:13:26;710;1023;710;;3072
03:13:27;710;1023;710;;215320
03:13:28;710;1023;710;;804
03:13:28;710;1023;710;;216600
03:13:29;710;1023;710;;696
03:13:29;710;1023;710;;848
03:13:30;710;1023;710;;628
03:13:30;710;1023;710;;680
03:13:31;710;1023;710;;776
03:13:31;710;1023;710;;724
03:13:32;710;1023;710;;856
03:13:32;710;1023;710;;1204
03:13:33;710;1023;710;;1020
03:13:33;710;1023;710;;214696
03:13:34;710;1023;710;;824
03:13:35;710;1023;710;;215048
03:13:35;710;1023;710;;832
03:13:36;710;1023;710;;215780
03:13:36;710;1023;710;;716
03:13:37;710;1023;710;;668
03:13:37;710;1023;710;;215080
03:13:38;710;1023;710;;215308
03:13:39;710;1023;710;;652
03:13:39;710;1023;710;;680
03:13:40;710;1023;710;;215592
03:13:40;710;1023;710;;624
03:13:41;710;1023;710;;732
03:13:41;710;1023;710;;752
03:13:42;710;1023;710;;756
03:13:42;710;1023;710;;732
03:13:43;710;1023;710;;676
03:13:43;710;1023;710;;732
03:13:44;710;1023;710;;732
03:13:44;710;1023;710;;728
03:13:45;710;1023;710;;728
03:13:45;710;1023;710;;728
03:13:46;710;1023;710;;728
03:13:46;710;1023;710;;680
03:13:47;710;1023;710;;728
03:13:47;710;1023;710;;728
03:13:48;710;1023;710;;680
03:13:48;710;1023;710;;676
03:13:49;710;1023;710;;680
03:13:49;710;1023;710;;732
03:13:50;710;1023;710;;728
03:13:50;710;1023;710;;728
03:13:51;710;1023;710;;728
03:13:51;710;1023;710;;732
03:13:52;710;1023;710;;728
03:13:52;710;1023;710;;728
03:13:53;710;1023;710;;676
03:13:53;710;1023;710;;680
03:13:54;710;1023;710;;732
03:13:54;710;1023;710;;732
03:13:55;710;1023;710;;728
03:13:55;710;1023;710;;732
03:13:56;710;1023;710;;732
03:13:56;710;1023;710;;732
03:13:57;710;1023;710;;728
03:13:57;710;1023;710;;728
03:13:58;710;1023;710;;704
03:13:58;710;1023;710;;680
03:13:59;710;1023;710;;756
03:13:59;710;1023;710;;756
03:14:00;710;1023;710;;752
03:14:00;710;1023;710;;756
03:14:01;710;1023;710;;728
03:14:01;710;1023;710;;752
03:14:02;710;1023;710;;752
03:14:02;710;1023;710;;728
03:14:03;710;1023;710;;756
03:14:03;710;1023;710;;732
03:14:04;710;1023;710;;752
03:14:04;710;1023;710;;756
03:14:05;710;1023;710;;752
03:14:05;710;1023;710;;756
03:14:06;710;1023;710;;764
03:14:06;710;1023;710;;732
03:14:07;710;1023;710;;772
03:14:07;710;1023;710;;892
03:14:08;710;1023;710;;868
03:14:08;710;1023;710;;844
03:14:09;710;1023;710;;868
03:14:09;710;1023;710;;868
03:14:10;710;1023;710;;868
03:14:10;710;1023;710;;864
03:14:11;710;1023;710;;872
03:14:11;710;1023;710;;868
03:14:12;710;1023;710;;864
03:14:12;710;1023;710;;864
03:14:13;710;1023;710;;868
03:14:13;710;1023;710;;868
03:14:14;710;1023;710;;868
03:14:14;710;1023;710;;896
03:14:15;710;1023;710;;868
03:14:15;710;1023;710;;864
03:14:16;710;1023;710;;896
03:14:16;710;1023;710;;896
03:14:17;710;1023;710;;892
03:14:17;710;1023;710;;892
03:14:18;710;1023;710;;892
03:14:18;710;1023;710;;892
03:14:19;710;1023;710;;900
03:14:19;710;1023;710;;896
03:14:20;710;1023;710;;900
03:14:20;710;1023;710;;892
03:14:21;710;1023;710;;900
03:14:21;710;1023;710;;900
03:14:22;710;1023;710;;892
03:14:22;710;1023;710;;896
03:14:23;710;1023;710;;892
03:14:23;710;1023;710;;892
03:14:24;710;1023;710;;892
03:14:24;710;1023;710;;892
03:14:25;710;1023;710;;896
03:14:25;710;1023;710;;892
03:14:26;710;1023;710;;900
03:14:26;710;1023;710;;896
03:14:27;710;1023;710;;896
03:14:27;710;1023;710;;892
03:14:28;710;1023;710;;900
03:14:28;710;1023;710;;896
03:14:29;709;1023;710;;896
03:14:29;709;1023;710;;896
03:14:30;710;1023;710;;896
03:14:30;710;1023;710;;896
03:14:31;710;1023;710;;896
03:14:31;710;1023;710;;896
03:14:32;710;1023;710;;896
03:14:32;710;1023;710;;896
03:14:33;710;1023;710;;900
03:14:33;710;1023;710;;892
03:14:34;710;1023;710;;892
03:14:34;710;1023;710;;896
03:14:35;710;1023;710;;892
03:14:35;710;1023;710;;900
03:14:36;710;1023;710;;892
03:14:36;710;1023;710;;892
03:14:37;710;1023;710;;896
03:14:37;710;1023;710;;896
03:14:38;710;1023;710;;896
03:14:38;710;1023;710;;896
03:14:39;710;1023;710;;896
03:14:39;710;1023;710;;896
03:14:40;710;1023;710;;900
03:14:40;710;1023;710;;892
03:14:41;710;1023;710;;892
03:14:41;710;1023;710;;892
03:14:42;710;1023;710;;892
03:14:42;710;1023;710;;892
03:14:43;710;1023;710;;896
03:14:43;710;1023;710;;896
03:14:44;710;1023;710;;896
03:14:44;710;1023;710;;892
03:14:45;710;1023;710;;896
03:14:45;710;1023;710;;868
03:14:46;710;1023;710;;920
03:14:46;710;1023;710;;892
03:14:47;710;1023;710;;916
03:14:47;710;1023;710;;892
03:14:48;710;1023;710;;892
03:14:48;710;1023;710;;896
03:14:49;710;1023;710;;892
03:14:49;710;1023;710;;896
03:14:50;710;1023;710;;900
03:14:50;710;1023;710;;916
03:14:51;710;1023;710;;892
03:14:51;710;1023;710;;916
03:14:52;710;1023;710;;900
03:14:52;710;1023;710;;920
03:14:53;710;1023;710;;896
03:14:53;710;1023;710;;920
03:14:54;710;1023;710;;672
03:14:54;710;1023;710;;728
03:14:55;710;1023;710;;704
03:14:55;710;1023;710;;728
03:14:56;710;1023;710;;215380
03:14:57;710;1023;710;;740
03:14:57;710;1023;710;;214796
03:14:58;710;1023;710;;744
03:14:58;710;1023;710;;216244
03:14:59;710;1023;710;;740
03:15:00;710;1023;710;;216584
03:15:00;710;1023;710;;740
03:15:01;710;1023;710;;214720
03:15:01;710;1023;710;;744
03:15:02;710;1023;710;;214540
03:15:02;710;1023;710;;740
03:15:03;710;1023;710;;216012
03:15:04;710;1023;710;;740
03:15:04;710;1023;710;;216080
03:15:05;710;1023;710;;744
03:15:05;710;1023;710;;213600
03:15:06;710;1023;710;;740
03:15:07;710;1023;710;;214488
03:15:07;710;1023;710;;740
03:15:08;710;1023;710;;215320
03:15:08;710;1023;710;;744
03:15:09;710;1023;710;;215804
03:15:09;710;1023;710;;740
03:15:10;710;1023;710;;214580
03:15:11;710;1023;710;;740
03:15:11;710;1023;710;;214408
03:15:12;710;1023;710;;740
03:15:12;710;1023;710;;213992
03:15:13;710;1023;710;;744
03:15:14;710;1023;710;;214284
03:15:14;710;1023;710;;744
03:15:15;710;1023;710;;214552
03:15:15;710;1023;710;;744
03:15:16;710;1023;710;;215768
03:15:16;710;1023;710;;740
03:15:17;710;1023;710;;215164
03:15:18;710;1023;710;;744
03:15:18;710;1023;710;;214972
03:15:19;710;1023;710;;744
03:15:19;710;1023;710;;215212
03:15:20;710;1023;710;;740
03:15:20;710;1023;710;;215396
03:15:21;710;1023;710;;740
03:15:22;710;1023;710;;214264
03:15:22;710;1023;710;;740
03:15:23;710;1023;710;;215288
03:15:23;710;1023;710;;740
03:15:24;710;1023;710;;215864
03:15:24;710;1023;710;;744
03:15:25;710;1023;710;;215048
03:15:26;710;1023;710;;744
03:15:26;710;1023;710;;215040
03:15:27;710;1023;710;;744
03:15:27;710;1023;710;;215124
03:15:28;710;1023;710;;744
03:15:29;710;1023;710;;214756
03:15:29;710;1023;710;;744
03:15:30;710;1023;710;;213320
03:15:30;710;1023;710;;744
03:15:31;710;1023;710;;215452
03:15:31;710;1023;710;;740
03:15:32;710;1023;710;;704
03:15:32;710;1023;710;;796
03:15:33;710;1023;710;;796
03:15:33;710;1023;710;;792
03:15:34;710;1023;710;;792
03:15:34;710;1023;710;;792
03:15:35;710;1023;710;;792
03:15:35;710;1023;710;;796
03:15:36;710;1023;710;;796
03:15:36;710;1023;710;;796
03:15:37;710;1023;710;;796
03:15:37;710;1023;710;;796
03:15:38;710;1023;710;;796
03:15:38;710;1023;710;;796
03:15:39;710;1023;710;;796
03:15:39;710;1023;710;;796
03:15:40;710;1023;710;;792
03:15:40;710;1023;710;;792
03:15:41;710;1023;710;;796
03:15:41;710;1023;710;;796
03:15:42;710;1023;710;;796
03:15:42;710;1023;710;;796
03:15:43;710;1023;710;;796
03:15:43;710;1023;710;;792
03:15:44;710;1023;710;;792
03:15:44;710;1023;710;;796
03:15:45;710;1023;710;;796
03:15:45;710;1023;710;;796
03:15:46;710;1023;710;;792
03:15:46;710;1023;710;;796
03:15:47;710;1023;710;;796
03:15:48;710;1023;710;;792
03:15:48;710;1023;710;;796
03:15:49;710;1023;710;;796
03:15:49;710;1023;710;;796
03:15:50;710;1023;710;;796
03:15:50;710;1023;710;;796
03:15:51;710;1023;710;;796
03:15:51;710;1023;710;;792
03:15:52;710;1023;710;;792
03:15:52;710;1023;710;;796
03:15:53;710;1023;710;;792
03:15:53;710;1023;710;;796
03:15:54;710;1023;710;;792
03:15:54;710;1023;710;;796
03:15:55;710;1023;710;;792
03:15:55;710;1023;710;;792
03:15:56;710;1023;710;;792
03:15:56;710;1023;710;;792
03:15:57;710;1023;710;;792
03:15:57;710;1023;710;;796
03:15:58;710;1023;710;;796
03:15:58;710;1023;710;;792
03:15:59;710;1023;710;;796
03:15:59;710;1023;710;;796
03:16:00;710;1023;710;;796
03:16:00;710;1023;710;;796
03:16:01;710;1023;710;;792
03:16:01;710;1023;710;;796
03:16:02;710;1023;710;;796
03:16:02;710;1023;710;;796
03:16:03;710;1023;710;;796
03:16:03;710;1023;710;;792
03:16:04;710;1023;710;;796
03:16:04;710;1023;710;;796
03:16:05;710;1023;709;;792
03:16:05;710;1023;709;;792
03:16:06;710;1023;710;;796
03:16:06;710;1023;710;;796
03:16:07;710;1023;710;;796
03:16:07;710;1023;710;;792
03:16:08;710;1023;710;;792
03:16:08;710;1023;710;;792
03:16:09;710;1023;710;;796
03:16:09;710;1023;710;;796
03:16:10;710;1023;710;;792
03:16:10;710;1023;710;;792
03:16:11;710;1023;710;;796
03:16:11;710;1023;710;;796
03:16:12;710;1023;710;;792
03:16:12;710;1023;710;;796
03:16:13;710;1023;710;;792
03:16:13;710;1023;710;;796
03:16:14;710;1023;710;;792
03:16:14;710;1023;710;;796
03:16:15;710;1023;710;;792
03:16:15;710;1023;710;;792
03:16:16;710;1023;710;;796
03:16:16;710;1023;710;;792
03:16:17;710;1023;710;;796
03:16:17;710;1023;710;;792
03:16:18;710;1023;710;;796
03:16:18;710;1023;710;;796
03:16:19;710;1023;710;;792
03:16:19;710;1023;710;;796
03:16:20;710;1023;710;;768
03:16:20;710;1023;710;;768
03:16:21;710;1023;710;;768
03:16:21;710;1023;710;;768
03:16:22;710;1023;710;;796
03:16:22;710;1023;710;;796
03:16:23;710;1023;710;;792
03:16:23;710;1023;710;;792
03:16:24;710;1023;710;;796
03:16:24;710;1023;710;;792
03:16:25;710;1023;710;;796
03:16:25;710;1023;710;;796
03:16:26;710;1023;710;;792
03:16:26;710;1023;710;;792
03:16:27;710;1023;710;;796
03:16:27;710;1023;710;;796
03:16:28;710;1023;710;;796
03:16:28;710;1023;710;;792
03:16:29;710;1023;710;;792
03:16:29;710;1023;710;;792
03:16:30;710;1023;710;;792
03:16:30;710;1023;710;;796
03:16:31;710;1023;710;;792
03:16:31;710;1023;710;;796
03:16:32;710;1023;710;;796
03:16:32;710;1023;710;;792
03:16:33;710;1023;710;;792
03:16:33;710;1023;710;;792
03:16:34;710;1023;710;;792
03:16:34;710;1023;710;;792
03:16:35;710;1023;710;;792
03:16:35;710;1023;710;;792
03:16:36;710;1023;710;;792
03:16:36;710;1023;710;;796
03:16:37;710;1023;710;;868
03:16:37;710;1023;710;;1236
03:16:38;710;1023;710;;2608
03:16:38;710;1023;710;;4168
03:16:39;710;1023;710;;944
03:16:39;710;1023;710;;652
03:16:40;710;1023;710;;656
03:16:40;710;1023;710;;740
03:16:41;710;1023;710;;1184
