01:00:00;693;1014;693;;692
01:00:00;693;1014;693;;692
01:00:01;693;1014;693;;696
01:00:01;693;1014;693;;692
01:00:02;693;1014;693;;692
01:00:02;693;1014;693;;692
01:00:03;693;1014;693;;692
01:00:03;693;1014;693;;696
01:00:04;693;1014;693;;688
01:00:04;693;1014;693;;692
01:00:05;693;1014;693;;692
01:00:05;693;1014;693;;692
01:00:06;693;1014;693;;692
01:00:06;693;1014;693;;696
01:00:07;693;1014;693;;696
01:00:07;693;1014;693;;692
01:00:08;693;1014;693;;696
01:00:08;693;1014;693;;692
01:00:09;693;1014;693;;692
01:00:09;693;1014;693;;692
01:00:10;693;1014;693;;692
01:00:10;693;1014;693;;696
01:00:11;693;1014;693;;692
01:00:11;693;1014;693;;692
01:00:12;693;1014;693;;692
01:00:12;693;1014;693;;692
01:00:13;693;1014;693;;696
01:00:13;693;1014;693;;696
01:00:14;693;1014;693;;696
01:00:14;693;1014;693;;696
01:00:15;693;1014;693;;696
01:00:15;693;1014;693;;692
01:00:16;693;1014;693;;696
01:00:16;693;1014;693;;692
01:00:17;693;1014;693;;696
01:00:17;693;1014;693;;692
01:00:18;693;1014;693;;692
01:00:18;693;1014;693;;696
01:00:19;693;1014;693;;696
01:00:19;693;1014;693;;692
01:00:20;693;1014;693;;692
01:00:20;693;1014;693;;696
01:00:21;693;1014;693;;692
01:00:21;693;1014;693;;700
01:00:22;693;1014;693;;692
01:00:22;693;1014;693;;692
01:00:23;692;1014;693;;692
01:00:23;692;1014;693;;692
01:00:24;693;1014;693;;696
01:00:24;693;1014;693;;692
01:00:25;693;1014;693;;692
01:00:25;693;1014;693;;692
01:00:26;693;1014;693;;692
01:00:26;693;1014;693;;696
01:00:27;693;1014;693;;692
01:00:27;693;1014;693;;696
01:00:28;693;1014;693;;696
01:00:28;693;1014;693;;692
01:00:29;692;1014;693;;696
01:00:29;692;1014;693;;696
01:00:30;692;1014;693;;692
01:00:30;692;1014;693;;692
01:00:31;692;1014;693;;696
01:00:31;692;1014;693;;692
01:00:32;692;1014;693;;692
01:00:32;692;1014;693;;692
01:00:33;692;1014;693;;692
01:00:33;692;1014;693;;692
01:00:34;692;1014;693;;696
01:00:34;692;1014;693;;692
01:00:35;693;1014;693;;696
01:00:35;693;1014;693;;692
01:00:36;692;1014;693;;692
01:00:36;692;1014;693;;692
01:00:37;692;1014;693;;692
01:00:37;692;1014;693;;696
01:00:38;693;1014;693;;692
01:00:38;693;1014;693;;692
01:00:39;693;1014;693;;692
01:00:39;693;1014;693;;692
01:00:40;693;1014;692;;692
01:00:40;693;1014;692;;696
01:00:41;692;1014;693;;692
01:00:41;692;1014;693;;692
01:00:42;692;1014;693;;692
01:00:42;692;1014;693;;692
01:00:43;693;1014;693;;692
01:00:43;693;1014;693;;696
01:00:44;692;1014;693;;696
01:00:44;692;1014;693;;696
01:00:45;693;1014;693;;696
01:00:45;693;1014;693;;696
01:00:46;692;1014;693;;692
01:00:46;692;1014;693;;696
01:00:47;692;1014;693;;696
01:00:47;692;1014;693;;696
01:00:48;692;1014;693;;696
01:00:48;692;1014;693;;692
01:00:49;692;1014;692;;696
01:00:49;692;1014;692;;696
01:00:50;692;1014;693;;692
01:00:50;692;1014;693;;692
01:00:51;692;1014;692;;696
01:00:51;692;1014;692;;692
01:00:52;692;1014;693;;692
01:00:52;692;1014;693;;696
01:00:53;692;1014;693;;692
01:00:53;692;1014;693;;696
01:00:54;692;1014;693;;696
01:00:54;692;1014;693;;692
01:00:55;692;1014;693;;692
01:00:55;692;1014;693;;692
01:00:56;692;1014;692;;692
01:00:56;692;1014;692;;696
01:00:57;692;1014;693;;692
01:00:57;692;1014;693;;692
01:00:58;692;1013;692;;692
01:00:58;692;1013;692;;692
01:00:59;692;1012;692;;692
01:00:59;692;1012;692;;696
01:01:00;692;1012;692;;692
01:01:00;692;1012;692;;692
01:01:01;692;1012;692;;696
01:01:01;692;1012;692;;696
01:01:02;692;1012;692;;696
01:01:02;692;1012;692;;696
01:01:03;692;1012;692;;692
01:01:03;692;1012;692;;692
01:01:04;692;1012;692;;696
01:01:04;692;1012;692;;696
01:01:05;692;1012;692;;696
01:01:05;692;1012;692;;700
01:01:06;692;1012;692;;692
01:01:06;692;1012;692;;692
01:01:07;692;1012;692;;692
01:01:07;692;1012;692;;696
01:01:08;692;1012;692;;692
01:01:08;692;1012;692;;696
01:01:09;692;1012;692;;696
01:01:09;692;1012;692;;692
01:01:10;692;1012;692;;692
01:01:10;692;1012;692;;692
01:01:11;692;1012;692;;692
01:01:11;692;1012;692;;696
01:01:12;692;1012;692;;692
01:01:12;692;1012;692;;696
01:01:13;692;1012;692;;692
01:01:13;692;1012;692;;692
01:01:14;692;1012;692;;692
01:01:14;692;1012;692;;692
01:01:15;692;1012;692;;692
01:01:15;692;1012;692;;696
01:01:16;692;1012;692;;692
01:01:16;692;1012;692;;696
01:01:17;692;1012;692;;692
01:01:17;692;1012;692;;692
01:01:18;692;1012;692;;696
01:01:18;692;1012;692;;692
01:01:19;692;1012;692;;692
01:01:19;692;1012;692;;692
01:01:20;692;1013;692;;692
01:01:20;692;1013;692;;692
01:01:21;692;1012;692;;692
01:01:21;692;1012;692;;692
01:01:22;692;1012;692;;696
01:01:22;692;1012;692;;692
01:01:23;692;1012;692;;696
01:01:23;692;1012;692;;696
01:01:24;692;1012;692;;692
01:01:24;692;1012;692;;692
01:01:25;692;1012;692;;696
01:01:25;692;1012;692;;692
01:01:26;692;1012;692;;696
01:01:26;692;1012;692;;692
01:01:27;692;1013;692;;692
01:01:27;692;1013;692;;692
01:01:28;692;1012;692;;692
01:01:28;692;1012;692;;696
01:01:29;692;1012;692;;692
01:01:29;692;1012;692;;692
01:01:30;692;1012;692;;692
01:01:30;692;1012;692;;696
01:01:31;692;1012;692;;692
01:01:31;692;1012;692;;696
01:01:32;692;1012;692;;692
01:01:32;692;1012;692;;696
01:01:33;692;1012;692;;692
01:01:33;692;1012;692;;692
01:01:34;692;1012;692;;696
01:01:34;692;1012;692;;696
01:01:35;692;1012;692;;692
01:01:35;692;1012;692;;696
01:01:36;692;1012;692;;692
01:01:36;692;1012;692;;692
01:01:37;692;1012;692;;696
01:01:37;692;1012;692;;696
01:01:38;692;1012;692;;692
01:01:38;692;1012;692;;692
01:01:39;692;1012;692;;688
01:01:39;692;1012;692;;696
01:01:40;692;1012;692;;692
01:01:40;692;1012;692;;692
01:01:41;692;1012;692;;692
01:01:41;692;1012;692;;692
01:01:42;691;1011;691;;692
01:01:42;691;1011;691;;692
01:01:43;691;1011;692;;692
01:01:43;691;1011;692;;692
01:01:44;691;1011;691;;696
01:01:44;691;1011;691;;692
01:01:45;691;1011;691;;692
01:01:45;691;1011;691;;692
01:01:46;691;1011;691;;692
01:01:46;691;1011;691;;692
01:01:47;691;1011;691;;700
01:01:47;691;1011;691;;692
01:01:48;691;1011;691;;692
01:01:48;691;1011;691;;692
01:01:49;691;1011;691;;696
01:01:49;691;1011;691;;692
01:01:50;691;1011;691;;692
01:01:50;691;1011;691;;692
01:01:51;691;1011;691;;696
01:01:51;691;1011;691;;688
01:01:52;691;1011;691;;696
01:01:52;691;1011;691;;696
01:01:53;691;1011;691;;696
01:01:53;691;1011;691;;696
01:01:54;691;1011;691;;692
01:01:54;691;1011;691;;696
01:01:55;691;1011;691;;692
01:01:55;691;1011;691;;696
01:01:56;691;1011;691;;688
01:01:56;691;1011;691;;696
01:01:57;691;1011;691;;696
01:01:57;691;1011;691;;692
01:01:58;691;1011;691;;696
01:01:58;691;1011;691;;692
01:01:59;691;1011;691;;692
01:01:59;691;1011;691;;692
01:02:00;691;1011;691;;692
01:02:00;691;1011;691;;696
01:02:01;691;1011;691;;696
01:02:01;691;1011;691;;696
01:02:02;691;1011;691;;696
01:02:02;691;1011;691;;692
01:02:03;691;1011;691;;696
01:02:03;691;1011;691;;696
01:02:04;691;1011;691;;692
01:02:04;691;1011;691;;692
01:02:05;691;1011;691;;696
01:02:05;691;1011;691;;696
01:02:06;691;1011;691;;696
01:02:06;691;1011;691;;700
01:02:07;691;1011;691;;696
01:02:07;691;1011;691;;696
01:02:08;691;1010;691;;692
01:02:08;691;1010;691;;696
01:02:09;691;1010;691;;692
01:02:09;691;1010;691;;696
01:02:10;691;1010;691;;696
01:02:10;691;1010;691;;696
01:02:11;691;1010;691;;692
01:02:11;691;1010;691;;692
01:02:12;691;1010;691;;692
01:02:12;691;1010;691;;696
01:02:13;691;1010;691;;692
01:02:13;691;1010;691;;696
01:02:14;691;1010;691;;696
01:02:14;691;1010;691;;696
01:02:15;691;1010;691;;696
01:02:15;691;1010;691;;696
01:02:16;691;1010;691;;696
01:02:16;691;1010;691;;692
01:02:17;691;1010;691;;692
01:02:17;691;1010;691;;696
01:02:18;691;1010;691;;696
01:02:18;691;1010;691;;692
01:02:19;691;1010;691;;696
01:02:19;691;1010;691;;692
01:02:20;691;1011;691;;696
01:02:20;691;1011;691;;692
01:02:21;691;1010;691;;692
01:02:21;691;1010;691;;692
01:02:22;691;1010;691;;692
01:02:22;691;1010;691;;692
01:02:23;691;1010;691;;692
01:02:23;691;1010;691;;696
01:02:24;691;1010;691;;696
01:02:24;691;1010;691;;696
01:02:25;691;1010;691;;696
01:02:25;691;1010;691;;696
01:02:26;691;1010;691;;692
01:02:26;691;1010;691;;696
01:02:27;691;1010;691;;692
01:02:27;691;1010;691;;692
01:02:28;691;1010;691;;692
01:02:28;691;1010;691;;696
01:02:29;691;1010;691;;696
01:02:29;691;1010;691;;692
01:02:30;691;1010;691;;696
01:02:30;691;1010;691;;692
01:02:31;691;1010;691;;692
01:02:31;691;1010;691;;688
01:02:32;691;1010;691;;696
01:02:32;691;1010;691;;696
01:02:33;691;1010;691;;692
01:02:33;691;1010;691;;696
01:02:34;691;1010;691;;692
01:02:34;691;1010;691;;696
01:02:35;691;1010;691;;696
01:02:35;691;1010;691;;692
01:02:36;691;1010;691;;696
01:02:36;691;1010;691;;692
01:02:37;691;1010;691;;692
01:02:37;691;1010;691;;692
01:02:38;691;1010;691;;700
01:02:38;691;1010;691;;692
01:02:39;691;1010;691;;692
01:02:39;691;1010;691;;696
01:02:40;691;1010;691;;692
01:02:40;691;1010;691;;692
01:02:41;691;1010;691;;692
01:02:41;691;1010;691;;696
01:02:42;691;1010;691;;696
01:02:42;691;1010;691;;696
01:02:43;691;1010;691;;692
01:02:43;691;1010;691;;692
01:02:44;691;1010;691;;692
01:02:44;691;1010;691;;692
01:02:45;691;1010;691;;692
01:02:45;691;1010;691;;692
01:02:46;691;1010;691;;692
01:02:46;691;1010;691;;692
01:02:47;691;1010;691;;692
01:02:47;691;1010;691;;692
01:02:48;691;1010;691;;688
01:02:48;691;1010;691;;696
01:02:49;691;1010;691;;696
01:02:49;691;1010;691;;692
01:02:50;691;1010;691;;692
01:02:50;691;1010;691;;692
01:02:51;691;1010;691;;692
01:02:51;691;1010;691;;696
01:02:52;691;1010;691;;692
01:02:52;691;1010;691;;692
01:02:53;691;1010;691;;692
01:02:53;691;1010;691;;692
01:02:54;691;1010;691;;696
01:02:54;691;1010;691;;696
01:02:55;691;1010;691;;696
01:02:55;691;1010;691;;692
01:02:56;691;1010;691;;696
01:02:56;691;1010;691;;696
01:02:57;691;1010;691;;692
01:02:57;691;1010;691;;692
01:02:58;691;1010;691;;696
01:02:58;691;1010;691;;692
01:02:59;691;1010;691;;696
01:02:59;691;1010;691;;696
01:03:00;691;1010;691;;692
01:03:00;691;1010;691;;696
01:03:01;691;1010;691;;692
01:03:01;691;1010;691;;692
01:03:02;691;1010;691;;692
01:03:02;691;1010;691;;696
01:03:03;691;1010;691;;696
01:03:03;691;1010;691;;692
01:03:04;691;1010;691;;688
01:03:04;691;1010;691;;692
01:03:05;691;1010;691;;692
01:03:05;691;1010;691;;692
01:03:06;691;1010;691;;692
01:03:06;691;1010;691;;692
01:03:07;691;1010;691;;692
01:03:07;691;1010;691;;692
01:03:08;691;1010;691;;692
01:03:08;691;1010;691;;692
01:03:09;691;1010;691;;692
01:03:10;691;1010;691;;696
01:03:10;691;1010;691;;692
01:03:11;691;1010;691;;692
01:03:11;691;1010;691;;696
01:03:12;691;1010;691;;696
01:03:12;691;1010;691;;692
01:03:13;691;1010;691;;692
01:03:13;691;1010;691;;692
01:03:14;691;1010;691;;696
01:03:14;691;1010;691;;696
01:03:15;691;1010;691;;696
01:03:15;691;1010;691;;696
01:03:16;691;1010;691;;692
01:03:16;691;1010;691;;692
01:03:17;691;1010;691;;696
01:03:17;691;1010;691;;696
01:03:18;691;1010;691;;692
01:03:18;691;1010;691;;692
01:03:19;691;1010;691;;692
01:03:19;691;1010;691;;692
01:03:20;691;1010;691;;696
01:03:20;691;1010;691;;696
01:03:21;691;1010;691;;692
01:03:21;691;1010;691;;696
01:03:22;691;1010;691;;696
01:03:22;691;1010;691;;692
01:03:23;691;1010;691;;688
01:03:23;691;1010;691;;692
01:03:24;691;1010;691;;688
01:03:24;691;1010;691;;696
01:03:25;691;1010;691;;696
01:03:25;691;1010;691;;692
01:03:26;691;1010;691;;692
01:03:26;691;1010;691;;692
01:03:27;691;1010;691;;700
01:03:27;691;1010;691;;692
01:03:28;691;1010;691;;696
01:03:28;691;1010;691;;696
01:03:29;691;1010;691;;692
01:03:29;691;1010;691;;696
01:03:30;691;1010;691;;692
01:03:30;691;1010;691;;704
01:03:31;691;1010;691;;692
01:03:31;691;1010;691;;692
01:03:32;691;1010;691;;692
01:03:32;691;1010;691;;692
01:03:33;691;1010;691;;696
01:03:33;691;1010;691;;692
01:03:34;691;1010;691;;688
01:03:34;691;1010;691;;696
01:03:35;691;1010;691;;692
01:03:35;691;1010;691;;692
01:03:36;691;1010;691;;688
01:03:36;691;1010;691;;692
01:03:37;691;1010;691;;696
01:03:37;691;1010;691;;696
01:03:38;691;1010;691;;692
01:03:38;691;1010;691;;692
01:03:39;691;1010;691;;696
01:03:39;691;1010;691;;696
01:03:40;691;1010;691;;688
01:03:40;691;1010;691;;692
01:03:41;691;1010;691;;692
01:03:41;691;1010;691;;692
01:03:42;691;1010;691;;696
01:03:42;691;1010;691;;696
01:03:43;691;1010;691;;692
01:03:43;691;1010;691;;692
01:03:44;691;1010;691;;692
01:03:44;691;1010;691;;692
01:03:45;691;1010;691;;696
01:03:45;691;1010;691;;692
01:03:46;691;1010;691;;692
01:03:46;691;1010;691;;696
01:03:47;691;1010;691;;696
01:03:47;691;1010;691;;696
01:03:48;691;1010;691;;696
01:03:48;691;1010;691;;692
01:03:49;691;1010;691;;696
01:03:49;691;1010;691;;688
01:03:50;691;1010;691;;692
01:03:50;691;1010;691;;696
01:03:51;691;1010;691;;692
01:03:51;691;1010;691;;696
01:03:52;691;1010;691;;692
01:03:52;691;1010;691;;696
01:03:53;691;1010;691;;692
01:03:53;691;1010;691;;692
01:03:54;691;1010;691;;696
01:03:54;691;1010;691;;692
01:03:55;691;1010;691;;696
01:03:55;691;1010;691;;688
01:03:56;691;1010;691;;692
01:03:56;691;1010;691;;692
01:03:57;691;1010;691;;696
01:03:57;691;1010;691;;696
01:03:58;691;1010;691;;696
01:03:58;691;1010;691;;692
01:03:59;691;1010;691;;692
01:03:59;691;1010;691;;700
01:04:00;691;1010;691;;696
01:04:00;691;1010;691;;696
01:04:01;691;1010;691;;696
01:04:01;691;1010;691;;692
01:04:02;691;1010;691;;692
01:04:02;691;1010;691;;692
01:04:03;691;1010;691;;696
01:04:03;691;1010;691;;696
01:04:04;691;1010;691;;696
01:04:04;691;1010;691;;696
01:04:05;691;1010;691;;692
01:04:05;691;1010;691;;696
01:04:06;691;1010;691;;688
01:04:06;691;1010;691;;688
01:04:07;691;1010;691;;692
01:04:07;691;1010;691;;692
01:04:08;691;1010;691;;696
01:04:08;691;1010;691;;696
01:04:09;691;1010;691;;696
01:04:09;691;1010;691;;692
01:04:10;691;1010;691;;692
01:04:10;691;1010;691;;692
01:04:11;691;1010;691;;700
01:04:11;691;1010;691;;696
01:04:12;691;1010;691;;692
01:04:12;691;1010;691;;696
01:04:13;691;1010;691;;696
01:04:13;691;1010;691;;692
01:04:14;691;1010;691;;692
01:04:14;691;1010;691;;696
01:04:15;691;1010;691;;692
01:04:15;691;1010;691;;696
01:04:16;691;1010;691;;692
01:04:16;691;1010;691;;692
01:04:17;691;1010;691;;692
01:04:17;691;1010;691;;696
01:04:18;691;1010;691;;692
01:04:18;691;1010;691;;692
01:04:19;691;1010;691;;692
01:04:19;691;1010;691;;696
01:04:20;691;1010;691;;692
01:04:20;691;1010;691;;692
01:04:21;691;1010;691;;696
01:04:21;691;1010;691;;692
01:04:22;691;1010;691;;692
01:04:22;691;1010;691;;692
01:04:23;691;1010;691;;692
01:04:23;691;1010;691;;692
01:04:24;691;1010;691;;692
01:04:24;691;1010;691;;692
01:04:25;691;1010;691;;692
01:04:25;691;1010;691;;696
01:04:26;691;1010;691;;696
01:04:26;691;1010;691;;696
01:04:27;691;1010;691;;692
01:04:27;691;1010;691;;692
01:04:28;691;1010;691;;696
01:04:28;691;1010;691;;696
01:04:29;691;1009;691;;692
01:04:29;691;1009;691;;692
01:04:30;690;1009;690;;692
01:04:30;690;1009;690;;692
01:04:31;690;1008;690;;696
01:04:31;690;1008;690;;696
01:04:32;690;1008;690;;696
01:04:39;688;1005;688;;692
01:04:39;688;1005;688;;692
01:04:40;688;1000;687;;692
01:04:51;686;1003;687;;692
01:04:52;687;1003;687;;692
01:05:09;685;1000;686;;692
01:05:09;685;1000;686;;692
