17:48:25;570;636;571;;7592
17:48:25;570;636;571;;728
17:48:26;570;635;570;;7972
17:48:26;570;635;570;;7876
17:48:27;570;634;570;;7976
17:48:27;570;634;570;;7900
17:48:28;569;633;569;;7952
17:48:28;569;633;569;;7852
17:48:29;569;633;569;;7900
17:48:29;569;633;569;;7924
17:48:30;569;632;569;;7948
17:48:30;569;632;569;;7948
17:48:31;569;632;569;;7848
17:48:31;569;632;569;;8276
17:48:32;568;632;569;;7976
17:48:32;568;632;569;;8028
17:48:33;568;631;568;;8328
17:48:34;568;631;568;;7824
17:48:34;568;631;568;;7900
17:48:35;568;631;568;;8000
17:48:35;568;631;568;;7900
17:48:36;568;631;568;;8176
17:48:36;568;631;568;;7976
17:48:37;568;630;568;;7976
17:48:37;568;630;568;;7900
17:48:38;568;630;568;;7900
17:48:38;568;630;568;;7824
17:48:39;568;630;568;;7976
17:48:39;568;630;568;;7852
17:48:40;568;630;568;;7924
17:48:40;568;630;568;;7900
17:48:41;568;630;568;;7948
17:48:41;568;630;568;;7852
17:48:42;567;629;568;;8000
17:48:42;567;629;568;;7872
17:48:43;567;629;567;;7824
17:48:43;567;629;567;;8104
17:48:44;567;629;567;;7900
17:48:44;567;629;567;;7896
17:48:45;567;629;567;;7852
17:48:45;567;629;567;;7948
17:48:46;567;629;567;;7852
17:48:46;567;629;567;;7924
17:48:47;567;629;567;;8328
17:48:47;567;629;567;;7976
17:48:48;567;629;567;;7948
17:48:48;567;629;567;;7976
17:48:49;567;629;567;;7848
17:48:49;567;629;567;;7976
17:48:50;567;629;567;;7972
17:48:50;567;629;567;;7924
17:48:51;567;629;567;;7904
17:48:51;567;629;567;;7852
17:48:52;567;628;567;;7872
17:48:52;567;628;567;;7928
17:48:53;567;628;567;;7896
17:48:53;567;628;567;;7976
17:48:54;567;628;567;;7824
17:48:54;567;628;567;;7900
17:48:55;567;628;567;;7980
17:48:55;567;628;567;;7796
17:48:56;567;628;567;;7848
17:48:56;567;628;567;;7900
17:48:57;567;628;567;;8024
17:48:57;567;628;567;;7848
17:48:58;567;628;567;;7896
17:48:58;567;628;567;;7996
17:48:59;567;628;567;;7900
17:48:59;567;628;567;;7852
17:49:00;566;628;567;;7900
17:49:00;566;628;567;;7848
17:49:01;566;627;566;;7900
17:49:01;566;627;566;;7876
17:49:02;566;628;567;;7976
17:49:02;566;628;567;;7848
17:49:03;566;628;567;;7976
17:49:03;566;628;567;;7848
17:49:04;566;627;566;;7872
17:49:04;566;627;566;;7876
17:49:05;566;627;566;;7848
17:49:05;566;627;566;;8024
17:49:06;566;627;566;;8056
17:49:06;566;627;566;;7880
17:49:07;566;627;566;;7848
17:49:07;566;627;566;;7880
17:49:08;566;627;566;;7824
17:49:08;566;627;566;;7872
17:49:09;566;627;566;;7856
17:49:09;566;627;566;;7900
17:49:10;566;627;566;;7904
17:49:10;566;627;566;;7924
17:49:11;566;627;566;;7856
17:49:11;566;627;566;;7952
17:49:12;566;627;566;;7848
17:49:12;566;627;566;;7972
17:49:13;566;627;566;;7872
17:49:13;566;627;566;;7848
17:49:14;566;627;566;;7852
17:49:15;566;627;566;;7980
17:49:15;566;627;566;;8056
17:49:16;566;626;566;;7928
17:49:16;566;626;566;;7824
17:49:17;566;627;566;;7924
17:49:17;566;627;566;;8028
17:49:18;566;627;566;;7900
17:49:18;566;627;566;;7980
17:49:19;566;626;566;;7976
17:49:19;566;626;566;;8460
17:49:20;566;626;566;;7904
17:49:20;566;626;566;;7848
17:49:21;566;627;566;;7848
17:49:21;566;627;566;;7900
17:49:22;566;626;566;;7804
17:49:22;566;626;566;;7972
17:49:23;566;626;566;;8076
17:49:23;566;626;566;;7880
17:49:24;566;627;566;;8080
17:49:24;566;627;566;;8100
17:49:25;566;626;566;;7960
17:49:25;566;626;566;;7928
17:49:26;566;626;566;;7948
17:49:26;566;626;566;;7928
17:49:27;566;626;566;;7960
17:49:27;566;626;566;;7848
17:49:28;566;626;566;;7928
17:49:28;566;626;566;;7824
17:49:29;566;626;566;;8152
17:49:29;566;626;566;;8000
17:49:30;566;626;566;;7828
17:49:30;566;626;566;;8128
17:49:31;566;626;566;;8256
17:49:31;566;626;566;;7976
17:49:32;566;626;566;;7976
17:49:32;566;626;566;;7924
17:49:33;566;626;566;;7904
17:49:33;566;626;566;;7852
17:49:34;566;626;566;;8328
17:49:34;566;626;566;;7848
17:49:35;566;626;566;;7876
17:49:35;566;626;566;;7852
17:49:36;566;626;566;;7928
17:49:36;566;626;566;;8008
17:49:37;565;625;566;;7976
17:49:37;565;625;566;;7952
17:49:38;566;626;566;;7924
17:49:38;566;626;566;;7928
17:49:39;565;626;565;;7952
17:49:39;565;626;565;;7924
17:49:40;565;625;565;;8024
17:49:40;565;625;565;;7924
17:49:41;565;626;566;;7876
17:49:41;565;626;566;;7824
17:49:42;565;625;565;;7848
17:49:42;565;625;565;;7900
17:49:43;565;625;565;;7800
17:49:43;565;625;565;;7828
17:49:44;565;626;566;;7848
17:49:44;565;626;566;;8004
17:49:45;565;625;565;;7852
17:49:45;565;625;565;;7800
17:49:46;565;625;565;;7952
17:49:46;565;625;565;;8052
17:49:47;565;626;566;;7852
17:49:47;565;626;566;;8000
17:49:48;565;625;565;;7928
17:49:48;565;625;565;;7848
17:49:49;565;625;565;;7800
17:49:49;565;625;565;;7972
17:49:50;565;625;565;;7900
17:49:50;565;625;565;;7904
17:49:51;565;625;565;;8024
17:49:51;565;625;565;;7852
17:49:52;565;625;565;;7872
17:49:52;565;625;565;;7948
17:49:53;565;625;565;;7900
17:49:53;565;625;565;;7848
17:49:54;565;625;565;;7948
17:49:55;565;625;565;;8028
17:49:55;565;625;565;;7852
17:49:56;565;625;565;;7848
17:49:56;565;625;565;;7952
17:49:57;565;625;565;;7900
17:49:57;565;625;565;;7976
17:49:58;565;625;565;;7900
17:49:58;565;625;565;;7880
17:49:59;565;625;565;;7852
17:49:59;565;625;565;;7952
17:50:00;565;625;565;;7800
17:50:00;565;625;565;;7900
17:50:01;565;625;565;;7976
17:50:01;565;625;565;;7952
17:50:02;565;625;565;;8024
17:50:02;565;625;565;;8028
17:50:03;565;625;565;;7876
17:50:03;565;625;565;;8048
17:50:04;565;625;565;;7928
17:50:04;565;625;565;;7820
17:50:05;565;625;565;;7852
17:50:05;565;625;565;;7872
17:50:06;565;625;565;;7848
17:50:06;565;625;565;;8028
17:50:07;565;625;565;;7876
17:50:07;565;625;565;;7796
17:50:08;565;624;565;;7900
17:50:08;565;624;565;;7948
17:50:09;565;625;565;;7924
17:50:09;565;625;565;;7852
17:50:10;565;625;565;;7848
17:50:10;565;625;565;;7948
17:50:11;565;624;565;;7976
17:50:11;565;624;565;;7952
17:50:12;565;625;565;;7848
17:50:12;565;625;565;;7876
17:50:13;565;624;565;;7900
17:50:13;565;624;565;;7876
17:50:14;565;624;565;;7900
17:50:14;565;624;565;;8076
17:50:15;565;624;565;;7824
17:50:15;565;624;565;;7928
17:50:16;565;624;565;;7820
17:50:16;565;624;565;;7876
17:50:17;565;624;565;;7844
17:50:17;565;624;565;;7872
17:50:18;565;625;565;;8104
17:50:18;565;625;565;;8352
17:50:19;565;624;565;;7876
17:50:19;565;624;565;;7976
17:50:20;565;624;565;;7948
17:50:20;565;624;565;;7976
17:50:21;565;624;565;;7980
17:50:21;565;624;565;;7928
17:50:22;565;624;565;;7924
17:50:22;565;624;565;;7976
17:50:23;565;624;565;;7904
17:50:23;565;624;565;;7900
17:50:24;565;624;565;;8000
17:50:24;565;624;565;;7924
17:50:25;565;624;565;;7952
17:50:25;565;624;565;;7824
17:50:26;565;624;565;;7824
17:50:26;565;624;565;;7880
17:50:27;565;624;565;;7800
17:50:27;565;624;565;;7928
17:50:28;565;624;565;;7876
17:50:28;565;624;565;;7900
17:50:29;565;624;565;;7880
17:50:29;565;624;565;;7880
17:50:30;565;624;565;;7780
17:50:30;565;624;565;;7900
17:50:31;565;624;565;;8028
17:50:31;565;624;565;;8276
17:50:32;565;624;565;;7824
17:50:32;565;624;565;;7824
17:50:33;565;624;565;;7872
17:50:33;565;624;565;;8352
17:50:34;565;624;565;;7996
17:50:34;565;624;565;;8000
17:50:35;565;624;565;;7848
17:50:36;565;624;565;;7848
17:50:36;565;624;565;;7896
17:50:37;564;624;565;;7872
17:50:37;564;624;565;;7848
17:50:38;564;624;565;;7848
17:50:38;564;624;565;;7776
17:50:39;564;624;564;;8000
17:50:39;564;624;564;;7952
17:50:40;564;624;565;;7976
17:50:40;564;624;565;;7976
17:50:41;564;624;564;;7924
17:50:41;564;624;564;;7928
17:50:42;564;624;565;;8228
17:50:42;564;624;565;;7900
17:50:43;564;624;565;;7956
17:50:43;564;624;565;;7848
17:50:44;564;624;564;;7928
17:50:44;564;624;564;;7876
17:50:45;564;624;565;;7800
17:50:45;564;624;565;;8028
17:50:46;564;624;565;;7960
17:50:46;564;624;565;;7976
17:50:47;564;624;564;;7952
17:50:47;564;624;564;;8000
17:50:48;564;624;565;;7928
17:50:48;564;624;565;;7976
17:50:49;564;623;564;;7876
17:50:49;564;623;564;;7876
17:50:50;564;623;564;;7976
17:50:50;564;623;564;;7900
17:50:51;564;624;565;;7980
17:50:51;564;624;565;;7976
17:50:52;564;623;564;;7928
17:50:52;564;623;564;;7848
17:50:53;564;623;564;;7876
17:50:53;564;623;564;;7900
17:50:54;564;624;564;;7824
17:50:54;564;624;564;;7928
17:50:55;564;623;564;;7796
17:50:55;564;623;564;;7800
17:50:56;564;624;564;;7976
17:50:56;564;624;564;;7980
17:50:57;564;623;564;;7900
17:50:57;564;623;564;;7900
17:50:58;564;623;564;;7948
17:50:58;564;623;564;;7848
17:50:59;564;624;564;;7952
17:50:59;564;624;564;;7972
17:51:00;564;623;564;;7848
17:51:00;564;623;564;;7900
17:51:01;564;623;564;;7852
17:51:01;564;623;564;;8180
17:51:02;564;623;564;;7876
17:51:02;564;623;564;;7896
17:51:03;564;623;564;;7876
17:51:03;564;623;564;;7876
17:51:04;564;623;564;;7828
17:51:04;564;623;564;;7876
17:51:05;564;623;564;;7848
17:51:05;564;623;564;;7876
17:51:06;564;623;564;;7924
17:51:06;564;623;564;;7900
17:51:07;564;623;564;;7980
17:51:07;564;623;564;;7796
17:51:08;564;623;564;;7872
17:51:08;564;623;564;;8028
17:51:09;564;623;564;;7900
17:51:09;564;623;564;;7876
17:51:10;564;623;564;;7824
17:51:10;564;623;564;;7900
17:51:11;564;623;564;;8004
17:51:11;564;623;564;;8000
17:51:12;564;623;564;;7928
17:51:12;564;623;564;;7924
17:51:13;564;623;564;;7952
17:51:13;564;623;564;;7972
17:51:14;564;623;564;;7824
17:51:14;564;623;564;;7924
17:51:15;564;623;564;;7876
17:51:16;564;623;564;;8100
17:51:16;564;623;564;;7824
17:51:17;564;623;564;;7800
17:51:17;564;623;564;;7880
17:51:18;564;623;564;;7976
17:51:18;564;623;564;;7952
17:51:19;564;623;564;;8028
17:51:19;564;623;564;;7876
17:51:20;564;623;564;;7852
17:51:20;564;623;564;;7976
17:51:21;564;623;564;;7848
17:51:21;564;623;564;;7796
17:51:22;564;623;564;;7924
17:51:22;564;623;564;;8076
17:51:22;564;623;564;;7928
17:51:23;564;623;564;;7924
17:51:23;564;623;564;;7852
17:51:24;564;623;564;;7976
17:51:24;564;623;564;;7900
17:51:25;564;623;564;;7848
17:51:25;564;623;564;;7952
17:51:26;564;623;564;;7848
17:51:26;564;623;564;;7876
17:51:27;564;623;564;;7852
17:51:27;564;623;564;;7852
17:51:28;564;623;564;;7900
17:51:28;564;623;564;;7852
17:51:29;564;623;564;;7972
17:51:29;564;623;564;;7872
17:51:30;564;622;564;;7848
17:51:30;564;622;564;;7880
17:51:31;564;623;564;;7924
17:51:31;564;623;564;;8076
17:51:32;564;622;564;;7976
17:51:32;564;622;564;;7900
17:51:33;564;622;564;;7924
17:51:33;564;622;564;;8000
17:51:34;564;623;564;;7952
17:51:34;564;623;564;;7960
17:51:35;564;622;564;;7876
17:51:36;564;623;564;;7852
17:51:36;564;623;564;;7976
17:51:37;564;623;564;;7852
17:51:37;564;623;564;;7848
17:51:38;564;622;564;;7876
17:51:38;564;622;564;;7928
17:51:39;564;622;564;;7800
17:51:39;564;622;564;;7852
17:51:40;564;622;564;;7876
17:51:40;564;622;564;;7900
17:51:41;564;622;564;;7976
17:51:41;564;622;564;;8032
17:51:42;564;623;564;;7876
17:51:42;564;623;564;;8352
17:51:43;564;622;564;;7924
17:51:43;564;622;564;;7928
17:51:44;564;622;564;;7952
17:51:44;564;622;564;;8000
17:51:45;564;622;564;;7976
17:51:45;564;622;564;;8004
17:51:46;564;622;564;;8400
17:51:46;564;622;564;;7976
17:51:47;564;622;564;;7928
17:51:47;564;622;564;;7924
17:51:48;564;622;564;;7876
17:51:48;564;622;564;;7848
17:51:49;564;622;564;;7972
17:51:49;564;622;564;;7948
17:51:50;564;622;564;;7852
17:51:50;564;622;564;;7848
17:51:51;564;622;564;;7952
17:51:51;564;622;564;;7876
17:51:52;564;622;564;;7924
17:51:52;564;622;564;;7900
17:51:53;564;622;564;;7828
17:51:53;564;622;564;;7824
17:51:54;564;622;564;;7952
17:51:54;564;622;564;;7876
17:51:55;564;622;564;;7848
17:51:55;564;622;564;;7956
17:51:56;564;622;564;;7928
17:51:56;564;622;564;;7948
17:51:57;564;622;564;;7852
17:51:57;564;622;564;;7876
17:51:58;564;622;564;;7872
17:51:58;564;622;564;;7924
17:51:59;564;622;564;;7900
17:51:59;564;622;564;;7872
17:52:00;563;622;564;;8004
17:52:00;563;622;564;;8076
17:52:01;563;622;564;;7852
17:52:01;563;622;564;;7828
17:52:02;563;622;564;;7848
17:52:02;563;622;564;;7952
17:52:03;563;622;564;;7952
17:52:03;563;622;564;;7900
17:52:04;563;622;564;;7876
17:52:04;563;622;564;;7928
17:52:05;563;622;564;;7948
17:52:05;563;622;564;;7848
17:52:06;563;622;564;;7924
17:52:06;563;622;564;;7928
17:52:07;563;622;563;;8004
17:52:07;563;622;563;;7924
17:52:08;563;622;564;;7900
17:52:08;563;622;564;;7928
17:52:09;563;622;564;;7976
17:52:09;563;622;564;;7972
17:52:10;563;622;563;;7876
17:52:10;563;622;563;;7896
17:52:11;563;622;564;;7824
17:52:11;563;622;564;;7848
17:52:12;563;622;563;;7900
17:52:12;563;622;563;;7824
17:52:13;563;622;564;;7976
17:52:13;563;622;564;;7876
17:52:14;563;622;563;;7876
17:52:14;563;622;563;;7900
17:52:15;563;622;563;;7952
17:52:15;563;622;563;;7900
17:52:16;563;622;564;;7876
17:52:17;563;622;563;;8072
17:52:17;563;622;563;;7876
17:52:18;563;622;563;;7876
17:52:18;563;622;563;;7848
17:52:19;563;622;564;;7848
17:52:19;563;622;564;;7924
17:52:20;563;622;563;;8028
17:52:20;563;622;563;;7924
17:52:21;563;622;563;;7880
17:52:21;563;622;563;;7880
17:52:22;563;622;563;;7796
17:52:22;563;622;563;;7972
17:52:23;563;621;563;;7824
17:52:23;563;621;563;;8000
17:52:24;563;622;563;;7900
17:52:24;563;622;563;;7828
17:52:25;563;622;563;;7800
17:52:25;563;622;563;;7924
17:52:26;563;621;563;;7876
17:52:26;563;621;563;;7876
17:52:27;563;622;563;;7924
17:52:27;563;622;563;;7828
17:52:28;563;621;563;;7824
17:52:28;563;621;563;;7976
17:52:29;563;622;563;;7904
17:52:29;563;622;563;;7876
17:52:30;563;622;563;;7848
17:52:30;563;622;563;;7900
17:52:31;563;621;563;;7852
17:52:31;563;621;563;;7904
17:52:32;563;622;563;;7824
17:52:32;563;622;563;;7924
17:52:33;563;621;563;;7852
17:52:33;563;621;563;;7928
17:52:34;563;621;563;;7924
17:52:34;563;621;563;;7976
17:52:35;563;622;563;;7900
17:52:35;563;622;563;;7828
17:52:36;563;621;563;;7856
17:52:36;563;621;563;;7872
17:52:37;563;621;563;;7924
17:52:37;563;621;563;;8096
17:52:38;563;621;563;;7876
17:52:38;563;621;563;;8428
17:52:39;563;621;563;;7976
17:52:39;563;621;563;;7904
17:52:40;563;622;563;;7844
17:52:40;563;622;563;;8156
17:52:41;563;621;563;;7872
17:52:41;563;621;563;;7800
17:52:42;563;621;563;;7896
17:52:42;563;621;563;;7824
17:52:43;563;621;563;;7924
17:52:43;563;621;563;;7824
17:52:44;563;621;563;;7948
17:52:44;563;621;563;;7880
17:52:45;563;622;563;;7852
17:52:45;563;622;563;;8000
17:52:46;563;621;563;;7956
17:52:46;563;621;563;;7924
17:52:47;563;621;563;;7828
17:52:47;563;621;563;;8100
17:52:48;563;621;563;;7876
17:52:48;563;621;563;;8052
17:52:49;563;621;563;;7972
17:52:49;563;621;563;;7972
17:52:50;563;621;563;;7872
17:52:50;563;621;563;;7848
17:52:51;563;621;563;;7900
17:52:51;563;621;563;;8000
17:52:52;563;621;563;;7880
17:52:52;563;621;563;;7820
17:52:53;563;621;563;;8304
17:52:53;563;621;563;;7828
17:52:54;563;621;563;;7852
17:52:54;563;621;563;;7880
17:52:55;563;621;563;;7828
17:52:55;563;621;563;;7800
17:52:56;563;621;563;;7880
17:52:57;563;621;563;;7828
17:52:57;563;621;563;;7848
17:52:58;563;621;563;;7828
17:52:58;563;621;563;;7928
17:52:59;563;621;563;;7848
17:52:59;563;621;563;;7924
17:53:00;563;621;563;;7820
17:53:00;563;621;563;;8000
17:53:01;563;621;563;;7904
17:53:01;563;621;563;;7876
17:53:02;563;621;563;;7876
17:53:02;563;621;563;;7848
17:53:03;563;621;563;;7924
17:53:03;563;621;563;;7900
17:53:04;563;621;563;;7924
17:53:04;563;621;563;;8028
17:53:05;563;621;563;;7896
17:53:05;563;621;563;;7972
17:53:06;563;621;563;;7924
17:53:06;563;621;563;;7820
17:53:07;563;621;563;;8000
17:53:07;563;621;563;;7824
17:53:08;563;621;563;;7848
17:53:08;563;621;563;;7876
17:53:09;563;621;563;;8024
17:53:09;563;621;563;;8004
17:53:10;563;621;563;;8000
17:53:10;563;621;563;;7924
17:53:11;563;621;563;;7872
17:53:11;563;621;563;;7824
17:53:12;563;621;563;;7924
17:53:12;563;621;563;;7872
17:53:13;563;621;563;;8000
17:53:13;563;621;563;;7852
17:53:14;563;621;563;;7900
17:53:14;563;621;563;;7924
17:53:15;563;621;563;;7848
17:53:15;563;621;563;;8004
17:53:16;563;621;563;;7952
17:53:16;563;621;563;;8004
17:53:17;563;621;563;;7876
17:53:17;563;621;563;;7872
17:53:18;563;621;563;;7920
17:53:18;563;621;563;;7976
17:53:19;563;621;563;;7976
17:53:19;563;621;563;;7900
17:53:20;563;621;563;;7900
17:53:20;563;621;563;;7960
17:53:21;563;621;563;;8000
17:53:21;563;621;563;;8052
17:53:22;563;621;563;;8000
17:53:22;563;621;563;;7924
17:53:23;563;621;563;;7876
17:53:23;563;621;563;;7824
17:53:24;563;621;563;;8224
17:53:24;563;621;563;;7904
17:53:25;563;621;563;;7824
17:53:25;563;621;563;;7896
17:53:26;563;621;563;;7780
17:53:26;563;621;563;;8256
17:53:27;563;621;563;;7952
17:53:27;563;621;563;;7876
17:53:28;563;621;563;;7960
17:53:28;563;621;563;;7952
17:53:29;563;621;563;;7824
17:53:29;563;621;563;;7848
17:53:30;563;621;563;;7952
17:53:30;563;621;563;;7900
17:53:31;563;621;563;;7900
17:53:31;563;621;563;;7872
17:53:32;563;621;563;;7952
17:53:32;563;621;563;;8004
17:53:33;563;621;563;;7952
17:53:33;563;621;563;;7976
17:53:34;563;621;563;;7824
17:53:34;563;621;563;;7952
17:53:35;563;621;563;;7876
17:53:35;563;621;563;;7872
17:53:36;563;621;563;;7848
17:53:36;563;621;563;;7924
17:53:37;563;621;563;;7872
17:53:38;563;621;563;;8052
17:53:38;563;621;563;;8008
17:53:39;563;621;563;;7876
17:53:39;563;621;563;;7900
17:53:40;563;621;563;;7872
17:53:40;563;621;563;;7920
17:53:41;563;620;563;;7848
17:53:41;563;620;563;;7872
17:53:42;563;621;563;;7924
17:53:42;563;621;563;;8004
17:53:43;563;620;563;;7876
17:53:43;563;620;563;;7976
17:53:44;563;620;563;;7848
17:53:44;563;620;563;;7896
17:53:45;563;621;563;;7848
17:53:45;563;621;563;;8300
17:53:46;563;620;563;;7824
17:53:46;563;620;563;;8000
17:53:47;563;621;563;;7872
17:53:47;563;621;563;;7900
17:53:48;563;621;563;;8000
17:53:48;563;621;563;;7904
17:53:49;563;620;563;;8156
17:53:49;563;620;563;;7924
17:53:50;563;621;563;;8004
17:53:50;563;621;563;;7852
17:53:51;563;620;563;;7872
17:53:51;563;620;563;;7852
17:53:52;563;620;563;;8024
17:53:52;563;620;563;;8076
17:53:53;562;620;563;;7900
17:53:53;562;620;563;;8028
17:53:54;563;620;563;;7848
17:53:54;563;620;563;;7824
17:53:55;563;620;563;;8004
17:53:55;563;620;563;;7952
17:53:56;563;621;563;;7904
17:53:56;563;621;563;;7924
17:53:57;563;620;563;;7848
17:53:57;563;620;563;;7852
17:53:58;562;620;563;;7872
17:53:58;562;620;563;;7872
17:53:59;562;620;563;;7952
17:53:59;562;620;563;;7900
17:54:00;562;620;563;;8224
17:54:00;562;620;563;;7900
17:54:01;562;621;563;;7924
17:54:01;562;621;563;;7952
17:54:02;562;620;563;;7872
17:54:02;562;620;563;;7824
17:54:03;562;620;563;;7828
17:54:03;562;620;563;;7972
17:54:04;562;620;563;;7948
17:54:04;562;620;563;;7896
17:54:05;562;620;563;;7956
17:54:05;562;620;563;;7824
17:54:06;562;620;563;;7852
17:54:06;562;620;563;;7900
17:54:07;562;620;563;;7872
17:54:07;562;620;563;;7876
17:54:08;562;620;563;;7976
17:54:08;562;620;563;;8048
17:54:09;562;620;563;;7952
17:54:09;562;620;563;;7900
17:54:10;562;620;563;;8200
17:54:10;562;620;563;;7924
17:54:11;562;620;563;;7876
17:54:11;562;620;563;;7876
17:54:12;562;620;563;;7824
17:54:12;562;620;563;;7852
17:54:13;562;620;562;;7904
17:54:13;562;620;562;;7900
17:54:14;562;620;563;;7900
17:54:14;562;620;563;;7924
17:54:15;562;620;563;;7876
17:54:15;562;620;563;;8152
17:54:16;562;620;562;;8100
17:54:16;562;620;562;;7880
17:54:17;562;620;563;;7932
17:54:18;562;620;562;;7928
17:54:18;562;620;562;;7872
17:54:19;562;620;562;;7824
17:54:19;562;620;562;;8052
17:54:20;562;620;563;;7924
17:54:20;562;620;563;;7852
17:54:21;562;620;563;;8148
17:54:21;562;620;563;;7824
17:54:22;562;620;562;;7900
17:54:22;562;620;562;;7824
17:54:23;562;620;563;;7948
17:54:23;562;620;563;;7900
17:54:24;562;620;562;;7976
17:54:24;562;620;562;;8028
17:54:25;562;620;562;;7872
17:54:25;562;620;562;;7772
17:54:26;562;620;563;;7952
17:54:26;562;620;563;;7952
17:54:27;562;620;562;;7824
17:54:27;562;620;562;;8100
17:54:28;562;620;563;;8352
17:54:28;562;620;563;;7876
17:54:29;562;620;562;;7948
17:54:29;562;620;562;;7924
17:54:30;562;620;562;;7872
17:54:30;562;620;562;;7952
17:54:31;562;620;562;;7820
17:54:31;562;620;562;;7924
17:54:32;562;620;562;;8428
17:54:32;562;620;562;;7896
17:54:33;562;620;562;;7872
17:54:33;562;620;562;;7824
17:54:34;562;620;562;;7948
17:54:34;562;620;562;;7900
17:54:35;562;620;562;;7880
17:54:35;562;620;562;;7796
17:54:36;562;620;562;;7848
17:54:36;562;620;562;;7952
17:54:37;562;620;562;;7924
17:54:37;562;620;562;;7896
17:54:38;562;620;562;;7900
17:54:38;562;620;562;;7872
17:54:39;562;620;562;;7900
17:54:39;562;620;562;;7904
17:54:40;562;620;562;;8024
17:54:40;562;620;562;;8028
17:54:41;562;620;562;;7856
17:54:41;562;620;562;;7948
17:54:42;562;620;562;;7928
17:54:42;562;620;562;;7852
17:54:43;562;620;562;;8024
17:54:43;562;620;562;;7904
17:54:44;562;620;562;;7872
17:54:44;562;620;562;;7824
17:54:45;562;620;562;;7872
17:54:45;562;620;562;;7900
17:54:46;562;620;562;;7948
17:54:46;562;620;562;;7924
17:54:47;562;620;562;;8076
17:54:47;562;620;562;;7876
17:54:48;562;620;562;;7924
17:54:48;562;620;562;;7824
17:54:49;562;620;562;;7976
17:54:49;562;620;562;;7900
17:54:50;562;620;562;;7948
17:54:50;562;620;562;;8000
17:54:51;562;620;562;;8000
17:54:51;562;620;562;;7828
17:54:52;562;619;562;;7820
17:54:52;562;619;562;;7980
17:54:53;562;620;562;;7824
17:54:53;562;620;562;;7900
17:54:54;562;620;562;;7872
17:54:54;562;620;562;;7924
17:54:55;562;620;562;;7900
17:54:55;562;620;562;;8000
17:54:56;562;620;562;;7848
17:54:56;562;620;562;;8276
17:54:57;562;619;562;;8052
17:54:57;562;619;562;;7900
17:54:58;562;620;562;;7900
17:54:59;562;620;562;;7948
17:54:59;562;620;562;;7976
17:55:00;562;620;562;;7876
17:55:00;562;620;562;;7900
17:55:01;562;619;562;;7924
17:55:01;562;619;562;;7852
17:55:02;562;620;562;;7928
17:55:02;562;620;562;;7952
17:55:03;562;619;562;;7876
17:55:03;562;619;562;;8100
17:55:04;562;620;562;;7896
17:55:04;562;620;562;;7876
17:55:05;562;620;562;;7952
17:55:05;562;620;562;;7952
17:55:06;562;619;562;;7900
17:55:06;562;619;562;;7824
17:55:07;562;620;562;;7844
17:55:07;562;620;562;;7928
17:55:08;562;620;562;;7872
17:55:08;562;620;562;;8124
17:55:09;562;619;562;;7948
17:55:09;562;619;562;;8076
17:55:10;562;620;562;;8376
17:55:10;562;620;562;;7948
17:55:11;562;619;562;;7796
17:55:11;562;619;562;;7900
17:55:12;562;619;562;;7852
17:55:12;562;619;562;;7876
17:55:13;562;620;562;;7920
17:55:13;562;620;562;;8432
17:55:14;562;619;562;;7904
17:55:14;562;619;562;;7948
17:55:15;562;620;562;;7872
17:55:15;562;620;562;;7928
17:55:16;562;620;562;;7848
17:55:16;562;620;562;;7848
17:55:17;562;619;562;;7872
17:55:17;562;619;562;;7900
17:55:18;562;619;562;;7824
17:55:18;562;619;562;;7996
17:55:19;562;620;562;;7876
17:55:19;562;620;562;;7820
17:55:20;562;619;562;;8076
17:55:20;562;619;562;;7824
17:55:21;562;620;562;;8176
17:55:21;562;620;562;;7872
17:55:22;562;619;562;;7848
17:55:22;562;619;562;;7824
17:55:23;562;619;562;;7876
17:55:23;562;619;562;;7828
17:55:24;562;620;562;;7956
17:55:24;562;620;562;;7876
17:55:25;562;619;562;;7824
17:55:25;562;619;562;;7976
17:55:26;562;619;562;;7952
17:55:26;562;619;562;;7948
17:55:27;562;620;562;;8000
17:55:27;562;620;562;;7852
17:55:28;562;619;562;;7872
17:55:28;562;619;562;;7900
17:55:29;562;619;562;;7900
17:55:29;562;619;562;;7876
17:55:30;562;619;562;;7900
17:55:30;562;619;562;;7872
17:55:31;562;619;562;;7952
17:55:31;562;619;562;;7900
17:55:32;562;619;562;;7948
17:55:32;562;619;562;;7948
17:55:33;562;619;562;;8456
17:55:33;562;619;562;;7952
17:55:34;562;619;562;;7948
17:55:34;562;619;562;;7876
17:55:35;562;619;562;;7852
17:55:35;562;619;562;;7952
17:55:36;562;619;562;;7852
17:55:36;562;619;562;;7924
17:55:37;562;619;562;;7928
17:55:37;562;619;562;;7852
17:55:38;562;620;562;;7796
17:55:39;562;619;562;;7924
17:55:39;562;619;562;;7880
17:55:40;562;619;562;;7924
17:55:40;562;619;562;;7900
17:55:41;562;619;562;;7948
17:55:41;562;619;562;;7824
17:55:42;562;619;562;;7844
17:55:42;562;619;562;;7900
17:55:43;562;619;562;;7844
17:55:43;562;619;562;;7948
17:55:44;562;619;562;;7872
17:55:44;562;619;562;;7976
17:55:45;562;619;562;;7876
17:55:45;562;619;562;;8128
17:55:46;562;619;562;;7900
17:55:46;562;619;562;;8104
17:55:47;562;619;562;;7900
17:55:47;562;619;562;;7848
17:55:48;562;619;562;;7848
17:55:48;562;619;562;;7872
17:55:49;562;619;562;;7848
17:55:49;562;619;562;;7904
17:55:50;562;619;562;;7872
17:55:50;562;619;562;;7848
17:55:51;562;619;562;;7848
17:55:51;562;619;562;;7872
17:55:52;562;619;562;;7824
17:55:52;562;619;562;;7828
17:55:53;562;619;562;;7852
17:55:53;562;619;562;;7948
17:55:54;562;619;562;;8124
17:55:54;562;619;562;;7896
17:55:55;562;619;562;;7848
17:55:55;562;619;562;;7928
17:55:56;562;619;562;;7876
17:55:56;562;619;562;;8100
17:55:57;562;619;562;;7852
17:55:57;562;619;562;;7900
17:55:58;562;619;562;;7900
17:55:58;562;619;562;;8052
17:55:59;562;619;562;;8176
17:55:59;562;619;562;;7952
17:56:00;562;619;562;;7876
17:56:00;562;619;562;;8024
17:56:01;562;619;562;;7904
17:56:01;562;619;562;;7952
17:56:02;562;619;562;;7872
17:56:02;562;619;562;;7828
17:56:03;562;619;562;;7848
17:56:03;562;619;562;;7948
17:56:04;562;619;562;;7952
17:56:04;562;619;562;;7948
17:56:05;562;619;562;;7800
17:56:05;562;619;562;;7976
17:56:06;562;619;562;;8000
17:56:06;562;619;562;;7976
17:56:07;562;619;562;;7824
17:56:07;562;619;562;;7948
17:56:08;562;619;562;;7900
17:56:08;562;619;562;;7900
17:56:09;562;619;562;;7900
17:56:09;562;619;562;;7828
17:56:10;562;619;562;;7848
17:56:10;562;619;562;;7948
17:56:11;562;619;562;;7796
17:56:11;562;619;562;;7872
17:56:12;562;619;562;;8224
17:56:12;562;619;562;;7976
17:56:13;562;619;562;;8004
17:56:13;562;619;562;;7852
17:56:14;562;619;562;;7900
17:56:14;562;619;562;;7896
17:56:15;562;619;562;;7880
17:56:15;562;619;562;;7900
17:56:16;562;619;562;;7848
17:56:16;562;619;562;;7900
17:56:17;562;619;562;;8028
17:56:17;562;619;562;;7848
17:56:18;562;619;562;;7856
17:56:18;562;619;562;;7824
17:56:19;562;619;562;;7872
17:56:20;562;619;562;;7948
17:56:20;562;619;562;;8100
17:56:21;562;619;562;;7876
17:56:21;562;619;562;;7896
17:56:22;561;619;562;;7800
17:56:22;561;619;562;;7852
17:56:23;561;619;562;;7900
17:56:23;561;619;562;;7848
17:56:24;561;619;562;;7948
17:56:24;561;619;562;;7852
17:56:25;561;619;562;;7848
17:56:25;561;619;562;;8076
17:56:26;561;619;562;;8048
17:56:26;561;619;562;;7976
17:56:27;561;619;562;;7900
17:56:27;561;619;562;;7872
17:56:28;561;618;562;;7952
17:56:28;561;618;562;;7820
17:56:29;561;619;562;;7924
17:56:29;561;619;562;;7976
17:56:30;561;619;562;;7852
17:56:30;561;619;562;;7900
17:56:31;561;618;562;;7976
17:56:31;561;618;562;;8048
17:56:32;561;619;562;;7952
17:56:32;561;619;562;;7900
17:56:33;561;618;562;;7952
17:56:33;561;618;562;;7800
17:56:34;561;618;561;;7948
17:56:34;561;618;561;;7848
17:56:35;561;619;562;;8000
17:56:35;561;619;562;;7852
17:56:36;561;619;562;;7872
17:56:36;561;619;562;;7824
17:56:37;561;618;562;;8024
17:56:37;561;618;562;;7996
17:56:38;561;619;562;;7872
17:56:38;561;619;562;;7852
17:56:39;561;618;561;;7872
17:56:39;561;618;561;;7872
17:56:40;561;618;561;;7952
17:56:40;561;618;561;;8004
17:56:41;561;619;562;;7948
17:56:41;561;619;562;;7900
17:56:42;561;618;561;;7900
17:56:42;561;618;561;;7948
17:56:43;561;618;561;;7876
17:56:43;561;618;561;;7852
17:56:44;561;619;562;;7824
17:56:44;561;619;562;;7928
17:56:45;561;618;561;;7824
17:56:45;561;618;561;;7848
17:56:46;561;618;562;;7824
17:56:46;561;618;562;;7876
17:56:47;561;618;561;;7824
17:56:47;561;618;561;;7952
17:56:48;561;618;561;;8360
17:56:48;561;618;561;;7976
17:56:49;561;618;561;;7900
17:56:49;561;618;561;;7948
17:56:50;561;618;561;;7796
17:56:50;561;618;561;;7876
17:56:51;561;618;561;;7824
17:56:51;561;618;561;;8000
17:56:52;561;618;562;;7824
17:56:52;561;618;562;;8000
17:56:53;561;618;561;;7876
17:56:53;561;618;561;;7824
17:56:54;561;618;561;;7956
17:56:54;561;618;561;;7828
17:56:55;561;618;561;;7848
17:56:55;561;618;561;;7876
17:56:56;561;618;561;;8024
17:56:56;561;618;561;;8252
17:56:57;561;618;561;;7852
17:56:57;561;618;561;;7900
17:56:58;561;618;562;;7896
17:56:58;561;618;562;;7900
17:56:59;561;618;561;;7872
17:57:00;561;618;561;;7876
17:57:00;561;618;561;;7952
17:57:01;561;618;561;;7824
17:57:01;561;618;561;;7948
17:57:02;561;618;561;;7896
17:57:02;561;618;561;;7952
17:57:03;561;618;561;;7852
17:57:03;561;618;561;;7952
17:57:04;561;618;561;;7820
17:57:04;561;618;561;;7824
17:57:05;561;618;561;;7872
17:57:05;561;618;561;;7976
17:57:06;561;618;561;;7924
17:57:06;561;618;561;;8300
17:57:07;561;618;561;;7952
17:57:07;561;618;561;;10148
17:57:08;561;618;561;;2192
17:57:08;561;618;561;;8272
17:57:09;561;618;561;;4640
17:57:09;561;618;561;;8000
17:57:10;561;618;561;;7896
17:57:10;561;618;561;;7924
17:57:11;561;618;561;;8128
17:57:11;561;618;561;;8448
17:57:12;561;618;561;;8204
17:57:12;561;618;561;;7896
17:57:13;561;618;561;;7876
17:57:13;561;618;561;;8424
17:57:14;561;618;561;;8124
17:57:14;561;618;561;;7976
17:57:15;561;618;561;;8000
17:57:15;561;618;561;;8024
17:57:16;561;618;561;;7976
17:57:16;561;618;561;;7928
17:57:17;561;618;561;;7924
17:57:17;561;618;561;;7976
17:57:18;561;618;561;;8528
17:57:18;561;618;561;;7976
17:57:19;561;618;561;;7948
17:57:19;561;618;561;;7976
17:57:20;561;618;561;;7952
17:57:20;561;618;561;;8124
17:57:21;561;618;561;;8028
17:57:21;561;618;561;;8148
17:57:22;561;618;561;;8456
17:57:22;561;618;561;;8524
17:57:23;561;618;561;;7896
17:57:23;561;618;561;;7948
17:57:24;561;618;561;;8072
17:57:24;561;618;561;;7920
17:57:25;561;618;561;;7920
17:57:25;561;618;561;;7976
17:57:26;561;618;561;;7920
17:57:26;561;618;561;;8372
17:57:27;561;617;561;;8020
17:57:27;561;617;561;;7972
17:57:28;561;617;561;;8456
17:57:28;561;617;561;;8392
17:57:29;560;617;561;;7940
17:57:29;560;617;561;;8420
17:57:30;560;616;560;;8096
17:57:30;560;616;560;;8396
17:57:31;559;615;559;;10148
17:57:31;559;615;559;;8420
17:57:32;559;613;559;;8468
17:57:32;559;613;559;;8020
17:57:33;558;612;558;;8544
17:57:33;558;612;558;;8452
17:57:34;557;611;557;;8016
17:57:34;557;611;557;;8016
17:57:35;557;610;557;;8468
17:57:35;557;610;557;;8524
17:57:36;557;610;557;;10116
17:57:36;557;610;557;;8368
17:57:37;556;609;556;;8396
17:57:37;556;609;556;;8392
17:57:38;556;609;556;;7892
17:57:38;556;609;556;;8068
17:57:39;556;608;556;;7868
17:57:39;556;608;556;;8460
17:57:40;556;608;556;;7844
17:57:41;556;608;556;;7944
17:57:41;556;608;556;;7944
17:57:42;556;608;556;;7992
17:57:42;556;608;556;;7992
17:57:43;556;607;556;;8468
17:57:43;556;607;556;;8416
17:57:44;556;608;556;;7792
17:57:44;556;608;556;;7864
17:57:45;555;607;556;;10184
17:57:45;555;607;556;;7836
17:57:46;555;607;555;;7788
17:57:46;555;607;555;;7760
17:57:47;555;607;555;;7708
17:57:47;555;607;555;;7780
17:57:48;555;607;555;;7836
17:57:48;555;607;555;;7864
17:57:49;555;606;555;;8452
17:57:49;555;606;555;;7808
17:57:50;552;602;552;;7832
17:57:50;552;602;552;;8388
17:57:51;556;609;557;;7888
17:57:51;556;609;557;;7840
17:57:52;558;613;558;;7860
17:57:52;558;613;558;;7860
17:57:53;560;616;560;;7836
17:57:53;560;616;560;;7836
17:57:54;560;617;560;;7784
17:57:54;560;617;560;;7860
17:57:55;561;618;561;;8016
17:57:55;561;618;561;;7808
17:57:56;562;620;562;;7884
17:57:56;562;620;562;;8460
17:57:57;563;623;564;;7956
17:57:57;563;623;564;;7984
17:57:58;568;632;569;;7836
17:57:58;568;632;569;;7860
17:57:59;570;636;571;;8388
17:57:59;570;636;571;;7968
17:58:00;572;638;572;;7988
17:58:00;572;638;572;;7988
17:58:01;572;640;573;;7912
17:58:01;572;640;573;;7816
17:58:02;573;641;573;;8340
17:58:02;573;641;573;;9936
17:58:03;574;642;574;;10036
17:58:03;574;642;574;;7940
17:58:04;574;645;575;;7964
17:58:04;574;645;575;;7988
17:58:05;575;646;575;;7836
17:58:05;575;646;575;;7816
17:58:06;576;648;576;;7784
17:58:06;576;648;576;;7916
17:58:07;577;649;577;;8340
17:58:07;577;649;577;;8268
17:58:08;577;650;577;;7892
17:58:08;577;650;577;;7916
17:58:09;578;652;578;;8168
17:58:09;578;652;578;;7840
17:58:10;579;654;579;;7864
17:58:10;579;654;579;;7864
17:58:11;580;655;580;;7944
17:58:11;580;655;580;;7968
17:58:12;581;659;582;;7988
17:58:12;581;659;582;;8368
17:58:13;590;679;591;;7812
17:58:13;590;679;591;;7868
17:58:14;593;684;593;;7964
17:58:14;593;684;593;;8016
17:58:15;594;688;594;;7940
17:58:15;594;688;594;;7940
17:58:16;595;690;595;;8368
17:58:16;595;690;595;;8016
17:58:17;601;707;602;;7892
17:58:17;601;707;602;;7992
17:58:18;605;715;605;;7840
17:58:18;605;715;605;;7892
17:58:19;603;711;603;;7868
17:58:19;603;711;603;;7968
17:58:20;604;712;604;;7836
17:58:21;611;733;612;;7840
17:58:21;611;733;612;;8020
17:58:22;590;674;588;;7940
17:58:22;590;674;588;;7888
17:58:23;576;648;576;;7868
17:58:23;576;648;576;;7868
17:58:24;576;649;577;;7968
17:58:24;576;649;577;;7972
17:58:25;576;647;576;;7916
17:58:25;576;647;576;;7964
17:58:26;575;645;575;;8416
17:58:26;575;645;575;;7912
17:58:27;574;644;574;;7968
17:58:27;574;644;574;;8372
17:58:28;576;647;576;;8320
17:58:28;576;647;576;;10036
17:58:29;576;648;576;;7912
17:58:29;576;648;576;;8248
17:58:30;576;649;577;;8456
17:58:30;576;649;577;;7968
17:58:31;575;645;575;;8472
17:58:31;575;645;575;;8240
17:58:32;576;648;576;;7892
17:58:32;576;648;576;;8420
17:58:33;577;650;577;;7864
17:58:33;577;650;577;;8320
17:58:34;576;647;576;;8460
17:58:34;576;647;576;;7888
17:58:35;575;646;575;;7940
17:58:35;575;646;575;;8320
17:58:36;577;650;577;;8324
17:58:36;577;650;577;;8296
17:58:37;578;652;578;;8268
17:58:37;578;652;578;;8320
17:58:38;578;652;578;;8268
17:58:38;578;652;578;;8320
17:58:39;577;651;578;;7916
17:58:39;577;651;578;;7944
17:58:40;579;655;579;;8320
17:58:40;579;655;579;;8348
17:58:41;581;658;581;;8344
17:58:41;581;658;581;;8072
17:58:42;581;657;581;;8292
17:58:42;581;657;581;;8368
17:58:43;580;657;580;;8348
17:58:43;580;657;580;;10016
17:58:44;581;660;582;;8296
17:58:44;581;660;582;;7892
17:58:45;582;660;582;;7840
17:58:45;582;660;582;;8372
17:58:46;580;656;580;;7844
17:58:46;580;656;580;;8348
17:58:47;582;660;582;;7948
17:58:47;582;660;582;;8348
17:58:48;583;664;584;;7920
17:58:48;583;664;584;;8296
17:58:49;585;667;585;;8348
17:58:49;585;667;585;;7896
17:58:50;584;665;584;;7868
17:58:50;584;665;584;;7972
17:58:51;585;666;585;;8268
17:58:51;585;666;585;;7868
17:58:52;586;668;586;;7944
17:58:52;586;668;586;;8396
17:58:53;588;674;588;;7972
17:58:53;588;674;588;;7872
17:58:54;586;670;586;;8400
17:58:54;586;670;586;;8296
17:58:55;586;670;586;;9992
17:58:55;586;670;586;;7868
17:58:56;587;672;587;;7992
17:58:56;587;672;587;;7844
17:58:57;589;676;589;;8292
17:58:57;589;676;589;;8372
17:58:58;584;666;585;;7968
17:58:58;584;666;585;;7916
17:58:59;587;671;587;;7944
17:58:59;587;671;587;;7868
17:59:00;588;673;588;;8400
17:59:01;591;681;591;;7820
17:59:01;591;681;591;;8296
17:59:02;589;675;589;;7844
17:59:02;589;675;589;;7920
17:59:03;589;675;589;;7892
17:59:03;589;675;589;;7868
17:59:04;589;676;589;;8528
17:59:04;589;676;589;;7916
17:59:05;593;686;593;;8320
17:59:05;593;686;593;;7992
17:59:06;588;672;587;;8044
17:59:06;588;672;587;;7844
17:59:07;587;671;587;;8248
17:59:07;587;671;587;;7948
17:59:08;590;680;591;;8524
17:59:08;590;680;591;;7892
17:59:09;595;690;595;;8348
17:59:09;595;690;595;;8320
17:59:10;593;686;593;;7820
17:59:10;593;686;593;;7868
17:59:11;592;684;592;;7868
17:59:11;592;684;592;;8324
17:59:12;593;685;593;;8296
17:59:12;593;685;593;;8252
17:59:13;598;698;598;;8396
17:59:13;598;698;598;;7920
17:59:14;598;697;598;;8372
17:59:14;598;697;598;;8320
17:59:15;596;691;596;;8320
17:59:15;596;691;596;;8296
17:59:16;595;691;595;;7996
17:59:16;595;691;595;;7824
17:59:17;600;704;601;;8296
17:59:17;600;704;601;;8268
17:59:18;601;705;601;;7920
17:59:18;601;705;601;;8096
17:59:19;600;702;600;;7920
17:59:19;600;702;600;;7820
17:59:20;599;701;600;;8376
17:59:20;599;701;600;;7968
17:59:21;604;713;604;;7948
17:59:21;604;713;604;;8016
17:59:22;605;714;605;;8424
17:59:22;605;714;605;;8096
17:59:23;602;707;602;;7972
17:59:23;602;707;602;;8016
17:59:24;598;698;598;;7948
17:59:24;598;698;598;;7868
17:59:25;602;709;603;;7976
17:59:25;602;709;603;;10072
17:59:26;604;713;604;;7944
17:59:26;604;713;604;;7920
17:59:27;605;714;605;;8020
17:59:27;605;714;605;;8244
17:59:28;605;716;606;;7896
17:59:28;605;716;606;;7972
17:59:29;609;726;609;;7920
17:59:29;609;726;609;;7996
17:59:30;609;724;609;;7948
17:59:30;609;724;609;;8272
17:59:31;607;721;607;;8368
17:59:31;607;721;607;;7868
17:59:32;607;721;607;;7920
17:59:32;607;721;607;;7924
17:59:33;611;731;611;;7844
17:59:33;611;731;611;;7896
17:59:34;611;732;611;;8296
17:59:34;611;732;611;;8296
17:59:35;611;732;612;;8248
17:59:35;611;732;612;;7844
17:59:36;612;733;612;;8044
17:59:36;612;733;612;;7896
17:59:37;613;738;614;;7872
17:59:37;613;738;614;;7816
17:59:38;614;739;614;;7948
17:59:38;614;739;614;;7992
17:59:39;613;736;613;;8436
17:59:39;613;736;613;;8440
17:59:40;613;738;613;;7920
17:59:41;614;741;615;;7792
17:59:41;614;741;615;;7868
17:59:42;618;751;618;;7868
17:59:42;618;751;618;;7924
17:59:43;615;742;615;;7896
17:59:43;615;742;615;;7824
17:59:44;615;743;616;;8044
17:59:44;615;743;616;;7972
17:59:45;616;744;616;;8344
17:59:45;616;744;616;;8044
17:59:46;619;754;619;;7896
17:59:46;619;754;619;;7896
17:59:47;618;750;618;;7568
17:59:47;618;750;618;;7896
17:59:48;617;747;617;;8424
17:59:48;617;747;617;;8476
17:59:49;617;747;617;;7920
17:59:49;617;747;617;;7896
17:59:50;619;753;619;;7920
17:59:50;619;753;619;;7944
17:59:51;623;765;623;;7920
17:59:51;623;765;623;;8020
17:59:52;616;744;616;;7844
17:59:52;616;744;616;;7920
17:59:53;614;739;614;;7948
17:59:53;614;739;614;;8000
17:59:54;615;741;615;;7924
17:59:54;615;741;615;;8296
17:59:55;621;762;622;;7944
17:59:55;621;762;622;;7896
17:59:56;619;754;619;;8348
17:59:56;619;754;619;;7972
17:59:57;619;753;619;;7920
17:59:57;619;753;619;;7872
17:59:58;620;756;620;;7968
17:59:58;620;756;620;;9968
17:59:59;624;769;624;;8272
17:59:59;624;769;624;;8272
