08:31:23;712;1023;714;;9360
08:31:23;712;1023;714;;9404
08:31:24;714;1023;714;;9380
08:31:24;714;1023;714;;6264
08:31:25;714;1023;714;;9352
08:31:25;714;1023;714;;9360
08:31:26;713;1023;714;;9368
08:31:26;713;1023;714;;9380
08:31:27;713;1023;713;;9384
08:31:27;713;1023;713;;9360
08:31:28;713;1023;713;;9380
08:31:28;713;1023;713;;9364
08:31:29;713;1023;713;;9380
08:31:29;713;1023;713;;9432
08:31:30;713;1023;713;;9412
08:31:30;713;1023;713;;9408
08:31:31;713;1023;713;;9432
08:31:31;713;1023;713;;9456
08:31:32;713;1023;713;;9412
08:31:32;713;1023;713;;9456
08:31:33;713;1023;713;;9380
08:31:33;713;1023;713;;9352
08:31:34;713;1023;713;;9364
08:31:34;713;1023;713;;9388
08:31:35;713;1023;713;;9368
08:31:35;713;1023;713;;9404
08:31:36;713;1023;713;;9372
08:31:36;713;1023;713;;9380
08:31:37;713;1023;713;;9352
08:31:37;713;1023;713;;9380
08:31:38;713;1023;713;;9368
08:31:38;713;1023;713;;9408
08:31:39;713;1023;713;;9384
08:31:39;713;1023;713;;9384
08:31:40;713;1023;713;;9380
08:31:40;713;1023;713;;9484
08:31:41;713;1023;713;;9352
08:31:41;713;1023;713;;9376
08:31:42;713;1023;713;;9380
08:31:42;713;1023;713;;9380
08:31:43;713;1023;713;;9356
08:31:43;713;1023;713;;9380
08:31:44;713;1023;713;;9384
08:31:44;713;1023;713;;9380
08:31:45;713;1023;713;;9356
08:31:46;713;1023;713;;9388
08:31:46;713;1023;713;;9356
08:31:47;713;1023;712;;9408
08:31:47;713;1023;712;;9428
08:31:48;713;1023;712;;9364
08:31:48;713;1023;712;;9356
08:31:49;713;1023;712;;9380
08:31:49;713;1023;712;;9360
08:31:50;712;1023;712;;9376
08:31:50;712;1023;712;;9380
08:31:51;712;1023;712;;9432
08:31:51;712;1023;712;;9376
08:31:52;712;1023;712;;9380
08:31:52;712;1023;712;;9380
08:31:53;712;1023;712;;9356
08:31:53;712;1023;712;;9380
08:31:54;712;1023;712;;9352
08:31:54;712;1023;712;;9328
08:31:55;712;1023;712;;9360
08:31:55;712;1023;712;;9380
08:31:56;712;1023;712;;9372
08:31:56;712;1023;712;;9372
08:31:57;712;1023;712;;9364
08:31:57;712;1023;712;;9404
08:31:58;712;1023;712;;9404
08:31:58;712;1023;712;;9408
08:31:59;712;1023;712;;9380
08:31:59;712;1023;712;;9360
08:32:00;712;1023;712;;9380
08:32:00;712;1023;712;;9508
08:32:01;712;1023;712;;9432
08:32:01;712;1023;712;;9380
08:32:02;712;1023;712;;9384
08:32:02;712;1023;712;;9404
08:32:03;712;1023;712;;9376
08:32:03;712;1023;712;;9380
08:32:04;712;1023;712;;9380
08:32:04;712;1023;712;;9380
08:32:05;712;1023;712;;9372
08:32:05;712;1023;712;;9384
08:32:06;712;1023;712;;9356
08:32:06;712;1023;712;;9408
08:32:07;712;1023;712;;9352
08:32:07;712;1023;712;;9364
08:32:08;712;1023;712;;9384
08:32:08;712;1023;712;;9372
08:32:09;712;1023;712;;9380
08:32:09;712;1023;712;;9352
08:32:10;712;1023;712;;9404
08:32:10;712;1023;712;;9380
08:32:11;712;1023;712;;9356
08:32:11;712;1023;712;;9484
08:32:12;712;1023;712;;9388
08:32:12;712;1023;712;;9380
08:32:13;712;1023;712;;9352
08:32:13;712;1023;712;;9408
08:32:14;712;1023;712;;9356
08:32:14;712;1023;712;;9380
08:32:15;712;1023;712;;9408
08:32:15;712;1023;712;;9356
08:32:16;712;1023;712;;9364
08:32:16;712;1023;712;;9356
08:32:17;712;1023;712;;9356
08:32:17;712;1023;712;;9380
08:32:18;712;1023;712;;9432
08:32:18;712;1023;712;;9484
08:32:19;712;1023;712;;9380
08:32:20;712;1023;712;;9408
08:32:20;712;1023;712;;9356
08:32:21;712;1023;712;;9356
08:32:21;712;1023;712;;9376
08:32:22;712;1023;712;;9380
08:32:22;712;1023;712;;9408
08:32:23;712;1023;712;;9360
08:32:23;712;1023;712;;9460
08:32:24;712;1023;712;;9380
08:32:24;712;1023;712;;9408
08:32:25;712;1023;712;;9376
08:32:25;712;1023;712;;9364
08:32:26;712;1023;712;;9360
08:32:26;712;1023;712;;9376
08:32:27;712;1023;712;;9408
08:32:27;712;1023;712;;9408
08:32:28;712;1023;712;;9376
08:32:28;712;1023;712;;9484
08:32:29;712;1023;712;;9352
08:32:29;712;1023;712;;9380
08:32:30;712;1023;712;;9364
08:32:30;712;1023;712;;9404
08:32:31;712;1023;712;;9460
08:32:31;712;1023;712;;9428
08:32:32;712;1023;712;;9504
08:32:32;712;1023;712;;9380
08:32:33;712;1023;712;;9364
08:32:33;712;1023;712;;9380
08:32:34;712;1023;712;;9356
08:32:34;712;1023;712;;9384
08:32:35;712;1023;712;;9356
08:32:35;712;1023;712;;9408
08:32:36;712;1023;712;;9372
08:32:36;712;1023;712;;9380
08:32:37;712;1023;712;;9380
08:32:37;712;1023;712;;9384
08:32:38;712;1023;712;;9404
08:32:38;712;1023;712;;9368
08:32:39;712;1023;712;;9404
08:32:39;712;1023;712;;9456
08:32:40;712;1023;712;;9356
08:32:40;712;1023;712;;9380
08:32:41;712;1023;712;;9352
08:32:41;712;1023;712;;9380
08:32:42;712;1023;712;;9452
08:32:42;712;1023;712;;9428
08:32:43;712;1023;712;;9364
08:32:43;712;1023;712;;9408
08:32:44;712;1023;712;;9404
08:32:44;712;1023;712;;9352
08:32:45;712;1023;712;;9384
08:32:45;712;1023;712;;9356
08:32:46;712;1023;712;;9384
08:32:46;712;1023;712;;9352
08:32:47;712;1023;712;;9404
08:32:47;712;1023;712;;9404
08:32:48;712;1023;712;;9380
08:32:48;712;1023;712;;9404
08:32:49;712;1023;712;;9356
08:32:49;712;1023;712;;9408
08:32:50;712;1023;712;;9372
08:32:50;712;1023;712;;9380
08:32:51;712;1023;712;;9404
08:32:51;712;1023;712;;9388
08:32:52;712;1023;712;;9404
08:32:53;712;1023;712;;9480
08:32:53;712;1023;712;;9384
08:32:54;712;1023;712;;9352
08:32:54;712;1023;712;;9356
08:32:55;712;1023;712;;9404
08:32:55;712;1023;712;;9400
08:32:56;712;1023;712;;9404
08:32:56;712;1023;712;;9484
08:32:57;712;1023;712;;9404
08:32:57;712;1023;712;;9432
08:32:58;712;1023;712;;9380
08:32:58;712;1023;712;;9404
08:32:59;712;1023;712;;9352
08:32:59;712;1023;712;;9360
08:33:00;712;1023;712;;9404
08:33:00;712;1023;712;;9404
08:33:01;712;1023;712;;9380
08:33:01;712;1023;712;;9352
08:33:02;712;1023;712;;9356
08:33:02;712;1023;712;;9404
08:33:03;712;1023;712;;9380
08:33:03;712;1023;712;;9404
08:33:04;712;1023;712;;9380
08:33:04;712;1023;712;;9352
08:33:05;712;1023;712;;9404
08:33:05;712;1023;712;;9408
08:33:06;712;1023;712;;9376
08:33:06;712;1023;712;;9404
08:33:07;712;1023;712;;9408
08:33:07;712;1023;712;;9364
08:33:08;712;1023;712;;9376
08:33:08;712;1023;712;;9456
08:33:09;712;1023;712;;9360
08:33:09;712;1023;712;;9356
08:33:10;712;1023;712;;9356
08:33:10;712;1023;712;;9404
08:33:11;712;1023;712;;9408
08:33:11;712;1023;712;;9356
08:33:12;712;1023;712;;9436
08:33:12;712;1023;712;;9380
08:33:13;712;1023;712;;9356
08:33:13;712;1023;712;;9484
08:33:14;712;1023;712;;9488
08:33:14;712;1023;712;;9364
08:33:15;712;1023;712;;9352
08:33:15;712;1023;712;;9352
08:33:16;712;1023;712;;9352
08:33:16;712;1023;712;;9384
08:33:17;712;1023;712;;9404
08:33:17;712;1023;712;;9408
08:33:18;712;1023;712;;9356
08:33:18;712;1023;712;;9380
08:33:19;712;1023;712;;9484
08:33:19;712;1023;712;;9380
08:33:20;712;1023;712;;9380
08:33:20;712;1023;712;;9404
08:33:21;712;1023;712;;9404
08:33:21;712;1023;712;;9376
08:33:22;712;1023;712;;9348
08:33:22;712;1023;712;;9400
08:33:23;712;1023;712;;9392
08:33:23;712;1023;712;;9432
08:33:24;712;1023;712;;9380
08:33:24;712;1023;712;;9452
08:33:25;712;1023;712;;9404
08:33:25;712;1023;712;;9428
08:33:26;712;1023;712;;9360
08:33:27;712;1023;712;;9384
08:33:27;712;1023;712;;9408
08:33:28;712;1023;712;;9376
08:33:28;712;1023;712;;9356
08:33:29;712;1023;712;;9408
08:33:29;712;1023;712;;9364
08:33:30;712;1023;712;;9368
08:33:30;712;1023;712;;9376
08:33:31;712;1023;712;;9404
08:33:31;712;1023;712;;9432
08:33:32;712;1023;712;;9380
08:33:32;712;1023;712;;9380
08:33:33;712;1023;712;;9408
08:33:33;712;1023;712;;9356
08:33:34;712;1023;712;;9360
08:33:34;712;1023;712;;9352
08:33:35;712;1023;712;;9360
08:33:35;712;1023;712;;9404
08:33:36;712;1023;712;;9380
08:33:36;712;1023;712;;9352
08:33:37;712;1023;712;;9376
08:33:37;712;1023;712;;9360
08:33:38;712;1023;712;;9380
08:33:38;712;1023;712;;9480
08:33:39;712;1023;712;;9352
08:33:39;712;1023;712;;9460
08:33:40;712;1023;712;;9356
08:33:40;712;1023;712;;9352
08:33:41;712;1023;712;;9452
08:33:41;712;1023;712;;9408
08:33:42;712;1023;712;;9356
08:33:42;712;1023;712;;9404
08:33:43;712;1023;712;;9380
08:33:43;712;1023;712;;9352
08:33:44;711;1023;712;;9428
08:33:44;711;1023;712;;9352
08:33:45;711;1023;712;;9404
08:33:45;711;1023;712;;9352
08:33:46;711;1023;712;;9404
08:33:46;711;1023;712;;9460
08:33:47;711;1023;712;;9404
08:33:47;711;1023;712;;9480
08:33:48;711;1023;712;;9352
08:33:48;711;1023;712;;9404
08:33:49;711;1023;712;;9484
08:33:49;711;1023;712;;9404
08:33:50;711;1023;712;;9408
08:33:50;711;1023;712;;9356
08:33:51;711;1023;712;;9480
08:33:51;711;1023;712;;9380
08:33:52;711;1023;712;;9404
08:33:52;711;1023;712;;9352
08:33:53;711;1023;712;;9380
08:33:53;711;1023;712;;9400
08:33:54;711;1023;712;;9408
08:33:54;711;1023;712;;9360
08:33:55;711;1023;712;;9408
08:33:55;711;1023;712;;9352
08:33:56;711;1023;712;;9380
08:33:56;711;1023;712;;9408
08:33:57;711;1023;712;;9352
08:33:57;711;1023;712;;9376
08:33:58;711;1023;712;;9432
08:33:58;711;1023;712;;9380
08:33:59;711;1023;711;;9380
08:33:59;711;1023;711;;9352
08:34:00;711;1023;711;;9384
08:34:01;711;1023;711;;9432
08:34:01;711;1023;711;;9480
08:34:02;711;1023;711;;9404
08:34:02;711;1023;711;;9360
08:34:03;711;1023;711;;9380
08:34:03;711;1023;711;;9380
08:34:04;711;1023;711;;9356
08:34:04;711;1023;711;;9360
08:34:05;711;1023;711;;9352
08:34:05;711;1023;711;;9408
08:34:06;711;1023;711;;9352
08:34:06;711;1023;711;;9404
08:34:07;711;1023;711;;9356
08:34:07;711;1023;711;;9432
08:34:08;711;1023;711;;9368
08:34:08;711;1023;711;;9428
08:34:09;711;1023;711;;9376
08:34:09;711;1023;711;;9508
08:34:10;711;1023;711;;9428
08:34:10;711;1023;711;;9408
08:34:11;711;1023;711;;9368
08:34:11;711;1023;711;;9404
08:34:12;711;1023;711;;9404
08:34:12;711;1023;711;;9360
08:34:13;711;1023;711;;9388
08:34:13;711;1023;711;;9380
08:34:14;711;1023;711;;9384
08:34:14;711;1023;711;;9352
08:34:15;711;1023;711;;9376
08:34:15;711;1023;711;;9380
08:34:16;711;1023;711;;9380
08:34:16;711;1023;711;;9352
08:34:17;711;1023;711;;9380
08:34:17;711;1023;711;;9380
08:34:18;711;1023;711;;9376
08:34:18;711;1023;711;;9376
08:34:19;711;1023;711;;9364
08:34:19;711;1023;711;;9380
08:34:20;711;1023;711;;9368
08:34:20;711;1023;711;;9404
08:34:21;711;1023;711;;9364
08:34:21;711;1023;711;;9380
08:34:22;711;1023;711;;9408
08:34:22;711;1023;711;;9508
08:34:23;711;1023;711;;9360
08:34:23;711;1023;711;;9408
08:34:24;711;1023;711;;9380
08:34:24;711;1023;711;;9428
08:34:25;711;1023;711;;9384
08:34:25;711;1023;711;;9356
08:34:26;711;1023;711;;9384
08:34:26;711;1023;711;;9380
08:34:27;711;1023;711;;9372
08:34:27;711;1023;711;;9364
08:34:28;711;1023;711;;9372
08:34:28;711;1023;711;;9384
08:34:29;711;1023;711;;9356
08:34:29;711;1023;711;;9432
08:34:30;711;1023;711;;9380
08:34:30;711;1023;711;;9380
08:34:31;711;1023;711;;9376
08:34:31;711;1023;711;;9356
08:34:32;711;1023;711;;9352
08:34:32;711;1023;711;;9456
08:34:33;711;1023;711;;9376
08:34:33;711;1023;711;;9404
08:34:34;711;1023;711;;9352
08:34:35;711;1023;711;;9364
08:34:35;711;1023;711;;9352
08:34:36;711;1023;711;;9384
08:34:36;711;1023;711;;9352
08:34:37;711;1023;711;;9404
08:34:37;711;1023;711;;9484
08:34:38;711;1023;711;;9404
08:34:38;711;1023;711;;9364
08:34:39;711;1023;711;;9384
08:34:39;711;1023;711;;9404
08:34:40;711;1023;711;;9404
08:34:40;711;1023;711;;9376
08:34:41;711;1023;711;;9352
08:34:41;711;1023;711;;9360
08:34:42;711;1023;711;;9428
08:34:42;711;1023;711;;9428
08:34:43;711;1023;711;;9384
08:34:43;711;1023;711;;9372
08:34:44;711;1023;711;;9364
08:34:44;711;1023;711;;9404
08:34:45;711;1023;711;;9404
08:34:45;711;1023;711;;9380
08:34:46;711;1023;711;;9368
08:34:46;711;1023;711;;9484
08:34:47;711;1023;711;;9352
08:34:47;711;1023;711;;9460
08:34:48;711;1023;711;;9380
08:34:48;711;1023;711;;9360
08:34:49;711;1023;711;;9356
08:34:49;711;1023;711;;9460
08:34:50;711;1023;711;;9372
08:34:50;711;1023;711;;9404
08:34:51;711;1023;711;;9404
08:34:51;711;1023;711;;9356
08:34:52;711;1023;711;;9456
08:34:52;711;1023;711;;9352
08:34:53;711;1023;711;;9380
08:34:53;711;1023;711;;9380
08:34:54;711;1023;711;;9364
08:34:54;711;1023;711;;9404
08:34:55;711;1023;711;;9352
08:34:55;711;1023;711;;9352
08:34:56;711;1023;711;;9368
08:34:56;711;1023;711;;9388
08:34:57;711;1023;711;;9352
08:34:57;711;1023;711;;9432
08:34:58;711;1023;711;;9380
08:34:58;711;1023;711;;9360
08:34:59;711;1023;711;;9388
08:34:59;711;1023;711;;9400
08:35:00;711;1023;711;;9404
08:35:00;711;1023;711;;9404
08:35:01;711;1023;711;;9408
08:35:01;711;1023;711;;9408
08:35:02;711;1023;711;;9508
08:35:02;711;1023;711;;9380
08:35:03;711;1023;711;;9364
08:35:03;711;1023;711;;9376
08:35:04;711;1023;711;;9404
08:35:04;711;1023;711;;9380
08:35:05;711;1023;711;;9404
08:35:05;711;1023;711;;9360
08:35:06;711;1023;711;;9404
08:35:06;711;1023;711;;9356
08:35:07;711;1023;711;;9376
08:35:08;711;1023;711;;9408
08:35:08;711;1023;711;;9432
08:35:09;711;1023;711;;9380
08:35:09;711;1023;711;;9364
08:35:10;711;1023;711;;9404
08:35:10;711;1023;711;;9404
08:35:11;711;1023;711;;9508
08:35:11;711;1023;711;;9364
08:35:12;711;1023;711;;9376
08:35:12;711;1023;711;;9348
08:35:13;711;1023;711;;9356
08:35:13;711;1023;711;;9404
08:35:14;711;1023;711;;9352
08:35:14;711;1023;711;;9432
08:35:15;711;1023;711;;9356
08:35:15;711;1023;711;;9432
08:35:16;711;1023;711;;9380
08:35:16;711;1023;711;;9352
08:35:17;711;1023;711;;9432
08:35:17;711;1023;711;;9352
08:35:18;711;1023;711;;9432
08:35:18;711;1023;711;;9348
08:35:19;711;1023;711;;9432
08:35:19;711;1023;711;;9432
08:35:20;711;1023;711;;9408
08:35:20;711;1023;711;;9360
08:35:21;711;1023;711;;9356
08:35:21;711;1023;711;;9404
08:35:22;711;1023;711;;9380
08:35:22;711;1023;711;;9356
08:35:23;711;1023;711;;9356
08:35:23;711;1023;711;;9380
08:35:24;711;1023;711;;9380
08:35:24;711;1023;711;;9384
08:35:25;711;1023;711;;9356
08:35:25;711;1023;711;;9380
08:35:26;711;1023;711;;9348
08:35:26;711;1023;711;;9364
08:35:27;711;1023;711;;9356
08:35:27;711;1023;711;;9380
08:35:28;711;1023;711;;9408
08:35:28;711;1023;711;;9380
08:35:29;711;1023;711;;9408
08:35:29;711;1023;711;;9380
08:35:30;711;1023;711;;9408
08:35:30;711;1023;711;;9484
08:35:31;711;1023;711;;9368
08:35:31;711;1023;711;;9364
08:35:32;711;1023;711;;9380
08:35:32;711;1023;711;;9432
08:35:33;711;1023;711;;9376
08:35:33;711;1023;711;;9380
08:35:34;711;1023;711;;9428
08:35:34;711;1023;711;;9432
08:35:35;711;1023;711;;9360
08:35:35;711;1023;711;;9384
08:35:36;711;1023;711;;9404
08:35:36;711;1023;711;;9380
08:35:37;711;1023;711;;9380
08:35:37;711;1023;711;;9460
08:35:38;711;1023;711;;9508
08:35:38;711;1023;711;;9380
08:35:39;711;1023;711;;9380
08:35:39;711;1023;711;;9432
08:35:40;711;1023;711;;9404
08:35:40;711;1023;711;;9380
08:35:41;711;1023;711;;9480
08:35:42;711;1023;711;;9380
08:35:42;711;1023;711;;9380
08:35:43;711;1023;711;;9356
08:35:43;711;1023;711;;9408
08:35:44;711;1023;711;;9432
08:35:44;711;1023;711;;9380
08:35:45;711;1023;711;;9360
08:35:45;711;1023;711;;9380
08:35:46;711;1023;711;;9432
08:35:46;711;1023;711;;9380
08:35:47;711;1023;711;;9356
08:35:47;711;1023;711;;9432
08:35:48;711;1023;711;;9432
08:35:48;711;1023;711;;9360
08:35:49;711;1023;711;;9356
08:35:49;711;1023;711;;9380
08:35:50;711;1023;711;;9380
08:35:50;711;1023;711;;9456
08:35:51;711;1023;711;;9356
08:35:51;711;1023;711;;9356
08:35:52;711;1023;711;;9456
08:35:52;711;1023;711;;9364
08:35:53;711;1023;711;;9380
08:35:53;711;1023;711;;9356
08:35:54;711;1023;711;;9400
08:35:54;711;1023;711;;9432
08:35:55;711;1023;711;;9380
08:35:55;711;1023;711;;9428
08:35:56;711;1023;711;;9368
08:35:56;711;1023;711;;9432
08:35:57;711;1023;711;;9376
08:35:57;711;1023;711;;9456
08:35:58;711;1023;711;;9380
08:35:58;711;1023;711;;9356
08:35:59;711;1023;711;;9380
08:35:59;711;1023;711;;9456
08:36:00;711;1023;711;;9352
08:36:00;711;1023;711;;9352
08:36:01;711;1023;711;;9380
08:36:01;711;1023;711;;9380
08:36:02;711;1023;711;;9376
08:36:02;711;1023;711;;9380
08:36:03;711;1023;711;;9404
08:36:03;711;1023;711;;9380
08:36:04;711;1023;711;;9384
08:36:04;711;1023;711;;9432
08:36:05;711;1023;711;;9356
08:36:05;711;1023;711;;9380
08:36:06;711;1023;711;;9488
08:36:06;711;1023;711;;9364
08:36:07;711;1023;711;;9380
08:36:07;711;1023;711;;9352
08:36:08;711;1023;711;;9400
08:36:08;711;1023;711;;9504
08:36:09;711;1023;711;;9404
08:36:09;711;1023;711;;9456
08:36:10;711;1023;711;;9404
08:36:10;711;1023;711;;9356
08:36:11;711;1023;711;;9348
08:36:11;711;1023;711;;9352
08:36:12;711;1023;711;;9360
08:36:12;711;1023;711;;9352
08:36:13;711;1023;711;;9380
08:36:13;711;1023;711;;9380
08:36:14;711;1023;711;;9352
08:36:14;711;1023;711;;9376
08:36:15;711;1023;711;;9380
08:36:16;711;1023;711;;9356
08:36:16;711;1023;711;;9376
08:36:17;711;1023;711;;9404
08:36:17;711;1023;711;;9436
08:36:18;711;1023;711;;9480
08:36:18;711;1023;711;;9484
08:36:19;711;1023;711;;9380
08:36:19;711;1023;711;;9404
08:36:20;711;1023;711;;9484
08:36:20;711;1023;711;;9380
08:36:21;711;1023;711;;9432
08:36:21;711;1023;711;;9376
08:36:22;711;1023;711;;9408
08:36:22;711;1023;711;;9432
08:36:23;711;1023;711;;9352
08:36:23;711;1023;711;;9348
08:36:24;711;1023;711;;9352
08:36:24;711;1023;711;;9352
08:36:25;711;1023;711;;9380
08:36:25;711;1023;711;;9380
08:36:26;711;1023;711;;9380
08:36:26;711;1023;711;;9432
08:36:27;711;1023;711;;9384
08:36:27;711;1023;711;;9380
08:36:28;711;1023;711;;9380
08:36:28;711;1023;711;;9380
08:36:29;711;1023;711;;9380
08:36:29;711;1023;711;;9380
08:36:30;711;1023;711;;9380
08:36:30;711;1023;711;;9352
08:36:31;711;1023;711;;9376
08:36:31;711;1023;711;;9432
08:36:32;711;1023;711;;9380
08:36:32;711;1023;711;;9352
08:36:33;711;1023;711;;9428
08:36:33;711;1023;711;;9404
08:36:34;711;1023;711;;9380
08:36:34;711;1023;711;;9380
08:36:35;711;1023;711;;9380
08:36:35;711;1023;711;;9352
08:36:36;711;1023;711;;9408
08:36:36;711;1023;711;;9352
08:36:37;711;1023;711;;9388
08:36:37;711;1023;711;;9380
08:36:38;711;1023;711;;9384
08:36:38;711;1023;711;;9384
08:36:39;711;1023;711;;9380
08:36:39;711;1023;711;;9352
08:36:40;711;1023;711;;9432
08:36:40;711;1023;711;;9356
08:36:41;711;1023;711;;9404
08:36:41;711;1023;711;;9356
08:36:42;711;1023;711;;9408
08:36:42;711;1023;711;;9384
08:36:43;711;1023;711;;9380
08:36:43;711;1023;711;;9432
08:36:44;711;1023;711;;9348
08:36:44;711;1023;711;;9436
08:36:45;711;1023;711;;9356
08:36:45;711;1023;711;;9404
08:36:46;711;1023;711;;9460
08:36:46;711;1023;711;;9376
08:36:47;711;1023;711;;9380
08:36:47;711;1023;711;;9360
08:36:48;711;1023;711;;9360
08:36:49;711;1023;711;;9484
08:36:49;711;1023;711;;9360
08:36:50;711;1023;711;;9456
08:36:50;711;1023;711;;9360
08:36:51;711;1023;711;;9352
08:36:51;711;1023;711;;9484
08:36:52;711;1023;711;;9356
08:36:52;711;1023;711;;9356
08:36:53;711;1023;711;;9380
08:36:53;711;1023;711;;9380
08:36:54;711;1023;711;;9364
08:36:54;711;1023;711;;9380
08:36:55;711;1023;711;;9384
08:36:55;711;1023;711;;9376
08:36:56;711;1023;711;;9380
08:36:56;711;1023;711;;9428
08:36:57;711;1023;711;;9380
08:36:57;711;1023;711;;9352
08:36:58;711;1023;711;;9380
08:36:58;711;1023;711;;9380
08:36:59;711;1023;711;;9356
08:36:59;711;1023;711;;9404
08:37:00;711;1023;711;;9408
08:37:00;711;1023;711;;9380
08:37:01;711;1023;711;;9404
08:37:01;711;1023;711;;9452
08:37:02;711;1023;711;;9484
08:37:02;711;1023;711;;9380
08:37:03;711;1023;711;;9404
08:37:03;711;1023;711;;9364
08:37:04;711;1023;711;;9376
08:37:04;711;1023;711;;9404
08:37:05;711;1023;711;;9380
08:37:05;711;1023;711;;9408
08:37:06;711;1023;711;;9376
08:37:06;711;1023;711;;9404
08:37:07;711;1023;711;;9384
08:37:07;711;1023;711;;9436
08:37:08;711;1023;711;;9376
08:37:08;711;1023;711;;9328
08:37:09;711;1023;711;;9352
08:37:09;711;1023;711;;9356
08:37:10;711;1023;711;;9356
08:37:10;711;1023;711;;9380
08:37:11;711;1023;711;;9484
08:37:11;711;1023;711;;9380
08:37:12;711;1023;711;;9352
08:37:12;711;1023;711;;9360
08:37:13;711;1023;711;;9408
08:37:13;711;1023;711;;9380
08:37:14;711;1023;711;;9380
08:37:14;711;1023;711;;9380
08:37:15;711;1023;711;;9376
08:37:15;711;1023;711;;9404
08:37:16;711;1023;711;;9428
08:37:16;711;1023;711;;9388
08:37:17;711;1023;711;;9428
08:37:17;711;1023;711;;9404
08:37:18;711;1023;711;;9352
08:37:18;711;1023;711;;9352
08:37:19;711;1023;711;;9352
08:37:19;711;1023;711;;9352
08:37:20;711;1023;711;;9376
08:37:20;711;1023;711;;9408
08:37:21;711;1023;711;;9380
08:37:21;711;1023;711;;9432
08:37:22;711;1023;711;;9356
08:37:23;711;1023;711;;9380
08:37:23;711;1023;711;;9376
08:37:24;711;1023;711;;9380
08:37:24;711;1023;711;;9380
08:37:25;711;1023;711;;9328
08:37:25;711;1023;711;;9348
08:37:26;711;1023;711;;9432
08:37:26;711;1023;711;;9360
08:37:27;711;1023;711;;9356
08:37:27;711;1023;711;;9380
08:37:28;711;1023;711;;9356
08:37:28;711;1023;711;;9432
08:37:29;711;1023;711;;9432
08:37:29;711;1023;711;;9364
08:37:30;711;1023;711;;9380
08:37:30;711;1023;711;;9380
08:37:31;711;1023;711;;9380
08:37:31;711;1023;711;;9380
08:37:32;711;1023;711;;9404
08:37:32;711;1023;711;;9404
08:37:33;711;1023;711;;9352
08:37:33;711;1023;711;;9376
08:37:34;711;1023;711;;9408
08:37:34;711;1023;711;;9380
08:37:35;711;1023;711;;9456
08:37:35;711;1023;711;;9380
08:37:36;711;1023;711;;9364
08:37:36;711;1023;711;;9384
08:37:37;711;1023;711;;9408
08:37:37;711;1023;711;;9380
08:37:38;711;1023;711;;9384
08:37:38;711;1023;711;;9360
08:37:39;711;1023;711;;9380
08:37:39;711;1023;711;;9384
08:37:40;711;1023;711;;9480
08:37:40;711;1023;711;;9380
08:37:41;711;1023;711;;9404
08:37:41;711;1023;711;;9364
08:37:42;711;1023;711;;9376
08:37:42;711;1023;711;;9380
08:37:43;711;1023;711;;9356
08:37:43;711;1023;711;;9364
08:37:44;711;1023;711;;9380
08:37:44;711;1023;711;;9404
08:37:45;711;1023;711;;9400
08:37:45;711;1023;711;;9432
08:37:46;711;1023;711;;9380
08:37:46;711;1023;711;;9432
08:37:47;711;1023;711;;9376
08:37:47;711;1023;711;;9380
08:37:48;711;1023;711;;9408
08:37:48;711;1023;711;;9412
08:37:49;711;1023;711;;9404
08:37:49;711;1023;711;;9380
08:37:50;711;1023;711;;9388
08:37:50;711;1023;711;;9428
08:37:51;711;1023;711;;9380
08:37:51;711;1023;711;;9380
08:37:52;711;1023;711;;9408
08:37:52;711;1023;711;;9460
08:37:53;711;1023;711;;9380
08:37:53;711;1023;711;;9380
08:37:54;711;1023;711;;9380
08:37:54;711;1023;711;;9380
08:37:55;711;1023;711;;9376
08:37:55;711;1023;711;;9380
08:37:56;711;1023;711;;9376
08:37:57;711;1023;711;;9404
08:37:57;711;1023;711;;9352
08:37:58;711;1023;711;;9388
08:37:58;711;1023;711;;9380
08:37:59;711;1023;711;;9352
08:37:59;711;1023;711;;9380
08:38:00;711;1023;711;;9484
08:38:00;711;1023;711;;9376
08:38:01;711;1023;711;;9352
08:38:01;711;1023;711;;9352
08:38:02;711;1023;711;;9380
08:38:02;711;1023;711;;9380
08:38:03;711;1023;711;;9348
08:38:03;711;1023;711;;9380
08:38:04;711;1023;711;;9404
08:38:04;711;1023;711;;9404
08:38:05;711;1023;711;;9352
08:38:05;711;1023;711;;9380
08:38:06;711;1023;711;;9380
08:38:06;711;1023;711;;9360
08:38:07;711;1023;711;;9408
08:38:07;711;1023;711;;9384
08:38:08;711;1023;711;;9360
08:38:08;711;1023;711;;9380
08:38:09;711;1023;711;;9376
08:38:09;711;1023;711;;9380
08:38:10;711;1023;711;;9408
08:38:10;711;1023;711;;9376
08:38:11;711;1023;711;;9380
08:38:11;711;1023;711;;9376
08:38:12;711;1023;711;;9380
08:38:12;711;1023;711;;9504
08:38:13;711;1023;711;;9404
08:38:13;711;1023;711;;9376
08:38:14;711;1023;711;;9380
08:38:14;711;1023;711;;9384
08:38:15;711;1023;711;;9352
08:38:15;711;1023;711;;9480
08:38:16;711;1023;711;;9356
08:38:16;711;1023;711;;9380
08:38:17;711;1023;711;;9356
08:38:17;711;1023;711;;9368
08:38:18;711;1023;711;;9404
08:38:18;711;1023;711;;9432
08:38:19;711;1023;711;;9404
08:38:19;711;1023;711;;9380
08:38:20;711;1023;711;;9384
08:38:20;711;1023;711;;9484
08:38:21;711;1023;711;;9380
08:38:21;711;1023;711;;9352
08:38:22;711;1023;711;;9380
08:38:22;711;1023;711;;9380
08:38:23;711;1023;711;;9388
08:38:23;711;1023;711;;9356
08:38:24;711;1023;711;;9352
08:38:24;711;1023;711;;9384
08:38:25;711;1023;711;;9380
08:38:25;711;1023;711;;9388
08:38:26;711;1023;711;;9408
08:38:26;711;1023;711;;9404
08:38:27;711;1023;711;;9376
08:38:27;711;1023;711;;9380
08:38:28;711;1023;711;;9428
08:38:28;711;1023;711;;9380
08:38:29;711;1023;711;;9484
08:38:30;711;1023;711;;9404
08:38:30;711;1023;711;;9380
08:38:31;711;1023;711;;9356
08:38:31;711;1023;711;;9380
08:38:32;711;1023;711;;9428
08:38:32;711;1023;711;;9356
08:38:33;711;1023;711;;9380
08:38:33;711;1023;711;;9484
08:38:34;711;1023;711;;9484
08:38:34;711;1023;711;;9376
08:38:35;711;1023;711;;9380
08:38:35;711;1023;711;;9380
08:38:36;711;1023;711;;9356
08:38:36;711;1023;711;;9372
08:38:37;711;1023;711;;9376
08:38:37;711;1023;711;;9380
08:38:38;711;1023;711;;9384
08:38:38;711;1023;711;;9412
08:38:39;711;1023;711;;9380
08:38:39;711;1023;711;;9380
08:38:40;711;1023;711;;9376
08:38:40;711;1023;711;;9380
08:38:41;711;1023;711;;9484
08:38:41;711;1023;711;;9380
08:38:42;711;1023;711;;9376
08:38:42;711;1023;711;;9432
08:38:43;711;1023;711;;9404
08:38:43;711;1023;711;;9352
08:38:44;711;1023;711;;9356
08:38:44;711;1023;711;;9380
08:38:45;711;1023;711;;9408
08:38:45;711;1023;711;;9388
08:38:46;711;1023;711;;9404
08:38:46;711;1023;711;;9380
08:38:47;711;1023;711;;9380
08:38:47;711;1023;711;;9404
08:38:48;711;1023;711;;9376
08:38:48;711;1023;711;;9376
08:38:49;711;1023;711;;9376
08:38:49;711;1023;711;;9484
08:38:50;711;1023;711;;9376
08:38:50;711;1023;711;;9380
08:38:51;711;1023;711;;9380
08:38:51;711;1023;711;;9356
08:38:52;711;1023;711;;9380
08:38:52;711;1023;711;;9380
08:38:53;711;1023;711;;9380
08:38:53;711;1023;711;;9380
08:38:54;711;1023;711;;9364
08:38:54;711;1023;711;;9384
08:38:55;711;1023;711;;9376
08:38:55;711;1023;711;;9428
08:38:56;711;1023;711;;9432
08:38:56;711;1023;711;;9404
08:38:57;711;1023;711;;9380
08:38:57;711;1023;711;;9380
08:38:58;711;1023;711;;9404
08:38:58;711;1023;711;;9404
08:38:59;711;1023;711;;9404
08:38:59;711;1023;711;;9428
08:39:00;711;1023;711;;9404
08:39:00;711;1023;711;;9360
08:39:01;711;1023;711;;9380
08:39:01;711;1023;711;;9408
08:39:02;711;1023;711;;9376
08:39:02;711;1023;711;;9404
08:39:03;711;1023;711;;9404
08:39:04;711;1023;711;;9364
08:39:04;711;1023;711;;9380
08:39:05;711;1023;711;;9352
08:39:05;711;1023;711;;9360
08:39:06;711;1023;711;;9376
08:39:06;711;1023;711;;9380
08:39:07;711;1023;711;;9432
08:39:07;711;1023;711;;9428
08:39:08;711;1023;711;;9356
08:39:08;711;1023;711;;9356
08:39:09;711;1023;711;;9356
08:39:09;711;1023;711;;9380
08:39:10;711;1023;711;;9380
08:39:10;711;1023;711;;9400
08:39:11;711;1023;711;;9380
08:39:11;711;1023;711;;9408
08:39:12;711;1023;711;;9428
08:39:12;711;1023;711;;9368
08:39:13;711;1023;711;;9384
08:39:13;711;1023;711;;9480
08:39:14;711;1023;711;;9352
08:39:14;711;1023;711;;9384
08:39:15;711;1023;711;;9376
08:39:15;711;1023;711;;9352
08:39:16;711;1023;711;;9364
08:39:16;711;1023;711;;9428
08:39:17;711;1023;711;;9408
08:39:17;711;1023;711;;9380
08:39:18;711;1023;711;;9360
08:39:18;711;1023;711;;9380
08:39:19;711;1023;711;;9484
08:39:19;711;1023;711;;9380
08:39:20;711;1023;711;;9404
08:39:20;711;1023;711;;9380
08:39:21;711;1023;711;;9380
08:39:21;711;1023;711;;9408
08:39:22;711;1023;711;;9328
08:39:22;711;1023;711;;9384
08:39:23;711;1023;711;;9380
08:39:23;711;1023;711;;9380
08:39:24;711;1023;711;;9364
08:39:24;711;1023;711;;9376
08:39:25;711;1023;711;;9432
08:39:25;711;1023;711;;9432
08:39:26;711;1023;711;;9376
08:39:26;711;1023;711;;9400
08:39:27;711;1023;711;;9428
08:39:27;711;1023;711;;9480
08:39:28;711;1023;711;;9372
08:39:28;711;1023;711;;9380
08:39:29;711;1023;711;;9380
08:39:29;711;1023;711;;9352
08:39:30;711;1023;711;;9356
08:39:30;711;1023;711;;9380
08:39:31;711;1023;711;;9428
08:39:31;711;1023;711;;9356
08:39:32;711;1023;711;;9352
08:39:32;711;1023;711;;9380
08:39:33;711;1023;711;;9432
08:39:33;711;1023;711;;9380
08:39:34;711;1023;711;;9408
08:39:34;711;1023;711;;9360
08:39:35;711;1023;711;;9484
08:39:35;711;1023;711;;9384
08:39:36;711;1023;711;;9380
08:39:36;711;1023;711;;9380
08:39:37;711;1023;711;;9484
08:39:38;711;1023;711;;9408
08:39:38;711;1023;711;;9380
08:39:39;711;1023;711;;9380
08:39:39;711;1023;711;;9328
08:39:40;711;1023;711;;9404
08:39:40;711;1023;711;;9480
08:39:41;711;1023;711;;9376
08:39:41;711;1023;711;;9360
08:39:42;711;1023;711;;9404
08:39:42;711;1023;711;;9376
08:39:43;711;1023;711;;9356
08:39:43;711;1023;711;;9388
08:39:44;711;1023;711;;9480
08:39:44;711;1023;711;;9352
08:39:45;711;1023;711;;9380
08:39:45;711;1023;711;;9380
08:39:46;711;1023;711;;9352
08:39:46;711;1023;711;;9360
08:39:47;711;1023;711;;9404
08:39:47;711;1023;711;;9376
08:39:48;711;1023;711;;9368
08:39:48;711;1023;711;;9408
08:39:49;711;1023;711;;9404
08:39:49;711;1023;711;;9384
08:39:50;711;1023;711;;9364
08:39:50;711;1023;711;;9360
08:39:51;711;1023;711;;9356
08:39:51;711;1023;711;;9404
08:39:52;711;1023;711;;9380
08:39:52;711;1023;711;;9484
08:39:53;711;1023;711;;9356
08:39:53;711;1023;711;;9380
08:39:54;711;1023;711;;9404
08:39:54;711;1023;711;;9372
08:39:55;711;1023;711;;9376
08:39:55;711;1023;711;;9376
08:39:56;711;1023;711;;9376
08:39:56;711;1023;711;;9348
08:39:57;711;1023;711;;9380
08:39:57;711;1023;711;;8248
08:39:58;711;1023;711;;9352
08:39:58;711;1023;711;;9380
08:39:59;711;1023;711;;9352
08:39:59;711;1023;711;;9328
08:40:00;711;1023;711;;9404
08:40:00;711;1023;711;;9356
08:40:01;711;1023;711;;9404
08:40:01;711;1023;711;;9376
08:40:02;711;1023;711;;9360
08:40:02;711;1023;711;;9380
08:40:03;711;1023;711;;9376
08:40:03;711;1023;711;;9408
08:40:04;711;1023;711;;9404
08:40:04;711;1023;711;;9380
08:40:05;711;1023;711;;9356
08:40:05;711;1023;711;;9384
08:40:06;711;1023;711;;9352
08:40:06;711;1023;711;;9380
08:40:07;711;1023;711;;9380
08:40:07;711;1023;711;;9376
08:40:08;711;1023;711;;9376
08:40:08;711;1023;711;;9404
08:40:09;711;1023;711;;9408
08:40:09;711;1023;711;;9380
08:40:10;711;1023;711;;9380
08:40:10;711;1023;711;;9408
08:40:11;711;1023;711;;9380
08:40:12;711;1023;711;;9352
08:40:12;711;1023;711;;9404
08:40:13;711;1023;711;;9428
08:40:13;711;1023;711;;9432
08:40:14;711;1023;711;;9356
08:40:14;711;1023;711;;9380
08:40:15;711;1023;711;;9360
08:40:15;711;1023;711;;9380
08:40:16;711;1023;711;;9380
08:40:16;711;1023;711;;9408
08:40:17;711;1023;711;;9376
08:40:17;711;1023;711;;9452
08:40:18;711;1023;711;;9380
08:40:18;711;1023;711;;9376
08:40:19;711;1023;711;;9376
08:40:19;711;1023;711;;9376
08:40:20;711;1023;711;;9428
08:40:20;711;1023;711;;9380
08:40:21;711;1023;711;;9384
08:40:21;711;1023;711;;9476
08:40:22;711;1023;711;;9376
08:40:22;711;1023;711;;9356
08:40:23;711;1023;711;;9380
08:40:23;711;1023;711;;9376
08:40:24;711;1023;711;;9376
08:40:24;711;1023;711;;9404
08:40:25;711;1023;711;;9352
08:40:25;711;1023;711;;9352
08:40:26;711;1023;711;;9380
08:40:26;711;1023;711;;9352
08:40:27;711;1023;711;;9376
08:40:27;711;1023;711;;9348
08:40:28;711;1023;711;;9388
08:40:28;711;1023;711;;9364
08:40:29;711;1023;711;;9356
08:40:29;711;1023;711;;9380
08:40:30;711;1023;711;;9360
08:40:30;711;1023;711;;9404
08:40:31;711;1023;711;;9376
08:40:31;711;1023;711;;9380
08:40:32;711;1023;711;;9432
08:40:32;711;1023;711;;9380
08:40:33;711;1023;711;;9408
08:40:33;711;1023;711;;9404
08:40:34;711;1023;711;;9348
08:40:34;711;1023;711;;9376
08:40:35;710;1023;711;;9364
08:40:35;710;1023;711;;9380
08:40:36;711;1023;711;;9380
08:40:36;711;1023;711;;9364
08:40:37;711;1023;711;;9352
08:40:37;711;1023;711;;9352
08:40:38;711;1023;711;;9428
08:40:38;711;1023;711;;9376
08:40:39;711;1023;711;;9364
08:40:39;711;1023;711;;9404
08:40:40;711;1023;711;;9452
08:40:40;711;1023;711;;9380
08:40:41;711;1023;711;;9388
08:40:41;711;1023;711;;9404
08:40:42;711;1023;711;;9384
08:40:42;711;1023;711;;9376
08:40:43;710;1023;711;;9376
08:40:43;710;1023;711;;9360
08:40:44;711;1023;710;;9352
08:40:45;711;1023;711;;9360
08:40:45;711;1023;711;;9376
08:40:46;711;1023;711;;9352
08:40:46;711;1023;711;;9360
08:40:47;711;1023;711;;9380
08:40:47;711;1023;711;;9376
08:40:48;711;1023;711;;9480
08:40:48;711;1023;711;;9388
08:40:49;711;1023;711;;9348
08:40:49;711;1023;711;;9388
08:40:50;711;1023;711;;9376
08:40:50;711;1023;711;;9404
08:40:51;711;1023;710;;9376
08:40:51;711;1023;710;;9380
08:40:52;711;1023;711;;9384
08:40:52;711;1023;711;;9376
08:40:53;711;1023;711;;9380
08:40:53;711;1023;711;;9360
08:40:54;711;1023;711;;9376
08:40:54;711;1023;711;;9380
08:40:55;711;1023;710;;9384
08:40:55;711;1023;710;;9380
08:40:56;711;1023;710;;9432
08:40:56;711;1023;710;;9380
08:40:57;711;1023;710;;9380
08:40:57;711;1023;710;;9356
08:40:58;710;1023;710;;9480
08:40:58;710;1023;710;;9380
08:40:59;711;1023;710;;9380
08:40:59;711;1023;710;;9360
08:41:00;710;1023;711;;9384
08:41:00;710;1023;711;;9404
08:41:01;711;1023;710;;9484
08:41:01;711;1023;710;;9380
08:41:02;710;1023;710;;9404
08:41:02;710;1023;710;;9380
08:41:03;711;1023;710;;9380
08:41:03;711;1023;710;;9348
08:41:04;710;1023;710;;9368
08:41:04;710;1023;710;;9368
08:41:05;711;1023;710;;9428
08:41:05;711;1023;710;;9432
08:41:06;711;1023;710;;9380
08:41:06;711;1023;710;;9376
08:41:07;710;1023;710;;9376
08:41:07;710;1023;710;;9380
08:41:08;710;1023;710;;9404
08:41:08;710;1023;710;;9380
08:41:09;710;1023;710;;9352
08:41:09;710;1023;710;;9352
08:41:10;710;1023;710;;9384
08:41:10;710;1023;710;;9376
08:41:11;710;1023;710;;9368
08:41:11;710;1023;710;;9360
08:41:12;710;1023;710;;9352
08:41:12;710;1023;710;;9376
08:41:13;710;1023;710;;9356
08:41:13;710;1023;710;;9372
08:41:14;710;1023;710;;9428
08:41:14;710;1023;710;;9380
08:41:15;710;1023;710;;9404
08:41:15;710;1023;710;;9428
08:41:16;710;1023;710;;9432
08:41:16;710;1023;710;;9428
08:41:17;710;1023;710;;9352
08:41:17;710;1023;710;;9368
08:41:18;710;1023;710;;9380
08:41:19;710;1023;710;;9376
08:41:19;710;1023;710;;9380
08:41:20;710;1023;710;;9352
08:41:20;710;1023;710;;9380
08:41:21;710;1023;710;;9352
08:41:21;710;1023;710;;9380
08:41:22;710;1023;710;;9360
08:41:22;710;1023;710;;9404
08:41:23;710;1023;710;;9376
08:41:23;710;1023;710;;9376
08:41:24;710;1023;710;;9352
08:41:24;710;1023;710;;9352
08:41:25;710;1023;710;;9380
08:41:25;710;1023;710;;9432
08:41:26;710;1023;710;;9380
08:41:26;710;1023;710;;9376
08:41:27;710;1023;710;;9364
08:41:27;710;1023;710;;9380
08:41:28;710;1023;710;;9460
08:41:28;710;1023;710;;9380
08:41:29;710;1023;710;;9356
08:41:29;710;1023;710;;9452
08:41:30;710;1023;710;;9352
08:41:30;710;1023;710;;9384
08:41:31;710;1023;710;;9376
08:41:31;710;1023;710;;9380
08:41:32;710;1023;710;;9356
08:41:32;710;1023;710;;9480
08:41:33;710;1023;710;;9404
08:41:33;710;1023;710;;9480
08:41:34;710;1023;710;;9384
08:41:34;710;1023;710;;9460
08:41:35;710;1023;710;;9404
08:41:35;710;1023;710;;9404
08:41:36;710;1023;710;;9480
08:41:36;710;1023;710;;9404
08:41:37;710;1023;710;;9376
08:41:37;710;1023;710;;9376
08:41:38;710;1023;710;;9380
08:41:38;710;1023;710;;9376
08:41:39;710;1023;710;;9352
08:41:39;710;1023;710;;9376
08:41:40;710;1023;710;;9376
08:41:40;710;1023;710;;9380
08:41:41;710;1023;710;;9348
08:41:41;710;1023;710;;9404
08:41:42;710;1023;710;;9384
08:41:42;710;1023;710;;9364
08:41:43;710;1023;710;;9432
08:41:43;710;1023;710;;9384
08:41:44;710;1023;710;;9408
08:41:44;710;1023;710;;9380
08:41:45;710;1023;710;;9384
08:41:45;710;1023;710;;9404
08:41:46;710;1023;710;;9376
08:41:46;710;1023;710;;9432
08:41:47;710;1023;710;;9376
08:41:47;710;1023;710;;9384
08:41:48;710;1023;710;;9484
08:41:48;710;1023;710;;9380
08:41:49;710;1023;710;;9380
08:41:49;710;1023;710;;9356
08:41:50;710;1023;710;;9484
08:41:50;710;1023;710;;9376
08:41:51;710;1023;710;;9484
08:41:51;710;1023;710;;9352
08:41:52;710;1023;710;;9360
08:41:53;710;1023;710;;9404
08:41:53;710;1023;710;;9352
08:41:54;710;1023;710;;9380
08:41:54;710;1023;710;;9404
08:41:55;710;1023;710;;9380
08:41:55;710;1023;710;;9376
08:41:56;710;1023;710;;9376
08:41:56;710;1023;710;;9432
08:41:57;710;1023;710;;9404
08:41:57;710;1023;710;;9360
08:41:58;710;1023;710;;9376
08:41:58;710;1023;710;;9380
08:41:59;710;1023;710;;9384
08:41:59;710;1023;710;;9380
08:42:00;710;1023;710;;9344
08:42:00;710;1023;710;;9380
08:42:01;710;1023;710;;9380
08:42:01;710;1023;710;;9352
08:42:02;710;1023;710;;9384
08:42:02;710;1023;710;;9352
08:42:03;710;1023;710;;9432
08:42:03;710;1023;710;;9380
08:42:04;710;1023;710;;9380
08:42:04;710;1023;710;;9356
08:42:05;710;1023;710;;9404
08:42:05;710;1023;710;;9348
08:42:06;710;1023;710;;9408
08:42:06;710;1023;710;;9380
08:42:07;710;1023;710;;9380
08:42:07;710;1023;710;;9432
08:42:08;710;1023;710;;9428
08:42:08;710;1023;710;;9380
08:42:09;710;1023;710;;9384
08:42:09;710;1023;710;;9348
08:42:10;710;1023;710;;9404
08:42:10;710;1023;710;;9328
08:42:11;710;1023;710;;9352
08:42:11;710;1023;710;;9508
08:42:12;710;1023;710;;9380
08:42:12;710;1023;710;;9428
08:42:13;710;1023;710;;9376
08:42:13;710;1023;710;;9376
08:42:14;710;1023;710;;9380
08:42:14;710;1023;710;;9408
08:42:15;710;1023;710;;9384
08:42:15;710;1023;710;;9360
08:42:16;710;1023;710;;9480
08:42:16;710;1023;710;;9380
08:42:17;710;1023;710;;9352
08:42:17;710;1023;710;;9376
08:42:18;710;1023;710;;9404
08:42:18;710;1023;710;;9360
08:42:19;710;1023;710;;9376
08:42:19;710;1023;710;;9364
08:42:20;710;1023;710;;9352
08:42:20;710;1023;710;;9380
08:42:21;710;1023;710;;9360
08:42:21;710;1023;710;;9380
08:42:22;710;1023;710;;9380
08:42:22;710;1023;710;;9380
08:42:23;710;1023;710;;9376
08:42:23;710;1023;710;;9432
08:42:24;710;1023;710;;9380
08:42:24;710;1023;710;;9380
08:42:25;710;1023;710;;9408
08:42:26;710;1023;710;;9388
08:42:26;710;1023;710;;9376
08:42:27;710;1023;710;;9376
08:42:27;710;1023;710;;9384
08:42:28;710;1023;710;;9380
08:42:28;710;1023;710;;9428
08:42:29;710;1023;710;;9348
08:42:29;710;1023;710;;9372
08:42:30;710;1023;710;;9352
08:42:30;710;1023;710;;9432
08:42:31;710;1023;710;;9400
08:42:31;710;1023;710;;9380
08:42:32;710;1023;710;;9360
08:42:32;710;1023;710;;9356
08:42:33;710;1023;710;;9376
08:42:33;710;1023;710;;9408
08:42:34;710;1023;710;;9432
08:42:34;710;1023;710;;9380
08:42:35;710;1023;710;;9376
08:42:35;710;1023;710;;9356
08:42:36;710;1023;710;;9388
08:42:36;710;1023;710;;9376
08:42:37;710;1023;710;;9380
08:42:37;710;1023;710;;9380
08:42:38;710;1023;710;;9376
08:42:38;710;1023;710;;9380
08:42:39;710;1023;710;;9404
08:42:39;710;1023;710;;9356
08:42:40;710;1023;710;;9408
08:42:40;710;1023;710;;9404
08:42:41;710;1023;710;;9408
08:42:41;710;1023;710;;9376
08:42:42;710;1023;710;;9356
08:42:42;710;1023;710;;9380
08:42:43;710;1023;710;;9404
08:42:43;710;1023;710;;9380
08:42:44;710;1023;710;;9376
08:42:44;710;1023;710;;9372
08:42:45;710;1023;710;;9356
08:42:45;710;1023;710;;9404
08:42:46;710;1023;710;;9384
08:42:46;710;1023;710;;9380
08:42:47;710;1023;710;;9504
08:42:47;710;1023;710;;9384
08:42:48;710;1023;710;;9376
08:42:48;710;1023;710;;9352
08:42:49;710;1023;710;;9352
08:42:49;710;1023;710;;9324
08:42:50;710;1023;710;;9380
08:42:50;710;1023;710;;9376
08:42:51;710;1023;710;;9400
08:42:51;710;1023;710;;9376
08:42:52;710;1023;710;;9372
08:42:52;710;1023;710;;9388
08:42:53;710;1023;710;;9380
08:42:53;710;1023;710;;9376
08:42:54;710;1023;710;;9376
08:42:54;710;1023;710;;9380
08:42:55;710;1023;710;;9384
08:42:55;710;1023;710;;9376
08:42:56;710;1023;710;;9404
08:42:56;710;1023;710;;9360
08:42:57;710;1023;710;;9376
08:42:57;710;1023;710;;9380
08:42:58;710;1023;710;;9380
08:42:58;710;1023;710;;9376
08:42:59;710;1023;710;;9356
08:43:00;710;1023;710;;9404
08:43:00;710;1023;710;;9432
08:43:01;710;1023;710;;9376
08:43:01;710;1023;710;;9360
08:43:02;710;1023;710;;9380
08:43:02;710;1023;710;;9380
08:43:03;710;1023;710;;9428
08:43:03;710;1023;710;;9352
08:43:04;710;1023;710;;9376
08:43:04;710;1023;710;;9376
08:43:05;710;1023;710;;9380
08:43:05;710;1023;710;;9380
08:43:06;710;1023;710;;9356
08:43:06;710;1023;710;;9356
08:43:07;710;1023;710;;9380
08:43:07;710;1023;710;;9356
08:43:08;710;1023;710;;9388
08:43:08;710;1023;710;;9428
08:43:09;710;1023;710;;9404
08:43:09;710;1023;710;;9352
08:43:10;710;1023;710;;9376
08:43:10;710;1023;710;;9404
08:43:11;710;1023;710;;9380
08:43:11;710;1023;710;;9364
08:43:12;710;1023;710;;9380
08:43:12;710;1023;710;;9380
08:43:13;710;1023;710;;9380
08:43:13;710;1023;710;;9404
08:43:14;710;1023;710;;9532
08:43:14;710;1023;710;;9408
08:43:15;710;1023;710;;9380
08:43:15;710;1023;710;;9384
08:43:16;710;1023;710;;9404
08:43:16;710;1023;710;;9404
08:43:17;710;1023;710;;9428
08:43:17;710;1023;710;;9408
08:43:18;710;1023;710;;9376
08:43:18;710;1023;710;;9404
08:43:19;710;1023;710;;9380
08:43:19;710;1023;710;;9404
08:43:20;710;1023;710;;9352
08:43:20;710;1023;710;;9380
08:43:21;710;1023;710;;9376
08:43:21;710;1023;710;;9384
08:43:22;710;1023;710;;9380
08:43:22;710;1023;710;;9404
08:43:23;710;1023;710;;9376
08:43:23;710;1023;710;;9380
08:43:24;710;1023;710;;9376
08:43:24;710;1023;710;;9388
08:43:25;710;1023;710;;9376
08:43:25;710;1023;710;;9376
08:43:26;710;1023;710;;9404
08:43:26;710;1023;710;;9404
08:43:27;710;1023;710;;9408
08:43:27;710;1023;710;;9360
08:43:28;710;1023;710;;9356
08:43:28;710;1023;710;;9376
08:43:29;710;1023;710;;9408
08:43:29;710;1023;710;;9404
08:43:30;710;1023;710;;9388
08:43:30;710;1023;710;;9376
08:43:31;710;1023;710;;9352
08:43:31;710;1023;710;;9404
08:43:32;710;1023;710;;9360
08:43:32;710;1023;710;;9456
08:43:33;710;1023;710;;9404
08:43:34;710;1023;710;;9360
08:43:34;710;1023;710;;9404
08:43:35;710;1023;710;;9368
08:43:35;710;1023;710;;9364
08:43:36;710;1023;710;;9376
08:43:36;710;1023;710;;9376
08:43:37;710;1023;710;;9392
08:43:37;710;1023;710;;9484
08:43:38;710;1023;710;;9380
08:43:38;710;1023;710;;9476
08:43:39;710;1023;710;;9352
08:43:39;710;1023;710;;9480
08:43:40;710;1023;710;;9404
08:43:40;710;1023;710;;9404
08:43:41;710;1023;710;;9360
08:43:41;710;1023;710;;9380
08:43:42;710;1023;710;;9404
08:43:42;710;1023;710;;9404
08:43:43;710;1023;710;;9348
08:43:43;710;1023;710;;9376
08:43:44;710;1023;710;;9376
08:43:44;710;1023;710;;9404
08:43:45;710;1023;710;;9376
08:43:45;710;1023;710;;9380
08:43:46;710;1023;710;;9352
08:43:46;710;1023;710;;9404
08:43:47;710;1023;710;;9376
08:43:47;710;1023;710;;9376
08:43:48;710;1023;710;;9376
08:43:48;710;1023;710;;9352
08:43:49;710;1023;710;;9360
08:43:49;710;1023;710;;9356
08:43:50;710;1023;710;;9384
08:43:50;710;1023;710;;9408
08:43:51;710;1023;710;;9364
08:43:51;710;1023;710;;9384
08:43:52;710;1023;710;;9404
08:43:52;710;1023;710;;9404
08:43:53;710;1023;710;;9376
08:43:53;710;1023;710;;9376
08:43:54;710;1023;710;;9328
08:43:54;710;1023;710;;9352
08:43:55;710;1023;710;;9404
08:43:55;710;1023;710;;9352
08:43:56;710;1023;710;;9432
08:43:56;710;1023;710;;9456
08:43:57;710;1023;710;;9356
08:43:57;710;1023;710;;9404
08:43:58;710;1023;710;;9408
08:43:58;710;1023;710;;9400
08:43:59;710;1023;710;;9404
08:43:59;710;1023;710;;9460
08:44:00;710;1023;710;;9352
08:44:00;710;1023;710;;9352
08:44:01;710;1023;710;;9372
08:44:01;710;1023;710;;9404
08:44:02;710;1023;710;;9400
08:44:02;710;1023;710;;9376
08:44:03;710;1023;710;;9376
08:44:03;710;1023;710;;9404
08:44:04;710;1023;710;;9356
08:44:04;710;1023;710;;9404
08:44:05;710;1023;710;;9352
08:44:05;710;1023;710;;9404
08:44:06;710;1023;710;;9348
08:44:06;710;1023;710;;9376
08:44:07;710;1023;710;;9404
08:44:08;710;1023;710;;9480
08:44:08;710;1023;710;;9404
08:44:09;710;1023;710;;9456
08:44:09;710;1023;710;;9480
08:44:10;710;1023;710;;9408
08:44:10;710;1023;710;;9352
08:44:11;710;1023;710;;9408
08:44:11;710;1023;710;;9408
08:44:12;710;1023;710;;9380
08:44:12;710;1023;710;;9380
08:44:13;710;1023;710;;9428
08:44:13;710;1023;710;;9352
08:44:14;710;1023;710;;9380
08:44:14;710;1023;710;;9356
08:44:15;710;1023;710;;9352
08:44:15;710;1023;710;;9360
08:44:16;710;1023;710;;9376
08:44:16;710;1023;710;;9352
08:44:17;710;1023;710;;9368
08:44:17;710;1023;710;;9408
08:44:18;710;1023;710;;9456
08:44:18;710;1023;710;;9360
08:44:19;710;1023;710;;9408
08:44:19;710;1023;710;;9352
08:44:20;710;1023;710;;9408
08:44:20;710;1023;710;;9384
08:44:21;710;1023;710;;9376
08:44:21;710;1023;710;;9408
08:44:22;710;1023;710;;9360
08:44:22;710;1023;710;;9484
08:44:23;710;1023;710;;9364
08:44:23;710;1023;710;;9376
08:44:24;710;1023;710;;9368
08:44:24;710;1023;710;;9380
08:44:25;710;1023;710;;9384
08:44:25;710;1023;710;;9480
08:44:26;710;1023;710;;9380
08:44:26;710;1023;710;;9380
08:44:27;710;1023;710;;9404
08:44:27;710;1023;710;;9484
08:44:28;710;1023;710;;9404
08:44:28;710;1023;710;;9356
08:44:29;710;1023;710;;9380
08:44:29;710;1023;710;;9380
08:44:30;710;1023;710;;9428
08:44:30;710;1023;710;;9428
08:44:31;710;1023;710;;9376
08:44:31;710;1023;710;;9364
08:44:32;710;1023;710;;9476
08:44:32;710;1023;710;;9376
08:44:33;710;1023;710;;9380
08:44:33;710;1023;710;;9400
08:44:34;710;1023;710;;9388
08:44:34;710;1023;710;;9380
08:44:35;710;1023;710;;9352
08:44:35;710;1023;710;;9380
08:44:36;710;1023;710;;9404
08:44:36;710;1023;710;;9404
08:44:37;710;1023;710;;9484
08:44:37;710;1023;710;;9404
08:44:38;710;1023;710;;9480
08:44:38;710;1023;710;;9428
08:44:39;710;1023;710;;9376
08:44:39;710;1023;710;;9404
08:44:40;710;1023;710;;9456
08:44:41;710;1023;710;;9380
08:44:41;710;1023;710;;9352
08:44:42;710;1023;710;;9360
08:44:42;710;1023;710;;9404
08:44:43;710;1023;710;;9376
08:44:43;710;1023;710;;9376
08:44:44;710;1023;710;;9352
08:44:44;710;1023;710;;9404
08:44:45;710;1023;710;;9432
08:44:45;710;1023;710;;9404
08:44:46;710;1023;710;;9360
08:44:46;710;1023;710;;9328
08:44:47;710;1023;710;;9368
08:44:47;710;1023;710;;9376
08:44:48;710;1023;710;;9348
08:44:48;710;1023;710;;9380
08:44:49;710;1023;710;;9428
08:44:49;710;1023;710;;9380
08:44:50;710;1023;710;;9448
08:44:50;710;1023;710;;9380
08:44:51;710;1023;710;;9380
08:44:51;710;1023;710;;9432
08:44:52;710;1023;710;;9432
08:44:52;710;1023;710;;9380
08:44:53;710;1023;710;;9348
08:44:53;710;1023;710;;9380
08:44:54;710;1023;710;;9404
08:44:54;710;1023;710;;9352
08:44:55;710;1023;710;;9380
08:44:55;710;1023;710;;9384
08:44:56;710;1023;710;;9432
08:44:56;710;1023;710;;9480
08:44:57;710;1023;710;;9356
08:44:57;710;1023;710;;9380
08:44:58;710;1023;710;;9360
08:44:58;710;1023;710;;9380
08:44:59;710;1023;710;;9428
08:44:59;710;1023;710;;9428
08:45:00;710;1023;710;;9432
08:45:00;710;1023;710;;9376
08:45:01;710;1023;710;;9376
08:45:01;710;1023;710;;9480
08:45:02;710;1023;710;;9364
08:45:02;710;1023;710;;9380
08:45:03;710;1023;710;;9352
08:45:03;710;1023;710;;9380
08:45:04;710;1023;710;;9352
08:45:04;710;1023;710;;9376
08:45:05;710;1023;710;;9372
08:45:05;710;1023;710;;9404
08:45:06;710;1023;710;;9368
08:45:06;710;1023;710;;9400
08:45:07;710;1023;710;;9404
08:45:07;710;1023;710;;9380
08:45:08;710;1023;710;;9404
08:45:08;710;1023;710;;9348
08:45:09;710;1023;710;;9356
08:45:09;710;1023;710;;9408
08:45:10;710;1023;710;;9356
08:45:10;710;1023;710;;9352
08:45:11;710;1023;710;;9376
08:45:11;710;1023;710;;9436
08:45:12;710;1023;710;;9352
08:45:12;710;1023;710;;9400
08:45:13;710;1023;710;;9380
08:45:13;710;1023;710;;9408
08:45:14;710;1023;710;;9404
08:45:15;710;1023;710;;9380
08:45:15;710;1023;710;;9376
08:45:16;710;1023;710;;9360
08:45:16;710;1023;710;;9404
08:45:17;710;1023;710;;9480
08:45:17;710;1023;710;;9376
08:45:18;710;1023;710;;9380
08:45:18;710;1023;710;;9360
08:45:19;710;1023;710;;9508
08:45:19;710;1023;710;;9380
08:45:20;710;1023;710;;9380
08:45:20;710;1023;710;;9400
08:45:21;710;1023;710;;9380
08:45:21;710;1023;710;;9404
08:45:22;710;1023;710;;9480
08:45:22;710;1023;710;;9360
08:45:23;710;1023;710;;9348
08:45:23;710;1023;710;;9352
08:45:24;710;1023;710;;9352
08:45:24;710;1023;710;;9404
08:45:25;710;1023;710;;9368
08:45:25;710;1023;710;;9356
08:45:26;710;1023;710;;9404
08:45:26;710;1023;710;;9428
08:45:27;710;1023;710;;9384
08:45:27;710;1023;710;;9432
08:45:28;710;1023;710;;9404
08:45:28;710;1023;710;;9404
08:45:29;710;1023;710;;9428
08:45:29;710;1023;710;;9508
08:45:30;710;1023;710;;9360
08:45:30;710;1023;710;;9404
08:45:31;710;1023;710;;9404
08:45:31;710;1023;710;;9352
08:45:32;710;1023;710;;9408
08:45:32;710;1023;710;;9404
08:45:33;710;1023;710;;9404
08:45:33;710;1023;710;;9352
08:45:34;710;1023;710;;9376
08:45:34;710;1023;710;;9376
08:45:35;710;1023;710;;9356
08:45:35;710;1023;710;;9364
08:45:36;710;1023;710;;9380
08:45:36;710;1023;710;;9388
08:45:37;710;1023;710;;9356
08:45:37;710;1023;710;;9408
08:45:38;710;1023;710;;9404
08:45:38;710;1023;710;;9360
08:45:39;710;1023;710;;9404
08:45:39;710;1023;710;;9380
08:45:40;710;1023;710;;9352
08:45:40;710;1023;710;;9428
08:45:41;710;1023;710;;9356
08:45:41;710;1023;710;;9352
08:45:42;710;1023;710;;9404
08:45:42;710;1023;710;;9380
08:45:43;710;1023;710;;9380
08:45:43;710;1023;710;;9404
08:45:44;710;1023;710;;9352
08:45:44;710;1023;710;;9404
08:45:45;710;1023;710;;9376
08:45:45;710;1023;710;;9404
08:45:46;710;1023;710;;9352
08:45:46;710;1023;710;;9436
08:45:47;710;1023;710;;9376
08:45:47;710;1023;710;;9364
08:45:48;710;1023;710;;9376
08:45:49;710;1023;710;;9376
08:45:49;710;1023;710;;9360
08:45:50;710;1023;710;;9456
08:45:50;710;1023;710;;9404
08:45:51;710;1023;710;;9404
08:45:51;710;1023;710;;9356
08:45:52;710;1023;710;;9400
08:45:52;710;1023;710;;9376
08:45:53;710;1023;710;;9364
08:45:53;710;1023;710;;9380
08:45:54;710;1023;710;;9356
08:45:54;710;1023;710;;9404
08:45:55;710;1023;710;;9380
08:45:55;710;1023;710;;9364
08:45:56;710;1023;710;;9404
08:45:56;710;1023;710;;9356
08:45:57;710;1023;710;;9352
08:45:57;710;1023;710;;9404
08:45:58;710;1023;710;;9360
08:45:58;710;1023;710;;9404
08:45:59;710;1023;710;;9408
08:45:59;710;1023;710;;9404
08:46:00;710;1023;710;;9456
08:46:00;710;1023;710;;9360
08:46:01;710;1023;710;;9404
08:46:01;710;1023;710;;9344
08:46:02;710;1023;709;;9384
08:46:02;710;1023;709;;9404
08:46:03;709;1023;710;;9400
08:46:03;709;1023;710;;9376
08:46:04;710;1023;710;;9364
08:46:04;710;1023;710;;9352
08:46:05;710;1023;709;;9352
08:46:05;710;1023;709;;9380
08:46:06;710;1023;710;;9432
08:46:06;710;1023;710;;9356
08:46:07;710;1023;710;;9380
08:46:07;710;1023;710;;9428
08:46:08;710;1023;710;;9356
08:46:08;710;1023;710;;9352
08:46:09;710;1023;710;;9356
08:46:09;710;1023;710;;9404
08:46:10;710;1023;710;;9376
08:46:10;710;1023;710;;9352
08:46:11;710;1023;710;;9352
08:46:11;710;1023;710;;9352
08:46:12;710;1023;709;;9484
08:46:12;710;1023;709;;9380
08:46:13;710;1023;710;;9376
08:46:13;710;1023;710;;9352
08:46:14;710;1023;710;;9404
08:46:14;710;1023;710;;9376
08:46:15;710;1023;710;;9404
08:46:15;710;1023;710;;9380
08:46:16;710;1023;710;;9352
08:46:16;710;1023;710;;9380
08:46:17;710;1023;710;;9380
08:46:17;710;1023;710;;9376
08:46:18;710;1023;710;;9480
08:46:18;710;1023;710;;9380
08:46:19;710;1023;710;;9460
08:46:19;710;1023;710;;9508
08:46:20;710;1023;710;;9376
08:46:20;710;1023;710;;9456
08:46:21;710;1023;710;;9404
08:46:22;710;1023;710;;9404
08:46:22;710;1023;710;;9376
08:46:23;710;1023;710;;9404
08:46:23;710;1023;710;;9404
08:46:24;710;1023;710;;9428
08:46:24;710;1023;710;;9380
08:46:25;710;1023;710;;9380
08:46:25;710;1023;710;;9404
08:46:26;710;1023;710;;9484
08:46:26;710;1023;710;;9376
08:46:27;710;1023;710;;9404
08:46:27;710;1023;710;;9408
08:46:28;710;1023;710;;9480
08:46:28;710;1023;710;;9380
08:46:29;710;1023;710;;9404
08:46:29;710;1023;710;;9376
08:46:30;710;1023;710;;9480
08:46:30;710;1023;710;;9404
08:46:31;710;1023;710;;9364
08:46:31;710;1023;710;;9380
08:46:32;710;1023;710;;9380
08:46:32;710;1023;710;;9380
08:46:33;710;1023;710;;9376
08:46:33;710;1023;710;;9376
08:46:34;710;1023;710;;9376
08:46:34;710;1023;710;;9380
08:46:35;710;1023;710;;9356
08:46:35;710;1023;710;;9408
08:46:36;710;1023;710;;9376
08:46:36;710;1023;710;;9404
08:46:37;710;1023;709;;9380
08:46:37;710;1023;709;;9352
08:46:38;710;1023;710;;9428
08:46:38;710;1023;710;;9484
08:46:39;710;1023;710;;9380
08:46:39;710;1023;710;;9452
08:46:40;710;1023;710;;9360
08:46:40;710;1023;710;;9476
08:46:41;710;1023;710;;9404
08:46:41;710;1023;710;;9376
08:46:42;710;1023;709;;9380
08:46:42;710;1023;709;;9480
08:46:43;709;1023;709;;9404
08:46:43;709;1023;709;;9380
08:46:44;709;1023;709;;9380
08:46:44;709;1023;709;;9376
08:46:45;710;1023;709;;9484
08:46:45;710;1023;709;;9356
08:46:46;709;1023;709;;9484
08:46:46;709;1023;709;;9404
08:46:47;710;1023;709;;9352
08:46:47;710;1023;709;;9404
08:46:48;710;1023;709;;9404
08:46:48;710;1023;709;;9404
08:46:49;710;1023;709;;9384
08:46:49;710;1023;709;;9380
08:46:50;709;1023;709;;9400
08:46:50;709;1023;709;;9352
08:46:51;710;1023;710;;9508
08:46:51;710;1023;710;;9384
08:46:52;710;1023;709;;9352
08:46:52;710;1023;709;;9404
08:46:53;710;1023;710;;9404
08:46:53;710;1023;710;;9380
08:46:54;710;1023;710;;9356
08:46:54;710;1023;710;;9380
08:46:55;710;1023;709;;9456
08:46:56;710;1023;710;;9376
08:46:56;710;1023;710;;9352
08:46:57;709;1023;709;;9380
08:46:57;709;1023;709;;9380
08:46:58;710;1023;710;;9400
08:46:58;710;1023;710;;9376
08:46:59;710;1023;710;;9400
08:46:59;710;1023;710;;9408
08:47:00;710;1023;710;;9380
08:47:00;710;1023;710;;9380
08:47:01;710;1023;710;;9408
08:47:01;710;1023;710;;9376
08:47:02;710;1023;710;;9404
08:47:02;710;1023;710;;9376
08:47:03;710;1023;709;;9376
08:47:03;710;1023;709;;9408
08:47:04;710;1023;710;;9356
08:47:04;710;1023;710;;9352
08:47:05;710;1023;709;;9404
08:47:05;710;1023;709;;9352
08:47:06;709;1023;709;;9356
08:47:06;709;1023;709;;9404
08:47:07;709;1023;709;;9360
08:47:07;709;1023;709;;9376
08:47:08;710;1023;709;;9404
08:47:08;710;1023;709;;9404
08:47:09;709;1023;709;;9408
08:47:09;709;1023;709;;9380
08:47:10;710;1023;709;;9352
08:47:10;710;1023;709;;9404
08:47:11;710;1023;709;;9356
08:47:11;710;1023;709;;9376
08:47:12;710;1023;709;;9376
08:47:12;710;1023;709;;9352
08:47:13;710;1023;709;;9328
08:47:13;710;1023;709;;9404
08:47:14;710;1023;709;;9376
08:47:14;710;1023;709;;9356
08:47:15;710;1023;710;;9380
08:47:15;710;1023;710;;9352
08:47:16;710;1023;709;;9352
08:47:16;710;1023;709;;9376
08:47:17;710;1023;709;;9376
08:47:17;710;1023;709;;9376
08:47:18;710;1023;710;;9364
08:47:18;710;1023;710;;9352
08:47:19;710;1023;710;;9376
08:47:19;710;1023;710;;9480
08:47:20;710;1023;709;;9348
08:47:20;710;1023;709;;9352
08:47:21;709;1023;709;;9376
08:47:21;709;1023;709;;9380
08:47:22;709;1023;709;;9348
08:47:22;709;1023;709;;9428
08:47:23;709;1023;709;;9380
08:47:23;709;1023;709;;9368
08:47:24;709;1023;709;;9360
08:47:24;709;1023;709;;9388
08:47:25;709;1023;709;;9376
08:47:25;709;1023;709;;9376
08:47:26;710;1023;709;;9364
08:47:26;710;1023;709;;9352
08:47:27;709;1023;709;;9376
08:47:27;709;1023;709;;9360
08:47:28;709;1023;709;;9432
08:47:28;709;1023;709;;9380
08:47:29;709;1023;709;;9400
08:47:30;710;1023;709;;9376
08:47:30;710;1023;709;;9404
08:47:31;709;1023;709;;9404
08:47:31;709;1023;709;;9392
08:47:32;709;1023;709;;9428
08:47:32;709;1023;709;;9380
08:47:33;709;1023;709;;9404
08:47:33;709;1023;709;;9384
08:47:34;709;1023;709;;9432
08:47:34;709;1023;709;;9380
08:47:35;709;1023;709;;9352
08:47:35;709;1023;709;;9404
08:47:36;710;1023;709;;9404
08:47:36;710;1023;709;;9360
08:47:37;710;1023;709;;9352
08:47:37;710;1023;709;;9432
08:47:38;710;1023;709;;9380
08:47:38;710;1023;709;;9356
08:47:39;710;1023;709;;9484
08:47:39;710;1023;709;;9348
08:47:40;709;1023;709;;9324
08:47:40;709;1023;709;;9484
08:47:41;709;1023;709;;9376
08:47:41;709;1023;709;;9348
08:47:42;709;1023;709;;9352
08:47:42;709;1023;709;;9404
08:47:43;709;1023;709;;9360
08:47:43;709;1023;709;;9404
08:47:44;709;1023;709;;9376
08:47:44;709;1023;709;;9384
08:47:45;710;1023;709;;9352
08:47:45;710;1023;709;;9376
08:47:46;710;1023;709;;9364
08:47:46;710;1023;709;;9380
08:47:47;709;1023;709;;9380
08:47:47;709;1023;709;;9380
08:47:48;709;1023;709;;9352
08:47:48;709;1023;709;;9348
08:47:49;709;1023;709;;9380
08:47:49;709;1023;709;;9480
08:47:50;710;1023;709;;9360
08:47:50;710;1023;709;;9456
08:47:51;710;1023;709;;9352
08:47:51;710;1023;709;;9404
08:47:52;710;1023;709;;9348
08:47:52;710;1023;709;;9400
08:47:53;709;1023;709;;9400
08:47:53;709;1023;709;;9404
08:47:54;710;1023;709;;9376
08:47:54;710;1023;709;;9376
08:47:55;709;1023;709;;9400
08:47:55;709;1023;709;;9380
08:47:56;709;1023;709;;9404
08:47:56;709;1023;709;;9364
08:47:57;709;1023;709;;9356
08:47:57;709;1023;709;;9404
08:47:58;709;1023;709;;9404
08:47:58;709;1023;709;;9380
08:47:59;709;1023;709;;9404
08:47:59;709;1023;709;;9484
08:48:00;709;1023;709;;9356
08:48:00;709;1023;709;;9376
08:48:01;709;1023;709;;9364
08:48:01;709;1023;709;;9404
08:48:02;709;1023;709;;9380
08:48:02;709;1023;709;;9364
08:48:03;709;1023;709;;9348
08:48:04;709;1023;709;;9352
08:48:04;709;1023;709;;9360
08:48:05;709;1023;709;;9408
08:48:05;709;1023;709;;9360
08:48:06;710;1023;709;;9380
08:48:06;710;1023;709;;9484
08:48:07;709;1023;709;;9352
08:48:07;709;1023;709;;9352
08:48:08;709;1023;709;;9404
08:48:08;709;1023;709;;9376
08:48:09;710;1023;709;;9380
08:48:09;710;1023;709;;9376
08:48:10;710;1023;709;;9484
08:48:10;710;1023;709;;9404
08:48:11;710;1023;709;;9384
08:48:11;710;1023;709;;9360
08:48:12;710;1023;709;;9368
08:48:12;710;1023;709;;9352
08:48:13;710;1023;709;;9380
08:48:13;710;1023;709;;9380
08:48:14;709;1023;709;;9384
08:48:14;709;1023;709;;9404
08:48:15;709;1023;709;;9436
08:48:15;709;1023;709;;9380
08:48:16;709;1023;709;;9404
08:48:16;709;1023;709;;9376
08:48:17;709;1023;709;;9380
08:48:17;709;1023;709;;9380
08:48:18;709;1023;709;;9508
08:48:18;709;1023;709;;9368
08:48:19;709;1023;709;;9356
08:48:19;709;1023;709;;9380
08:48:20;709;1023;709;;9404
08:48:20;709;1023;709;;9408
08:48:21;709;1023;709;;9404
08:48:21;709;1023;709;;9376
08:48:22;709;1023;709;;9408
08:48:22;709;1023;709;;9384
08:48:23;709;1023;709;;9452
08:48:23;709;1023;709;;9404
08:48:24;709;1023;709;;9404
08:48:24;709;1023;709;;9376
08:48:25;709;1023;709;;9484
08:48:25;709;1023;709;;9352
08:48:26;709;1023;709;;9380
08:48:26;709;1023;709;;9380
08:48:27;709;1023;709;;9364
08:48:27;709;1023;709;;9380
08:48:28;709;1023;709;;9456
08:48:28;709;1023;709;;9456
08:48:29;709;1023;709;;9404
08:48:29;709;1023;709;;9352
08:48:30;709;1023;709;;9352
08:48:30;709;1023;709;;9376
08:48:31;709;1023;709;;9356
08:48:31;709;1023;709;;9376
08:48:32;709;1023;709;;9384
08:48:32;709;1023;709;;9456
08:48:33;709;1023;709;;9348
08:48:33;709;1023;709;;9388
08:48:34;709;1023;709;;9480
08:48:34;709;1023;709;;9364
08:48:35;709;1023;709;;9404
08:48:35;709;1023;709;;9352
08:48:36;709;1023;709;;9380
08:48:37;709;1023;709;;9384
08:48:37;709;1023;709;;9352
08:48:38;709;1023;709;;9356
08:48:38;709;1023;709;;9352
08:48:39;709;1023;709;;9376
08:48:39;709;1023;709;;9404
08:48:40;709;1023;709;;9380
08:48:40;709;1023;709;;9368
08:48:41;709;1023;709;;9376
08:48:41;709;1023;709;;9408
08:48:42;709;1023;709;;9408
08:48:42;709;1023;709;;9360
08:48:43;709;1023;709;;9352
08:48:43;709;1023;709;;9376
08:48:44;709;1023;709;;9380
08:48:44;709;1023;709;;9404
08:48:45;709;1023;709;;9360
08:48:45;709;1023;709;;9376
08:48:46;709;1023;709;;9404
08:48:46;709;1023;709;;9432
08:48:47;709;1023;709;;9404
08:48:47;709;1023;709;;9376
08:48:48;709;1023;709;;9400
08:48:48;709;1023;709;;9376
08:48:49;709;1023;709;;9404
08:48:49;709;1023;709;;9376
08:48:50;709;1023;709;;9404
08:48:50;709;1023;709;;9404
08:48:51;709;1023;709;;9376
08:48:51;709;1023;709;;9376
08:48:52;709;1023;709;;9424
08:48:52;709;1023;709;;9380
08:48:53;709;1023;709;;9380
08:48:53;709;1023;709;;9360
08:48:54;709;1023;709;;9480
08:48:54;709;1023;709;;9404
08:48:55;709;1023;709;;9508
08:48:55;709;1023;709;;9404
08:48:56;709;1023;709;;9364
08:48:56;709;1023;709;;9404
08:48:57;709;1023;709;;9404
08:48:57;709;1023;709;;9352
08:48:58;709;1023;709;;9404
08:48:58;709;1023;709;;9352
08:48:59;709;1023;709;;9428
08:48:59;709;1023;709;;9380
08:49:00;709;1023;709;;9380
08:49:00;709;1023;709;;9352
08:49:01;709;1023;709;;9404
08:49:01;709;1023;709;;9376
08:49:02;709;1023;709;;9456
08:49:02;709;1023;709;;9404
08:49:03;709;1023;709;;9360
08:49:03;709;1023;709;;9356
08:49:04;709;1023;709;;9380
08:49:04;709;1023;709;;9404
08:49:05;709;1023;709;;9352
08:49:05;709;1023;709;;9376
08:49:06;709;1023;709;;9360
08:49:06;709;1023;709;;9408
08:49:07;709;1023;709;;9456
08:49:07;709;1023;709;;9384
08:49:08;709;1023;709;;9360
08:49:08;709;1023;709;;9432
08:49:09;709;1023;709;;9352
08:49:09;709;1023;709;;9380
08:49:10;709;1023;709;;9404
08:49:11;709;1023;709;;9404
08:49:11;709;1023;709;;9324
08:49:12;709;1023;709;;9400
08:49:12;709;1023;709;;9356
08:49:13;709;1023;709;;9404
08:49:13;709;1023;709;;9360
08:49:14;709;1023;709;;9352
08:49:14;709;1023;709;;9376
08:49:15;709;1023;709;;9388
08:49:15;709;1023;709;;9352
08:49:16;709;1023;709;;9408
08:49:16;709;1023;709;;9480
08:49:17;709;1023;709;;9408
08:49:17;709;1023;709;;9404
08:49:18;709;1023;709;;9376
08:49:18;709;1023;709;;9384
08:49:19;709;1023;709;;9352
08:49:19;709;1023;709;;9352
08:49:20;709;1023;709;;9384
08:49:20;709;1023;709;;9404
08:49:21;709;1023;709;;9376
08:49:21;709;1023;709;;9380
08:49:22;709;1023;709;;9404
08:49:22;709;1023;709;;9404
08:49:23;709;1023;709;;9404
08:49:23;709;1023;709;;9456
08:49:24;709;1023;709;;9376
08:49:24;709;1023;709;;9404
08:49:25;709;1023;709;;9376
08:49:25;709;1023;709;;9356
08:49:26;709;1023;709;;9352
08:49:26;709;1023;709;;9352
08:49:27;709;1023;709;;9428
08:49:27;709;1023;709;;9380
08:49:28;709;1023;709;;9376
08:49:28;709;1023;709;;9484
08:49:29;709;1023;709;;9352
08:49:29;709;1023;709;;9364
08:49:30;709;1023;709;;9376
08:49:30;709;1023;709;;9404
08:49:31;709;1023;709;;9428
08:49:31;709;1023;709;;9388
08:49:32;709;1023;709;;9400
08:49:32;709;1023;709;;9376
08:49:33;709;1023;709;;9376
08:49:33;709;1023;709;;9376
08:49:34;709;1023;709;;9384
08:49:34;709;1023;709;;9376
08:49:35;709;1023;709;;9404
08:49:35;709;1023;709;;9432
08:49:36;709;1023;709;;9360
08:49:36;709;1023;709;;9404
08:49:37;709;1023;709;;9376
08:49:37;709;1023;709;;9400
08:49:38;709;1023;709;;9376
08:49:38;709;1023;709;;9376
08:49:39;709;1023;709;;9404
08:49:39;709;1023;709;;9380
08:49:40;709;1023;709;;9400
08:49:40;709;1023;709;;9364
08:49:41;709;1023;709;;9380
08:49:41;709;1023;709;;9380
08:49:42;709;1023;709;;9400
08:49:42;709;1023;709;;9380
08:49:43;709;1023;709;;9352
08:49:43;709;1023;709;;9408
08:49:44;709;1023;709;;9404
08:49:45;709;1023;709;;9404
08:49:45;709;1023;709;;9432
08:49:46;709;1023;709;;9364
08:49:46;709;1023;709;;9376
08:49:47;709;1023;709;;9404
08:49:47;709;1023;709;;9456
08:49:48;709;1023;709;;9404
08:49:48;709;1023;709;;9368
08:49:49;709;1023;709;;9404
08:49:49;709;1023;709;;9380
08:49:50;709;1023;709;;9404
08:49:50;709;1023;709;;9380
08:49:51;709;1023;709;;9404
08:49:51;709;1023;709;;9404
08:49:52;709;1023;709;;9352
08:49:52;709;1023;709;;9376
08:49:53;709;1023;709;;9484
08:49:53;709;1023;709;;9480
08:49:54;709;1023;709;;9380
08:49:54;709;1023;709;;9380
08:49:55;709;1023;709;;9376
08:49:55;709;1023;709;;9404
08:49:56;709;1023;709;;9376
08:49:56;709;1023;709;;9380
08:49:57;709;1023;709;;9376
08:49:57;709;1023;709;;9380
08:49:58;709;1023;709;;9380
08:49:58;709;1023;709;;9356
08:49:59;709;1023;709;;9376
08:49:59;709;1023;709;;9380
08:50:00;709;1023;709;;9388
08:50:00;709;1023;709;;9408
08:50:01;709;1023;709;;9376
08:50:01;709;1023;709;;9368
08:50:02;709;1023;709;;9384
08:50:02;709;1023;709;;9380
08:50:03;709;1023;709;;9400
08:50:03;709;1023;709;;9360
08:50:04;709;1023;709;;9380
08:50:04;709;1023;709;;9432
08:50:05;709;1023;709;;9380
08:50:05;709;1023;709;;9368
08:50:06;709;1023;709;;9380
08:50:06;709;1023;709;;9480
08:50:07;709;1023;709;;9480
08:50:07;709;1023;709;;9404
08:50:08;709;1023;709;;9360
08:50:08;709;1023;709;;9428
08:50:09;709;1023;709;;9484
08:50:09;709;1023;709;;9380
08:50:10;709;1023;709;;9360
08:50:10;709;1023;709;;9376
08:50:11;709;1023;709;;9384
08:50:11;709;1023;709;;9380
08:50:12;709;1023;709;;9380
08:50:12;709;1023;709;;9364
08:50:13;709;1023;709;;9376
08:50:13;709;1023;709;;9380
08:50:14;709;1023;709;;9432
08:50:14;709;1023;709;;9376
08:50:15;709;1023;709;;9376
08:50:15;709;1023;709;;9380
08:50:16;709;1023;709;;9376
08:50:16;709;1023;709;;9376
08:50:17;709;1023;709;;9388
08:50:18;709;1023;709;;9360
08:50:18;709;1023;709;;9428
08:50:19;709;1023;709;;9480
08:50:19;709;1023;709;;9380
08:50:20;709;1023;709;;9384
08:50:20;709;1023;709;;9376
08:50:21;709;1023;709;;9380
08:50:21;709;1023;709;;9376
08:50:22;709;1023;709;;9360
08:50:22;709;1023;709;;9480
08:50:23;709;1023;709;;9364
08:50:23;709;1023;709;;9428
08:50:24;709;1023;709;;9364
08:50:24;709;1023;709;;9380
08:50:25;709;1023;709;;9428
08:50:25;709;1023;709;;9376
08:50:26;709;1023;709;;9364
08:50:26;709;1023;709;;9476
08:50:27;709;1023;709;;9432
08:50:27;709;1023;709;;9380
08:50:28;709;1023;709;;9432
08:50:28;709;1023;709;;9376
08:50:29;709;1023;709;;9484
08:50:29;709;1023;709;;9352
08:50:30;709;1023;709;;9368
08:50:30;709;1023;709;;9380
08:50:31;709;1023;709;;9480
08:50:31;709;1023;709;;9456
08:50:32;709;1023;709;;9392
08:50:32;709;1023;709;;9352
08:50:33;709;1023;709;;9376
08:50:33;709;1023;709;;9384
08:50:34;709;1023;709;;9352
08:50:34;709;1023;709;;9356
08:50:35;709;1023;709;;9380
08:50:35;709;1023;709;;9484
08:50:36;709;1023;709;;9376
08:50:36;709;1023;709;;9404
08:50:37;709;1023;709;;9380
08:50:37;709;1023;709;;9372
08:50:38;709;1023;709;;9376
08:50:38;709;1023;709;;9376
08:50:39;709;1023;709;;9380
08:50:39;709;1023;709;;9352
08:50:40;709;1023;709;;9376
08:50:40;709;1023;709;;9388
08:50:41;709;1023;709;;9360
08:50:41;709;1023;709;;9324
08:50:42;709;1023;709;;9404
08:50:42;709;1023;709;;9480
08:50:43;709;1023;709;;9360
08:50:43;709;1023;709;;9380
08:50:44;709;1023;709;;9380
08:50:44;709;1023;709;;9388
08:50:45;709;1023;709;;9360
08:50:45;709;1023;709;;9352
08:50:46;709;1023;709;;9432
08:50:46;709;1023;709;;9404
08:50:47;709;1023;709;;9380
08:50:47;709;1023;709;;9400
08:50:48;709;1023;709;;9376
08:50:48;709;1023;709;;9404
08:50:49;709;1023;709;;9404
08:50:49;709;1023;709;;9380
08:50:50;709;1023;709;;9376
08:50:50;709;1023;709;;9404
08:50:51;709;1023;709;;9352
08:50:52;709;1023;709;;9376
08:50:52;709;1023;709;;9376
08:50:53;709;1023;709;;9408
08:50:53;709;1023;709;;9376
08:50:54;709;1023;709;;9376
08:50:54;709;1023;709;;9432
08:50:55;709;1023;709;;9392
08:50:55;709;1023;709;;9392
08:50:56;709;1023;709;;9380
08:50:56;709;1023;709;;9380
08:50:57;709;1023;709;;9368
08:50:57;709;1023;709;;9356
08:50:58;709;1023;709;;9376
08:50:58;709;1023;709;;9360
08:50:59;709;1023;709;;9352
08:50:59;709;1023;709;;9480
08:51:00;709;1023;709;;9356
08:51:00;709;1023;709;;9404
08:51:01;709;1023;709;;9484
08:51:01;709;1023;709;;9360
08:51:02;709;1023;709;;9404
08:51:02;709;1023;709;;9380
08:51:03;709;1023;709;;9376
08:51:03;709;1023;709;;9404
08:51:04;709;1023;709;;9364
08:51:04;709;1023;709;;9360
08:51:05;709;1023;709;;9376
08:51:05;709;1023;709;;9352
08:51:06;709;1023;709;;9380
08:51:06;709;1023;709;;9480
08:51:07;709;1023;709;;9380
08:51:07;709;1023;709;;9380
08:51:08;709;1023;709;;9380
08:51:08;709;1023;709;;9356
08:51:09;709;1023;709;;9376
08:51:09;709;1023;709;;9428
08:51:10;709;1023;709;;9384
08:51:10;709;1023;709;;9376
08:51:11;709;1023;709;;9404
08:51:11;709;1023;709;;9400
08:51:12;709;1023;709;;9376
08:51:12;709;1023;709;;9380
08:51:13;709;1023;709;;9532
08:51:13;709;1023;709;;9488
08:51:14;709;1023;709;;9408
08:51:14;709;1023;709;;9384
08:51:15;709;1023;709;;9380
08:51:15;709;1023;709;;9408
08:51:16;709;1023;709;;9376
08:51:16;709;1023;709;;9408
08:51:17;709;1023;709;;9384
08:51:17;709;1023;709;;9400
08:51:18;709;1023;709;;9428
08:51:18;709;1023;709;;9400
08:51:19;709;1023;709;;9480
08:51:19;709;1023;709;;9404
08:51:20;709;1023;709;;9384
08:51:20;709;1023;709;;9380
08:51:21;709;1023;709;;9352
08:51:21;709;1023;709;;9376
08:51:22;709;1023;709;;9352
08:51:22;709;1023;709;;9404
08:51:23;709;1023;709;;9376
08:51:23;709;1023;709;;9376
08:51:24;709;1023;709;;9356
08:51:24;709;1023;709;;9404
08:51:25;709;1023;709;;9428
08:51:26;709;1023;709;;9480
08:51:26;709;1023;709;;9352
08:51:27;709;1023;709;;9376
08:51:27;709;1023;709;;9380
08:51:28;709;1023;709;;9384
08:51:28;709;1023;709;;9380
08:51:29;709;1023;709;;9376
08:51:29;709;1023;709;;9352
08:51:30;709;1023;709;;9380
08:51:30;709;1023;709;;9348
08:51:31;709;1023;709;;9376
08:51:31;709;1023;709;;9404
08:51:32;709;1023;709;;9376
08:51:32;709;1023;709;;9376
08:51:33;709;1023;709;;9376
08:51:33;709;1023;709;;9360
08:51:34;709;1023;709;;9348
08:51:34;709;1023;709;;9428
08:51:35;709;1023;709;;9352
08:51:35;709;1023;709;;9508
08:51:36;709;1023;709;;9380
08:51:36;709;1023;709;;9428
08:51:37;709;1023;709;;9376
08:51:37;709;1023;709;;9376
08:51:38;709;1023;709;;9380
08:51:38;709;1023;709;;9384
08:51:39;709;1023;709;;9484
08:51:39;709;1023;709;;9364
08:51:40;709;1023;709;;9404
08:51:40;709;1023;709;;9376
08:51:41;709;1023;709;;9504
08:51:41;709;1023;709;;9432
08:51:42;709;1023;709;;9376
08:51:42;709;1023;709;;9380
08:51:43;709;1023;709;;9376
08:51:43;709;1023;709;;9380
08:51:44;709;1023;709;;9380
08:51:44;709;1023;709;;9352
08:51:45;709;1023;709;;9408
08:51:45;709;1023;709;;9408
08:51:46;709;1023;709;;9404
08:51:46;709;1023;709;;9376
08:51:47;709;1023;709;;9380
08:51:47;709;1023;709;;9356
08:51:48;709;1023;709;;9432
08:51:48;709;1023;709;;9380
08:51:49;709;1023;709;;9484
08:51:49;709;1023;709;;9428
08:51:50;709;1023;709;;9400
08:51:50;709;1023;709;;9364
08:51:51;709;1023;709;;9380
08:51:51;709;1023;709;;9428
08:51:52;709;1023;709;;9352
08:51:52;709;1023;709;;9352
08:51:53;709;1023;709;;9380
08:51:53;709;1023;709;;9404
08:51:54;709;1023;709;;9376
08:51:54;709;1023;709;;9348
08:51:55;709;1023;709;;9376
08:51:55;709;1023;709;;9380
08:51:56;709;1023;709;;9376
08:51:56;709;1023;709;;9380
08:51:57;709;1023;709;;9376
08:51:57;709;1023;709;;9376
08:51:58;709;1023;709;;9356
08:51:58;709;1023;709;;9428
08:51:59;709;1023;709;;9424
08:52:00;709;1023;709;;9380
08:52:00;709;1023;709;;9360
08:52:01;709;1023;709;;9428
08:52:01;709;1023;709;;9360
08:52:02;709;1023;709;;9380
08:52:02;709;1023;709;;9352
08:52:03;709;1023;709;;9360
08:52:03;709;1023;709;;9384
08:52:04;709;1023;709;;9384
08:52:04;709;1023;709;;9348
08:52:05;709;1023;709;;9380
08:52:05;709;1023;709;;9428
08:52:06;709;1023;709;;9376
08:52:06;709;1023;709;;9400
08:52:07;709;1023;709;;9376
08:52:07;709;1023;709;;9400
08:52:08;709;1023;709;;9456
08:52:08;709;1023;709;;9380
08:52:09;709;1023;709;;9364
08:52:09;709;1023;709;;9352
08:52:10;709;1023;709;;9348
08:52:10;709;1023;709;;9428
08:52:11;709;1023;709;;9352
08:52:11;709;1023;709;;9376
08:52:12;709;1023;709;;9376
08:52:12;709;1023;709;;9432
08:52:13;709;1023;709;;9376
08:52:13;709;1023;709;;9400
08:52:14;709;1023;709;;9404
08:52:14;709;1023;709;;9380
08:52:15;709;1023;709;;9376
08:52:15;709;1023;709;;9348
08:52:16;709;1023;709;;9364
08:52:16;709;1023;709;;9376
08:52:17;709;1023;709;;9480
08:52:17;709;1023;709;;9400
08:52:18;709;1023;709;;9380
08:52:18;709;1023;709;;9364
08:52:19;709;1023;709;;9380
08:52:19;709;1023;709;;9380
08:52:20;709;1023;709;;9384
08:52:20;709;1023;709;;9384
08:52:21;709;1023;709;;9352
08:52:21;709;1023;709;;9428
08:52:22;709;1023;709;;9428
08:52:22;709;1023;709;;9424
08:52:23;709;1023;709;;9376
08:52:23;709;1023;709;;9376
08:52:24;709;1023;709;;9404
08:52:24;709;1023;709;;9376
08:52:25;709;1023;709;;9380
08:52:25;709;1023;709;;9356
08:52:26;709;1023;709;;9388
08:52:26;709;1023;709;;9428
08:52:27;709;1023;709;;9380
08:52:27;709;1023;709;;9384
08:52:28;709;1023;709;;9352
08:52:28;709;1023;709;;9364
08:52:29;709;1023;709;;9480
08:52:29;709;1023;709;;9356
08:52:30;709;1023;709;;9376
08:52:30;709;1023;709;;9384
08:52:31;709;1023;709;;9408
08:52:31;709;1023;709;;9456
08:52:32;709;1023;709;;9376
08:52:33;709;1023;709;;9352
08:52:33;709;1023;709;;9376
08:52:34;709;1023;709;;9404
08:52:34;709;1023;709;;9380
08:52:35;709;1023;709;;9368
08:52:35;709;1023;709;;9356
08:52:36;709;1023;709;;9352
08:52:36;709;1023;709;;9376
08:52:37;709;1023;709;;9376
08:52:37;709;1023;709;;9376
08:52:38;709;1023;709;;9380
08:52:38;709;1023;709;;9376
08:52:39;709;1023;709;;9348
08:52:39;709;1023;709;;9348
08:52:40;709;1023;709;;9404
08:52:40;709;1023;709;;9348
08:52:41;709;1023;709;;9376
08:52:41;709;1023;709;;9380
08:52:42;709;1023;709;;9368
08:52:42;709;1023;709;;9380
08:52:43;709;1023;709;;9380
08:52:43;709;1023;709;;9380
08:52:44;709;1023;709;;9380
08:52:44;709;1023;709;;9352
08:52:45;709;1023;709;;9384
08:52:45;709;1023;709;;9380
08:52:46;709;1023;709;;9376
08:52:46;709;1023;709;;9480
08:52:47;709;1023;709;;9404
08:52:47;709;1023;709;;9376
08:52:48;709;1023;709;;9376
08:52:48;709;1023;709;;9428
08:52:49;709;1023;709;;9480
08:52:49;709;1023;709;;9404
08:52:50;709;1023;709;;9376
08:52:50;709;1023;709;;9480
08:52:51;709;1023;709;;9376
08:52:51;709;1023;709;;9380
08:52:52;709;1023;709;;9380
08:52:52;709;1023;709;;9352
08:52:53;709;1023;709;;9376
08:52:53;709;1023;709;;9408
08:52:54;709;1023;709;;9380
08:52:54;709;1023;709;;9360
08:52:55;709;1023;709;;9404
08:52:55;709;1023;709;;9372
08:52:56;709;1023;709;;9404
08:52:56;709;1023;709;;9352
08:52:57;709;1023;709;;9380
08:52:57;709;1023;709;;9376
08:52:58;709;1023;709;;9380
08:52:58;709;1023;709;;9356
08:52:59;709;1023;709;;9376
08:52:59;709;1023;709;;9368
08:53:00;709;1023;709;;9376
08:53:00;709;1023;709;;9380
08:53:01;709;1023;709;;9380
08:53:01;709;1023;709;;9408
08:53:02;709;1023;709;;9380
08:53:02;709;1023;709;;9380
08:53:03;709;1023;709;;9376
08:53:03;709;1023;709;;9376
08:53:04;709;1023;709;;9376
08:53:04;709;1023;709;;9368
08:53:05;709;1023;709;;9376
08:53:05;709;1023;709;;9368
08:53:06;709;1023;709;;9368
08:53:07;709;1023;709;;9352
08:53:07;709;1023;709;;9400
08:53:08;709;1023;709;;9352
08:53:08;709;1023;709;;9364
08:53:09;709;1023;709;;9376
08:53:09;709;1023;709;;9480
08:53:10;709;1023;709;;9376
08:53:10;709;1023;709;;9384
08:53:11;709;1023;709;;9404
08:53:11;709;1023;709;;9380
08:53:12;709;1023;709;;9376
08:53:12;709;1023;709;;9376
08:53:13;709;1023;709;;9352
08:53:13;709;1023;709;;9360
08:53:14;709;1023;709;;9380
08:53:14;709;1023;709;;9408
08:53:15;709;1023;709;;9428
08:53:15;709;1023;709;;9380
08:53:16;709;1023;709;;9376
08:53:16;709;1023;709;;9368
08:53:17;709;1023;709;;9376
08:53:17;709;1023;709;;9376
08:53:18;709;1023;709;;9376
08:53:18;709;1023;709;;9380
08:53:19;709;1023;709;;9404
08:53:19;709;1023;709;;9404
08:53:20;709;1023;709;;9400
08:53:20;709;1023;709;;9380
08:53:21;709;1023;709;;9376
08:53:21;709;1023;709;;9380
08:53:22;709;1023;709;;9380
08:53:22;709;1023;709;;9384
08:53:23;709;1023;709;;9356
08:53:23;709;1023;709;;9360
08:53:24;709;1023;709;;9404
08:53:24;709;1023;709;;9348
08:53:25;709;1023;709;;9428
08:53:25;709;1023;709;;9404
08:53:26;709;1023;709;;9364
08:53:26;709;1023;709;;9380
08:53:27;709;1023;709;;9376
08:53:27;709;1023;709;;9360
08:53:28;709;1023;709;;9380
08:53:28;709;1023;709;;9352
08:53:29;709;1023;709;;9404
08:53:29;709;1023;709;;9376
08:53:30;709;1023;709;;9364
08:53:30;709;1023;709;;9380
08:53:31;709;1023;709;;9376
08:53:31;709;1023;709;;9388
08:53:32;709;1023;709;;9352
08:53:32;709;1023;709;;9380
08:53:33;709;1023;709;;9376
08:53:33;709;1023;709;;9404
08:53:34;709;1023;709;;9352
08:53:34;709;1023;709;;9376
08:53:35;709;1023;709;;9384
08:53:35;709;1023;709;;9352
08:53:36;709;1023;709;;9404
08:53:36;709;1023;709;;9376
08:53:37;709;1023;709;;9532
08:53:37;709;1023;709;;9376
08:53:38;709;1023;709;;9376
08:53:38;709;1023;709;;9380
08:53:39;709;1023;709;;9400
08:53:39;709;1023;709;;9376
08:53:40;709;1023;709;;9352
08:53:41;709;1023;709;;9380
08:53:41;709;1023;709;;9380
08:53:42;709;1023;709;;9404
