16:21:18;699;1023;709;
16:21:19;708;1023;710;
16:21:19;709;1023;710;
16:21:20;709;1023;710;
16:21:21;710;1023;710;
16:21:22;710;1023;710;
16:21:23;710;1023;710;
16:21:24;710;1023;710;
16:21:25;710;1023;710;
16:21:26;710;1023;710;
16:21:27;710;1023;710;
16:21:28;710;1023;710;
16:23:27;699;1023;710;
16:23:28;709;1023;710;
16:23:29;710;1023;710;
16:23:30;710;1023;710;
16:23:31;710;1023;710;
16:23:32;710;1023;710;
16:23:33;710;1023;710;
16:23:34;710;1023;710;
16:23:35;710;1023;710;
16:23:36;710;1023;710;
16:23:37;710;1023;710;
16:23:38;710;1023;710;
16:23:39;710;1023;710;
16:23:40;710;1023;710;
16:23:41;710;1023;710;
16:23:42;710;1023;710;
16:23:43;710;1023;710;
16:23:44;710;1023;710;
16:23:45;710;1023;710;
16:23:46;710;1023;710;
16:23:47;710;1023;710;
16:23:48;710;1023;710;
16:23:49;710;1023;710;
16:23:50;710;1023;710;
16:23:51;710;1023;710;
16:23:52;710;1023;710;
16:23:53;710;1023;710;
16:23:54;710;1023;710;
16:23:55;710;1023;710;
16:23:56;710;1023;710;
16:23:57;710;1023;710;
16:23:58;710;1023;710;
16:23:59;710;1023;710;
16:24:00;710;1023;710;
16:24:01;710;1023;710;
16:24:02;710;1023;710;
16:24:03;710;1023;710;
16:24:04;710;1023;710;
16:24:05;710;1023;710;
16:24:06;710;1023;710;
16:24:07;710;1023;710;
16:24:08;710;1023;710;
16:24:09;710;1023;710;
16:24:10;710;1023;710;
16:24:11;710;1023;710;
16:24:12;710;1023;710;
16:24:13;710;1023;710;
16:24:14;710;1023;710;
16:24:15;710;1023;710;
16:24:16;710;1023;710;
16:24:17;710;1023;710;
16:24:18;710;1023;710;
16:24:19;710;1023;710;
16:24:20;710;1023;710;
16:24:21;710;1023;710;
16:24:22;710;1023;710;
16:24:23;710;1023;710;
16:24:24;710;1023;710;
16:24:25;710;1023;710;
16:24:26;710;1023;710;
16:24:27;710;1023;710;
16:24:28;710;1023;710;
16:24:29;710;1023;710;
16:24:30;710;1023;710;
16:24:31;710;1023;710;
16:24:32;710;1023;710;
16:24:33;710;1023;710;
16:24:34;710;1023;710;
16:24:35;710;1023;710;
16:24:36;710;1023;710;
16:24:37;710;1023;710;
16:24:38;710;1023;710;
16:24:39;710;1023;710;
16:24:40;710;1023;710;
16:24:41;710;1023;710;
16:24:42;710;1023;710;
16:24:43;710;1023;710;
16:24:44;710;1023;710;
16:24:45;710;1023;710;
16:24:46;710;1023;710;
16:24:47;710;1023;710;
16:24:48;710;1023;710;
16:24:49;710;1023;710;
16:24:50;710;1023;710;
16:24:51;710;1023;710;
16:24:52;710;1023;710;
16:24:53;710;1023;710;
16:24:54;710;1023;710;
16:24:55;710;1023;710;
16:24:56;710;1023;710;
16:24:57;710;1023;710;
16:24:58;710;1023;710;
16:24:59;710;1023;710;
16:25:00;710;1023;710;
16:25:01;710;1023;710;
16:25:02;710;1023;710;
16:25:03;710;1023;710;
16:25:04;710;1023;710;
16:25:05;710;1023;710;
16:25:06;710;1023;710;
16:25:07;710;1023;710;
16:25:08;710;1023;710;
16:25:09;710;1023;710;
16:25:10;710;1023;710;
16:25:11;710;1023;710;
16:25:12;710;1023;710;
16:25:13;710;1023;710;
16:25:14;710;1023;710;
16:25:15;710;1023;710;
16:25:16;710;1023;710;
16:25:17;710;1023;710;
16:25:18;710;1023;710;
16:25:19;710;1023;710;
16:25:20;710;1023;710;
16:25:21;710;1023;710;
16:25:22;710;1023;710;
16:25:23;710;1023;710;
16:25:24;710;1023;710;
16:25:25;710;1023;710;
16:25:26;710;1023;710;
16:25:27;710;1023;710;
16:25:28;710;1023;710;
16:25:29;710;1023;710;
16:25:30;710;1023;710;
16:25:31;710;1023;710;
16:25:32;710;1023;710;
16:25:33;710;1023;710;
16:25:34;710;1023;710;
16:25:35;710;1023;710;
16:25:36;710;1023;710;
16:25:37;710;1023;710;
16:25:38;710;1023;710;
16:25:39;710;1023;710;
16:25:40;710;1023;710;
16:25:41;710;1023;710;
16:25:42;710;1023;710;
16:25:43;710;1023;710;
16:25:44;710;1023;710;
16:25:45;710;1023;710;
16:25:46;710;1023;710;
16:25:47;710;1023;710;
16:25:48;710;1023;710;
16:25:49;710;1023;710;
16:25:50;710;1023;710;
16:25:51;710;1023;710;
16:25:52;710;1023;710;
16:25:53;710;1023;710;
16:25:54;710;1023;710;
16:25:55;710;1023;710;
16:25:56;710;1023;710;
16:25:57;710;1023;710;
16:25:58;710;1023;710;
16:25:59;710;1023;710;
16:26:00;710;1023;710;
16:26:01;710;1023;710;
16:26:02;710;1023;710;
16:26:03;710;1023;710;
16:26:04;710;1023;710;
16:26:05;710;1023;710;
16:26:06;710;1023;710;
16:26:07;709;1023;710;
16:26:08;710;1023;710;
16:26:09;710;1023;710;
16:26:10;710;1023;710;
16:26:11;710;1023;710;
16:26:12;709;1023;710;
16:26:13;710;1023;710;
16:26:14;710;1023;710;
16:26:15;709;1023;710;
16:26:16;710;1023;710;
16:26:17;710;1023;710;
16:26:18;710;1023;710;
16:26:19;710;1023;710;
16:26:20;710;1023;710;
16:26:21;710;1023;710;
16:26:22;709;1023;710;
16:26:23;709;1023;710;
16:26:24;709;1023;710;
16:26:25;709;1023;710;
16:26:26;709;1023;710;
16:26:27;709;1023;710;
16:26:28;709;1023;710;
16:26:29;709;1023;710;
16:26:30;709;1023;710;
16:26:31;709;1023;710;
16:26:32;709;1023;710;
16:26:33;709;1023;710;
16:26:34;709;1023;710;
16:26:35;709;1023;710;
16:26:36;709;1023;710;
16:26:37;709;1023;710;
16:26:38;709;1023;710;
16:26:39;709;1023;710;
16:26:40;709;1023;709;
16:26:41;709;1023;710;
16:26:42;709;1023;710;
16:26:43;709;1023;710;
16:26:44;709;1023;710;
16:26:45;709;1023;710;
16:26:46;709;1023;710;
16:26:47;709;1023;709;
16:26:48;709;1023;710;
16:26:49;709;1023;710;
16:26:50;709;1023;710;
16:26:51;709;1023;710;
16:26:52;709;1023;710;
16:26:53;709;1023;710;
16:26:54;709;1023;710;
16:26:55;709;1023;710;
16:26:56;709;1023;710;
16:26:57;709;1023;710;
16:26:58;709;1023;710;
16:26:59;709;1023;710;
16:27:00;709;1023;709;
16:27:01;709;1023;710;
16:27:02;709;1023;709;
16:27:03;709;1023;710;
16:27:04;709;1023;710;
16:27:05;709;1023;709;
16:27:06;709;1023;710;
16:27:07;709;1023;709;
16:27:08;709;1023;710;
16:27:09;709;1023;709;
16:27:10;709;1023;710;
16:27:11;709;1023;709;
16:27:12;709;1023;709;
16:27:13;709;1023;709;
16:27:14;709;1023;709;
16:27:15;709;1023;709;
16:27:16;709;1023;709;
16:27:17;709;1023;709;
16:27:18;709;1023;709;
16:27:19;709;1023;709;
16:27:20;709;1023;709;
16:27:21;709;1023;709;
16:27:22;709;1023;709;
16:27:23;709;1023;709;
16:27:24;709;1023;709;
16:27:25;709;1023;709;
16:27:26;709;1023;709;
16:27:27;709;1023;709;
16:27:27;710;1023;710;
16:27:28;709;1023;709;
16:27:29;710;1023;710;
16:27:31;710;1023;710;
16:27:32;709;1023;709;
16:27:33;709;1023;709;
16:27:34;709;1023;709;
16:27:35;709;1023;709;
16:27:36;709;1023;709;
16:27:37;709;1023;709;
16:27:38;709;1023;709;
16:27:39;709;1023;709;
16:27:40;709;1023;709;
16:27:41;709;1023;709;
16:27:42;709;1023;709;
16:39:12;708;1023;709;;10800
16:39:13;708;1023;709;;8268
16:39:13;708;1023;709;;8416
16:39:14;708;1023;709;;9232
16:39:14;708;1023;709;;9344
16:39:15;708;1023;709;;9280
16:39:15;708;1023;709;;9360
16:39:16;708;1023;709;;9232
16:39:16;708;1023;709;;9280
16:39:17;708;1023;709;;9332
16:39:17;708;1023;709;;9280
16:39:18;708;1023;709;;9336
16:39:18;708;1023;709;;9204
16:39:19;708;1023;709;;7424
16:39:19;708;1023;709;;9252
16:39:20;708;1023;709;;9252
16:39:23;708;1023;709;;8340
16:39:23;708;1023;709;;9348
16:39:24;708;1023;709;;9304
16:39:24;708;1023;709;;9228
16:39:25;708;1023;709;;9304
16:39:25;708;1023;709;;9308
16:39:26;708;1023;709;;9304
16:39:26;708;1023;709;;7556
16:39:27;708;1023;709;;9260
16:39:28;708;1023;709;;1968
16:39:28;708;1023;709;;7700
16:39:29;708;1023;709;;8076
16:39:29;708;1023;709;;1924
16:39:30;708;1023;709;;9276
16:39:30;708;1023;709;;6780
16:39:31;708;1023;709;;812
16:39:31;708;1023;709;;708
16:39:32;708;1023;709;;724
16:39:32;708;1023;709;;724
16:39:33;708;1023;709;;692
16:39:33;708;1023;709;;3000
16:39:34;708;1023;709;;3124
16:39:34;708;1023;709;;3396
16:39:35;708;1023;709;;8120
16:39:35;708;1023;709;;7204
16:39:36;708;1023;709;;1844
16:39:36;708;1023;709;;14032
16:39:37;708;1023;709;;7720
16:39:37;708;1023;709;;2724
16:39:38;708;1023;709;;8408
16:39:38;708;1023;709;;8716
16:39:39;708;1023;709;;9380
16:39:39;708;1023;709;;9208
16:39:40;708;1023;709;;8064
16:39:40;708;1023;709;;9056
16:39:41;708;1023;709;;8984
16:39:41;708;1023;709;;8884
16:39:42;708;1023;709;;9300
16:39:42;708;1023;709;;10252
16:39:43;708;1023;709;;7392
16:39:43;708;1023;709;;9128
16:39:44;708;1023;709;;9128
16:39:44;708;1023;709;;6428
16:39:45;708;1023;709;;8040
16:39:45;708;1023;709;;9180
16:39:46;708;1023;709;;8088
16:39:46;708;1023;709;;9156
16:39:47;708;1023;709;;9184
16:39:47;708;1023;709;;9228
16:39:48;708;1023;708;;9152
16:39:48;708;1023;708;;9152
16:39:49;708;1023;709;;9128
16:39:49;708;1023;709;;9204
16:39:50;708;1023;709;;9180
16:39:50;708;1023;709;;9160
16:39:51;708;1023;709;;9228
16:39:51;708;1023;709;;9304
16:39:52;708;1023;709;;8936
16:39:52;708;1023;709;;9152
16:39:53;708;1023;709;;8984
16:39:53;708;1023;709;;9100
16:39:54;708;1023;709;;1584
16:39:54;708;1023;709;;1508
16:39:55;708;1023;709;;1204
16:39:55;708;1023;709;;8568
16:39:56;708;1023;709;;7756
16:39:56;708;1023;709;;956
16:39:57;708;1023;709;;908
16:39:57;708;1023;709;;1088
16:39:58;708;1023;709;;6660
16:39:58;708;1023;709;;772
16:39:59;708;1023;709;;756
16:39:59;708;1023;709;;8192
16:40:00;708;1023;709;;212356
16:40:01;708;1023;709;;932
16:40:01;708;1023;709;;5440
16:40:02;708;1023;708;;792
16:40:02;708;1023;708;;212836
16:40:03;708;1023;709;;588
16:40:03;708;1023;709;;213424
16:40:04;708;1023;709;;704
16:40:04;708;1023;709;;212696
16:40:05;708;1023;709;;676
16:40:05;708;1023;709;;828
16:40:06;708;1023;709;;884
16:40:06;708;1023;709;;816
16:40:07;708;1023;709;;9280
16:40:08;708;1023;709;;9204
16:40:08;708;1023;709;;9100
16:40:09;708;1023;709;;9180
16:40:09;708;1023;709;;9076
16:40:10;708;1023;709;;9132
16:40:10;708;1023;709;;9788
16:40:11;708;1023;709;;9032
16:40:11;708;1023;709;;7512
16:40:12;708;1023;709;;6784
16:40:12;708;1023;709;;6872
16:40:13;708;1023;709;;6996
16:40:13;708;1023;709;;7132
16:40:14;708;1023;709;;6864
16:40:14;708;1023;709;;8648
16:40:15;708;1023;709;;7580
16:40:15;708;1023;709;;7592
16:40:16;708;1023;709;;7728
16:40:16;708;1023;709;;7748
16:40:17;708;1023;709;;8832
16:40:17;708;1023;709;;7640
16:40:18;708;1023;709;;7772
16:40:18;708;1023;709;;7832
16:40:19;708;1023;709;;7844
16:40:19;708;1023;709;;9380
16:40:20;708;1023;709;;9280
16:40:20;708;1023;709;;9384
16:40:21;708;1023;709;;9308
16:40:21;708;1023;709;;9280
16:40:22;708;1023;709;;9280
16:40:22;708;1023;709;;9308
16:40:23;708;1023;709;;9256
16:40:23;708;1023;709;;9384
16:40:24;708;1023;709;;9280
16:40:24;708;1023;709;;9388
16:40:25;708;1023;709;;9280
16:40:25;708;1023;709;;9372
16:40:26;708;1023;709;;9280
16:40:26;708;1023;709;;9280
16:40:27;708;1023;709;;9256
16:40:27;708;1023;709;;9280
16:40:28;708;1023;709;;9256
16:40:28;708;1023;709;;9284
16:40:29;708;1023;709;;9280
16:40:29;708;1023;709;;9284
16:40:30;708;1023;709;;9280
16:40:30;708;1023;709;;9280
16:40:31;708;1023;709;;9308
16:40:31;708;1023;709;;9332
16:40:32;708;1023;709;;9308
16:40:32;708;1023;709;;9304
16:40:33;708;1023;709;;9332
16:40:33;708;1023;709;;9308
16:40:34;708;1023;709;;5248
16:40:34;708;1023;709;;5212
16:40:35;708;1023;709;;5056
16:40:35;708;1023;709;;4928
16:40:36;708;1023;709;;4952
16:40:36;708;1023;709;;3128
16:40:37;708;1023;709;;2972
16:40:37;708;1023;709;;3252
16:40:38;708;1023;709;;5004
16:40:38;708;1023;709;;5032
16:40:39;708;1023;709;;4992
16:40:39;708;1023;709;;5000
16:40:40;708;1023;708;;2996
16:40:40;708;1023;708;;3004
16:40:41;708;1023;709;;4956
16:40:41;708;1023;709;;4936
16:40:42;708;1023;709;;4932
16:40:42;708;1023;709;;4876
16:40:43;708;1023;709;;4932
16:40:43;708;1023;709;;3004
16:40:44;708;1023;709;;6500
16:40:44;708;1023;709;;5040
16:40:45;708;1023;709;;5076
16:40:45;708;1023;709;;5016
16:40:46;708;1023;709;;5064
16:40:46;708;1023;709;;5152
16:40:47;708;1023;709;;9308
16:40:47;708;1023;709;;3148
16:40:48;708;1023;709;;5168
16:40:48;708;1023;709;;5100
16:40:49;708;1023;709;;5072
16:40:49;708;1023;709;;5040
16:40:50;708;1023;709;;5148
16:40:51;708;1023;709;;5172
16:40:51;708;1023;709;;9284
16:40:52;708;1023;709;;9180
16:40:52;708;1023;709;;6612
16:40:53;708;1023;709;;5360
16:40:53;708;1023;709;;5536
16:40:54;708;1023;709;;6576
16:40:54;708;1023;709;;5148
16:40:55;708;1023;709;;5436
16:40:55;708;1023;709;;6588
16:40:56;708;1023;709;;5076
16:40:56;708;1023;709;;5172
16:40:57;708;1023;709;;5360
16:40:57;708;1023;709;;5172
16:40:58;708;1023;709;;5236
16:40:58;708;1023;709;;5212
16:40:59;708;1023;709;;5328
16:40:59;708;1023;709;;6980
16:41:00;708;1023;709;;9284
16:41:00;708;1023;709;;5268
16:41:01;708;1023;709;;3104
16:41:01;708;1023;709;;3200
16:41:02;708;1023;709;;4552
16:41:02;708;1023;709;;6388
16:41:03;708;1023;709;;4656
16:41:03;708;1023;709;;3300
16:41:04;708;1023;709;;3136
16:41:04;708;1023;709;;6376
16:41:05;708;1023;709;;6932
16:41:05;708;1023;709;;3148
16:41:06;708;1023;709;;9256
16:41:06;708;1023;709;;3096
16:41:07;708;1023;709;;7428
16:41:07;708;1023;709;;3156
16:41:08;708;1023;709;;7216
16:41:08;708;1023;709;;3144
16:41:09;708;1023;709;;7032
16:41:09;708;1023;709;;4592
16:41:10;708;1023;709;;4592
16:41:10;708;1023;709;;4708
16:41:11;708;1023;709;;4564
16:41:11;708;1023;709;;4600
16:41:12;708;1023;709;;4632
16:41:12;708;1023;709;;7056
16:41:13;708;1023;709;;9208
16:41:13;708;1023;709;;6964
16:41:14;708;1023;709;;2992
16:41:14;708;1023;709;;4544
16:41:15;708;1023;709;;4540
16:41:15;708;1023;709;;4416
16:41:16;708;1023;709;;4336
16:41:16;708;1023;709;;4180
16:41:17;708;1023;709;;4192
16:41:17;708;1023;709;;4316
16:41:18;708;1023;709;;4700
16:41:18;708;1023;709;;7844
16:41:19;708;1023;709;;4900
16:41:19;708;1023;709;;6764
16:41:20;708;1023;709;;7336
16:41:20;708;1023;709;;7280
16:41:21;708;1023;709;;8864
16:41:21;708;1023;709;;6432
16:41:22;708;1023;709;;6268
16:41:22;708;1023;709;;8864
16:41:23;708;1023;709;;8908
16:41:23;708;1023;709;;9180
16:41:24;708;1023;709;;3056
16:41:24;708;1023;709;;3112
16:41:25;708;1023;709;;9256
16:41:25;708;1023;709;;9212
16:41:26;708;1023;709;;3064
16:41:26;708;1023;709;;3036
16:41:27;708;1023;709;;3056
16:41:27;708;1023;709;;3004
16:41:28;708;1023;709;;3004
16:41:28;708;1023;709;;3036
16:41:29;708;1023;709;;8956
16:41:29;708;1023;709;;9504
16:41:30;708;1023;709;;9208
16:41:30;708;1023;709;;9260
16:41:31;708;1023;709;;3012
16:41:31;708;1023;709;;9208
16:41:32;708;1023;709;;3108
16:41:32;708;1023;709;;3220
16:41:33;708;1023;709;;8452
16:41:33;708;1023;709;;9260
16:41:34;708;1023;709;;9264
16:41:34;708;1023;709;;9280
16:41:35;708;1023;709;;9232
16:41:35;708;1023;709;;9332
16:41:36;708;1023;709;;9308
16:41:36;708;1023;709;;9228
16:41:37;708;1023;709;;9308
16:41:37;708;1023;709;;9256
16:41:38;708;1023;709;;9256
16:41:38;708;1023;709;;9256
16:41:39;708;1023;709;;4856
16:41:39;708;1023;709;;4972
16:41:40;708;1023;709;;6108
16:41:41;708;1023;709;;2236
16:41:41;708;1023;709;;1356
16:41:42;708;1023;709;;1384
16:41:42;708;1023;709;;1364
16:41:43;708;1023;709;;6920
16:41:43;708;1023;709;;1416
16:41:44;708;1023;709;;1780
16:41:44;708;1023;709;;1848
16:41:45;708;1023;709;;1848
16:41:45;708;1023;709;;7948
16:41:46;708;1023;709;;2176
16:41:46;708;1023;709;;2240
16:41:47;708;1023;709;;6696
16:41:47;708;1023;709;;5216
16:41:48;708;1023;709;;2812
16:41:48;708;1023;709;;2720
16:41:49;708;1023;709;;6544
16:41:49;708;1023;709;;9284
16:41:50;708;1023;709;;3072
16:41:50;708;1023;709;;4888
16:41:51;708;1023;709;;8980
16:41:51;708;1023;709;;5076
16:41:52;708;1023;709;;7644
16:41:52;708;1023;709;;8256
16:41:53;708;1023;709;;8540
16:41:53;708;1023;709;;5860
16:41:54;708;1023;709;;7872
16:41:54;708;1023;709;;6076
16:41:55;708;1023;709;;5328
16:41:55;708;1023;709;;3252
16:41:56;708;1023;709;;5744
16:41:56;708;1023;709;;5732
16:41:57;708;1023;709;;5216
16:41:57;708;1023;709;;8776
16:41:58;708;1023;709;;5284
16:41:58;708;1023;709;;5244
16:41:59;708;1023;709;;5400
16:41:59;708;1023;709;;5420
16:42:00;708;1023;709;;5908
16:42:00;708;1023;709;;6180
16:42:01;708;1023;709;;6148
16:42:01;708;1023;709;;6156
16:42:02;708;1023;709;;6372
16:42:02;708;1023;709;;6568
16:42:03;708;1023;709;;6376
16:42:03;708;1023;709;;5320
16:42:04;708;1023;709;;5232
16:42:04;708;1023;709;;5308
16:42:05;708;1023;709;;5404
16:42:05;708;1023;709;;5280
16:42:06;708;1023;709;;5312
16:42:06;708;1023;709;;5436
16:42:07;708;1023;709;;5404
16:42:07;708;1023;709;;5432
16:42:08;708;1023;709;;3196
16:42:08;708;1023;709;;5360
16:42:09;708;1023;709;;5984
16:42:09;708;1023;709;;6436
16:42:10;708;1023;709;;3084
16:42:10;708;1023;709;;5408
16:42:11;708;1023;709;;6808
16:42:11;708;1023;709;;9260
16:42:12;708;1023;709;;8976
16:42:12;708;1023;709;;6532
16:42:13;708;1023;708;;6732
16:42:13;708;1023;708;;9204
16:42:14;708;1023;709;;8724
16:42:14;708;1023;709;;9308
16:42:15;708;1023;709;;9256
16:42:15;708;1023;709;;8092
16:42:16;708;1023;709;;6492
16:42:16;708;1023;709;;6124
16:42:17;708;1023;709;;5412
16:42:17;708;1023;709;;5488
16:42:18;708;1023;709;;5544
16:42:18;708;1023;709;;6028
16:42:19;708;1023;709;;5440
16:42:19;708;1023;709;;5320
16:42:20;708;1023;709;;5512
16:42:20;708;1023;709;;5288
16:42:21;708;1023;709;;5268
16:42:21;708;1023;709;;5404
16:42:22;708;1023;709;;5656
16:42:22;708;1023;709;;5332
16:42:23;708;1023;709;;5376
16:42:23;708;1023;709;;5484
16:42:24;708;1023;709;;5336
16:42:24;708;1023;709;;3100
16:42:25;708;1023;709;;5380
16:42:25;708;1023;709;;5352
16:42:26;708;1023;709;;5424
16:42:26;708;1023;709;;5476
16:42:27;708;1023;709;;5484
16:42:27;708;1023;709;;5412
16:42:28;708;1023;709;;6300
16:42:28;708;1023;709;;6164
16:42:29;708;1023;709;;5368
16:42:29;708;1023;709;;5476
16:42:30;708;1023;709;;5352
16:42:30;708;1023;709;;5308
16:42:31;708;1023;709;;5292
16:42:31;708;1023;709;;5952
16:42:32;708;1023;709;;5364
16:42:33;708;1023;709;;5284
16:42:33;708;1023;709;;5364
16:42:34;708;1023;709;;6212
16:42:34;708;1023;709;;5308
16:42:35;708;1023;708;;6908
16:42:35;708;1023;708;;9384
16:42:36;708;1023;708;;9312
16:42:36;708;1023;708;;9312
16:42:37;708;1023;709;;9336
16:42:37;708;1023;709;;9284
16:42:38;708;1023;709;;9256
16:42:38;708;1023;709;;9260
16:42:39;708;1023;709;;9288
16:42:39;708;1023;709;;9288
16:42:40;708;1023;709;;9284
16:42:40;708;1023;709;;9256
16:42:41;708;1023;709;;9284
16:42:41;708;1023;709;;9380
16:42:42;708;1023;709;;9280
16:42:42;708;1023;709;;9280
16:42:43;708;1023;709;;9264
16:42:43;708;1023;709;;9404
16:42:44;708;1023;709;;9256
16:42:44;708;1023;709;;9284
16:42:45;708;1023;709;;9308
16:42:45;708;1023;709;;9308
16:42:46;708;1023;708;;9412
16:42:46;708;1023;708;;9308
16:42:47;708;1023;709;;9308
16:42:47;708;1023;709;;9308
16:42:48;708;1023;709;;9256
16:42:48;708;1023;709;;9284
16:42:49;708;1023;709;;9284
16:42:49;708;1023;709;;9364
16:42:50;708;1023;709;;9284
16:42:50;708;1023;709;;9332
16:42:51;708;1023;709;;9368
16:42:51;708;1023;709;;9360
16:42:52;708;1023;709;;9284
16:42:52;708;1023;709;;9276
16:42:53;708;1023;709;;9308
16:42:53;708;1023;709;;9284
16:42:54;708;1023;709;;7108
16:42:54;708;1023;709;;8052
16:42:55;708;1023;709;;9260
16:42:55;708;1023;709;;9236
16:42:56;708;1023;709;;9260
16:42:56;708;1023;709;;9352
16:42:57;708;1023;709;;9260
16:42:57;708;1023;709;;9232
16:42:58;708;1023;709;;9284
16:42:58;708;1023;709;;9284
16:42:59;708;1023;709;;9308
16:42:59;708;1023;709;;9308
16:43:00;708;1023;709;;9260
16:43:00;708;1023;709;;9264
16:43:01;708;1023;709;;9284
16:43:01;708;1023;709;;7136
16:43:02;708;1023;709;;7272
16:43:02;708;1023;709;;9212
16:43:03;708;1023;709;;7448
16:43:03;708;1023;709;;9312
16:43:04;708;1023;709;;7176
16:43:04;708;1023;709;;4412
16:43:05;708;1023;709;;7508
16:43:05;708;1023;709;;9260
16:43:06;708;1023;709;;9308
16:43:06;708;1023;709;;9316
16:43:07;708;1023;709;;9308
16:43:08;708;1023;709;;9412
16:43:08;708;1023;709;;9284
16:43:09;708;1023;709;;9260
16:43:09;708;1023;709;;9260
16:43:10;708;1023;709;;9372
16:43:10;708;1023;709;;9308
16:43:11;708;1023;709;;9260
16:43:11;708;1023;709;;9408
16:43:12;708;1023;709;;9284
16:43:12;708;1023;709;;9284
16:43:13;708;1023;709;;9212
16:43:13;708;1023;709;;9232
16:43:14;708;1023;709;;8128
16:43:14;708;1023;709;;8048
16:43:15;708;1023;709;;9260
16:43:15;708;1023;709;;9268
16:43:16;708;1023;709;;9216
16:43:16;708;1023;709;;9288
16:43:17;708;1023;709;;9288
16:43:17;708;1023;709;;9312
16:43:18;708;1023;709;;9312
16:43:18;708;1023;709;;9284
16:43:19;708;1023;709;;9360
16:43:19;708;1023;709;;9312
16:43:20;708;1023;709;;9312
16:43:20;708;1023;709;;9240
16:43:21;708;1023;709;;9388
16:43:21;708;1023;709;;9284
16:43:22;708;1023;709;;9288
16:43:22;708;1023;709;;9288
16:43:23;708;1023;709;;9284
16:43:23;708;1023;709;;9288
16:43:24;708;1023;709;;9280
16:43:24;708;1023;709;;9280
16:43:25;708;1023;709;;9308
16:43:25;708;1023;709;;9312
16:43:26;708;1023;709;;9288
16:43:26;708;1023;709;;9232
16:43:27;708;1023;709;;9288
16:43:27;708;1023;709;;9260
16:43:28;708;1023;709;;9364
16:43:28;708;1023;709;;9312
16:43:29;708;1023;709;;9260
16:43:29;708;1023;709;;9284
16:43:30;708;1023;709;;9308
16:43:30;708;1023;709;;9284
16:43:31;708;1023;709;;9280
16:43:31;708;1023;709;;9304
16:43:32;708;1023;709;;9328
16:43:32;708;1023;709;;9252
16:43:33;708;1023;709;;9280
16:43:33;708;1023;709;;9324
16:43:34;708;1023;709;;9388
16:43:34;708;1023;709;;9276
16:43:35;708;1023;709;;8940
16:43:35;708;1023;709;;9280
16:43:36;708;1023;709;;9304
16:43:36;708;1023;709;;9344
16:43:37;708;1023;709;;9308
16:43:37;708;1023;709;;9284
16:43:38;708;1023;708;;9336
16:43:38;708;1023;708;;9256
16:43:39;708;1023;709;;9284
16:43:39;708;1023;709;;9284
16:43:40;708;1023;709;;9372
16:43:40;708;1023;709;;9288
16:43:41;708;1023;709;;9280
16:43:42;708;1023;709;;9260
16:43:42;708;1023;709;;9344
16:43:43;708;1023;709;;9284
16:43:43;708;1023;709;;9336
16:43:44;708;1023;708;;9280
16:43:44;708;1023;708;;9284
16:43:45;708;1023;708;;9260
16:43:45;708;1023;708;;9260
16:43:46;708;1023;708;;9284
16:43:46;708;1023;708;;9284
16:43:47;708;1023;708;;9264
16:43:47;708;1023;708;;9280
16:43:48;708;1023;708;;9280
16:43:48;708;1023;708;;6704
16:43:49;708;1023;708;;9256
16:43:49;708;1023;708;;9284
16:43:50;708;1023;708;;9284
16:43:50;708;1023;708;;8072
16:43:51;708;1023;708;;9284
16:43:51;708;1023;708;;9236
16:43:52;708;1023;709;;9260
16:43:52;708;1023;709;;9236
16:43:53;708;1023;708;;9284
16:43:53;708;1023;708;;9312
16:43:54;708;1023;708;;9236
16:43:54;708;1023;708;;9284
16:43:55;708;1023;709;;9372
16:43:55;708;1023;709;;9312
16:43:56;708;1023;709;;9256
16:43:56;708;1023;709;;9284
16:43:57;708;1023;708;;9280
16:43:57;708;1023;708;;9332
16:43:58;708;1023;708;;9312
16:43:58;708;1023;708;;4440
16:43:59;708;1023;708;;9284
16:43:59;708;1023;708;;9352
16:44:00;708;1023;708;;9336
16:44:00;708;1023;708;;9284
16:44:01;708;1023;708;;9260
16:44:01;708;1023;708;;9284
16:44:02;708;1023;708;;4440
16:44:02;708;1023;708;;9284
16:44:03;708;1023;708;;9388
16:44:03;708;1023;708;;9260
16:44:04;708;1023;708;;9232
16:44:04;708;1023;708;;9284
16:44:05;708;1023;708;;9356
16:44:05;708;1023;708;;9380
16:44:06;708;1023;708;;9284
16:44:06;708;1023;708;;9260
16:44:07;708;1023;708;;9336
16:44:07;708;1023;708;;9332
16:44:08;708;1023;708;;9232
16:44:08;708;1023;708;;9204
16:44:09;708;1023;708;;9332
16:44:09;708;1023;708;;9280
16:44:10;708;1023;708;;9264
16:44:10;708;1023;708;;9336
16:44:11;708;1023;708;;9284
16:44:11;708;1023;708;;9364
16:44:12;708;1023;708;;9260
16:44:12;708;1023;708;;9312
16:44:13;708;1023;708;;9280
16:44:13;708;1023;708;;9360
16:44:14;708;1023;708;;9264
16:44:14;708;1023;708;;9284
16:44:15;708;1023;708;;9284
16:44:15;708;1023;708;;9408
16:44:16;708;1023;708;;9256
16:44:17;708;1023;709;;9360
16:44:17;708;1023;709;;9312
16:44:18;708;1023;709;;9308
16:44:18;708;1023;709;;9308
16:44:19;708;1023;709;;9232
16:44:19;708;1023;709;;9364
16:44:20;708;1023;708;;9232
16:44:20;708;1023;708;;9284
16:44:21;708;1023;709;;9268
16:44:21;708;1023;709;;9260
16:44:22;708;1023;709;;9188
16:44:22;708;1023;709;;2336
16:44:23;708;1023;708;;2308
16:44:23;708;1023;708;;2328
16:44:24;708;1023;708;;2544
16:44:24;708;1023;708;;2484
16:44:25;708;1023;708;;9236
16:44:25;708;1023;708;;9364
16:44:26;708;1023;708;;7976
16:44:26;708;1023;708;;9260
16:44:27;708;1023;708;;9256
16:44:27;708;1023;708;;9260
16:44:28;708;1023;708;;9388
16:44:28;708;1023;708;;9236
16:44:29;708;1023;708;;9260
16:44:29;708;1023;708;;9256
16:44:30;708;1023;708;;9256
16:44:30;708;1023;708;;9256
16:44:31;708;1023;708;;9284
16:44:31;708;1023;708;;9260
16:44:32;708;1023;708;;9232
16:44:32;708;1023;708;;9284
16:44:33;708;1023;708;;9280
16:44:33;708;1023;708;;9360
16:44:34;708;1023;708;;9308
16:44:34;708;1023;708;;9264
16:44:35;708;1023;709;;6684
16:44:35;708;1023;709;;9332
16:44:36;708;1023;708;;9308
16:44:36;708;1023;708;;9308
16:44:37;708;1023;708;;7040
16:44:37;708;1023;708;;9260
16:44:38;708;1023;708;;9288
16:44:38;708;1023;708;;4684
16:44:39;708;1023;708;;9308
16:44:39;708;1023;708;;9284
16:44:40;708;1023;708;;9388
16:44:40;708;1023;708;;9280
16:44:41;708;1023;708;;9288
16:44:41;708;1023;708;;9364
16:44:42;708;1023;708;;9312
16:44:42;708;1023;708;;9264
16:44:43;708;1023;708;;9284
16:44:43;708;1023;708;;9284
16:44:44;708;1023;708;;9260
16:44:44;708;1023;708;;9372
16:44:45;708;1023;708;;9336
16:44:45;708;1023;708;;9256
16:44:46;708;1023;708;;9280
16:44:46;708;1023;708;;9332
16:44:47;708;1023;708;;9284
16:44:47;708;1023;708;;9360
16:44:48;708;1023;708;;6956
16:44:48;708;1023;708;;9308
16:44:49;708;1023;708;;9336
16:44:49;708;1023;708;;9236
16:44:50;708;1023;708;;9260
16:44:50;708;1023;708;;9256
16:44:51;708;1023;708;;9236
16:44:51;708;1023;708;;6824
16:44:52;708;1023;708;;9284
16:44:53;708;1023;708;;9364
16:44:53;708;1023;708;;9228
16:44:54;708;1023;708;;9284
16:44:54;708;1023;708;;9232
16:44:55;708;1023;708;;9280
16:44:55;708;1023;708;;9260
16:44:56;708;1023;708;;9284
16:44:56;708;1023;708;;9256
16:44:57;708;1023;708;;9408
16:44:57;708;1023;708;;9364
16:44:58;708;1023;708;;9308
16:44:58;708;1023;708;;9236
16:44:59;708;1023;708;;9264
16:44:59;708;1023;708;;9256
16:45:00;708;1023;708;;9284
16:45:00;708;1023;708;;9384
16:45:01;708;1023;708;;9336
16:45:01;708;1023;708;;9312
16:45:02;708;1023;708;;6640
16:45:02;708;1023;708;;6776
16:45:03;708;1023;708;;5640
16:45:03;708;1023;708;;9648
16:45:04;708;1023;708;;9280
16:45:04;708;1023;708;;9408
16:45:05;708;1023;708;;9280
16:45:05;708;1023;708;;6496
16:45:06;708;1023;708;;9256
16:45:06;708;1023;708;;9280
16:45:07;708;1023;708;;9256
16:45:07;708;1023;708;;9256
16:45:08;708;1023;708;;9260
16:45:08;708;1023;708;;9304
16:45:09;708;1023;708;;9328
16:45:09;708;1023;708;;9256
16:45:10;708;1023;708;;9280
16:45:10;708;1023;708;;9308
16:45:11;708;1023;708;;9212
16:45:11;708;1023;708;;9280
16:45:12;708;1023;708;;9304
16:45:12;708;1023;708;;6132
16:45:13;708;1023;708;;9364
16:45:13;708;1023;708;;9336
16:45:14;708;1023;708;;9308
16:45:14;708;1023;708;;6320
16:45:15;708;1023;708;;9284
16:45:15;708;1023;708;;9232
16:45:16;708;1023;708;;9232
16:45:16;708;1023;708;;6300
16:45:17;708;1023;708;;9260
16:45:17;708;1023;708;;9256
16:45:18;708;1023;708;;9304
16:45:18;708;1023;708;;6680
16:45:19;708;1023;708;;9232
16:45:19;708;1023;708;;9284
16:45:20;708;1023;708;;6372
16:45:20;708;1023;708;;9308
16:45:21;708;1023;708;;9280
16:45:21;708;1023;708;;7952
16:45:22;708;1023;708;;9208
16:45:22;708;1023;708;;9304
16:45:23;708;1023;708;;9256
16:45:23;708;1023;708;;9000
16:45:24;708;1023;708;;9260
16:45:24;708;1023;708;;9284
16:45:25;708;1023;708;;6428
16:45:25;708;1023;708;;5152
16:45:26;708;1023;708;;9360
16:45:26;708;1023;708;;9252
16:45:27;708;1023;708;;9256
16:45:27;708;1023;708;;9280
16:45:28;708;1023;708;;9280
16:45:29;708;1023;708;;9284
16:45:29;708;1023;708;;9388
16:45:30;708;1023;708;;9284
16:45:30;708;1023;708;;9264
16:45:31;708;1023;708;;9308
16:45:31;708;1023;708;;6576
16:45:32;708;1023;708;;9260
16:45:32;708;1023;708;;6372
16:45:33;708;1023;708;;9264
16:45:33;708;1023;708;;9256
16:45:34;708;1023;708;;9288
16:45:34;708;1023;708;;9364
16:45:35;708;1023;708;;6652
16:45:35;708;1023;708;;9288
16:45:36;708;1023;708;;9360
16:45:36;708;1023;708;;9308
16:45:37;708;1023;708;;9304
16:45:37;708;1023;708;;9380
16:45:38;708;1023;708;;9256
16:45:38;708;1023;708;;9256
16:45:39;708;1023;708;;8220
16:45:39;708;1023;708;;9280
16:45:40;708;1023;708;;9284
16:45:40;708;1023;708;;9276
16:45:41;708;1023;708;;9280
16:45:41;708;1023;708;;9280
16:45:42;708;1023;708;;9332
16:45:42;708;1023;708;;6868
16:45:43;708;1023;708;;9280
16:45:43;708;1023;708;;9280
16:45:44;708;1023;708;;9276
16:45:44;708;1023;708;;9256
16:45:45;708;1023;708;;9332
16:45:45;708;1023;708;;9356
16:45:46;708;1023;708;;9280
16:45:46;708;1023;708;;6644
16:45:47;708;1023;708;;9284
16:45:47;708;1023;708;;9308
16:45:48;708;1023;708;;9280
16:45:48;708;1023;708;;9284
16:45:49;708;1023;708;;9232
16:45:49;708;1023;708;;5496
16:45:50;708;1023;708;;9208
16:45:50;708;1023;708;;8148
16:45:51;708;1023;708;;9204
16:45:51;708;1023;708;;9312
16:45:52;708;1023;708;;9416
16:45:52;708;1023;708;;9308
16:45:53;708;1023;708;;9364
16:45:53;708;1023;708;;9356
16:45:54;708;1023;708;;2380
16:45:54;708;1023;708;;9236
16:45:55;708;1023;708;;9232
16:45:55;708;1023;708;;9280
16:45:56;708;1023;708;;8952
16:45:56;708;1023;708;;9232
16:45:57;708;1023;708;;5464
16:45:57;708;1023;708;;8852
16:45:58;708;1023;708;;9228
16:45:58;708;1023;708;;9332
16:45:59;708;1023;708;;9256
16:45:59;708;1023;708;;9260
16:46:00;708;1023;708;;9280
16:46:00;708;1023;708;;9228
16:46:01;708;1023;708;;9204
16:46:01;708;1023;708;;9232
16:46:02;708;1023;708;;9328
16:46:02;708;1023;708;;9276
16:46:03;708;1023;708;;9348
16:46:04;708;1023;708;;9332
16:46:04;708;1023;708;;9284
16:46:05;708;1023;708;;9284
16:46:05;708;1023;708;;9232
16:46:06;708;1023;708;;9256
16:46:06;708;1023;708;;9256
16:46:07;708;1023;708;;9304
16:46:07;708;1023;708;;9204
16:46:08;708;1023;708;;9228
16:46:08;708;1023;708;;9232
16:46:09;708;1023;708;;9280
16:46:09;708;1023;708;;9256
16:46:10;708;1023;708;;9312
16:46:10;708;1023;708;;9308
16:46:11;708;1023;708;;9232
16:46:11;708;1023;708;;9280
16:46:12;708;1023;708;;4412
16:46:12;708;1023;708;;4408
16:46:13;708;1023;708;;4436
16:46:13;708;1023;708;;9256
16:46:14;708;1023;708;;9232
16:46:14;708;1023;708;;9412
16:46:15;708;1023;708;;9308
16:46:15;708;1023;708;;9204
16:46:16;708;1023;708;;9236
16:46:16;708;1023;708;;9312
16:46:17;708;1023;708;;9308
16:46:17;708;1023;708;;9264
16:46:18;708;1023;708;;9256
16:46:18;708;1023;708;;9284
16:46:19;708;1023;708;;9256
16:46:19;708;1023;708;;9308
16:46:20;708;1023;708;;9256
16:46:20;708;1023;708;;9308
16:46:21;708;1023;708;;9304
16:46:21;708;1023;708;;9284
16:46:22;708;1023;708;;9308
16:46:22;708;1023;708;;9332
16:46:23;708;1023;708;;9256
16:46:23;708;1023;708;;9232
16:46:24;708;1023;708;;9260
16:46:24;708;1023;708;;9332
16:46:25;708;1023;708;;9336
16:46:25;708;1023;708;;9256
16:46:26;708;1023;708;;9284
16:46:26;708;1023;708;;9284
16:46:27;708;1023;708;;6148
16:46:27;708;1023;708;;9232
16:46:28;708;1023;708;;8872
16:46:28;708;1023;708;;9276
16:46:29;708;1023;708;;9256
16:46:29;708;1023;708;;9256
16:46:30;708;1023;708;;9304
16:46:30;708;1023;708;;9280
16:46:31;708;1023;708;;9332
16:46:31;708;1023;708;;9308
16:46:32;708;1023;708;;8796
16:46:32;708;1023;708;;9256
16:46:33;708;1023;708;;7764
16:46:33;708;1023;708;;9284
16:46:34;708;1023;708;;4700
16:46:34;708;1023;708;;9232
16:46:35;708;1023;708;;5048
16:46:35;708;1023;708;;4988
16:46:36;708;1023;708;;5112
16:46:36;708;1023;708;;5264
16:46:37;708;1023;708;;5348
16:46:37;708;1023;708;;6288
16:46:38;708;1023;708;;3252
16:46:38;708;1023;708;;3204
16:46:39;708;1023;708;;5168
16:46:39;708;1023;708;;3212
16:46:40;708;1023;708;;3228
16:46:40;708;1023;708;;5988
16:46:41;708;1023;708;;8984
16:46:42;708;1023;708;;6316
16:46:42;708;1023;708;;6228
16:46:43;708;1023;708;;7084
16:46:43;708;1023;708;;7616
16:46:44;708;1023;708;;4568
16:46:44;708;1023;708;;4932
16:46:45;708;1023;708;;9252
16:46:45;708;1023;708;;9304
16:46:46;708;1023;708;;9308
16:46:46;708;1023;708;;9232
16:46:47;708;1023;708;;9280
16:46:47;708;1023;708;;6428
16:46:48;708;1023;708;;6656
16:46:48;708;1023;708;;8100
16:46:49;708;1023;708;;9372
16:46:49;708;1023;708;;9308
16:46:50;708;1023;708;;9308
16:46:50;708;1023;708;;9256
16:46:51;708;1023;708;;9280
16:46:51;708;1023;708;;9256
16:46:52;708;1023;708;;9332
16:46:52;708;1023;708;;9280
16:46:53;708;1023;708;;9280
16:46:53;708;1023;708;;9308
16:46:54;708;1023;708;;9308
16:46:54;708;1023;708;;9348
16:46:55;708;1023;708;;9284
16:46:55;708;1023;708;;9228
16:46:56;708;1023;708;;9348
16:46:56;708;1023;708;;9284
16:46:57;708;1023;708;;9368
16:46:57;708;1023;708;;9236
16:46:58;708;1023;708;;9284
16:46:58;708;1023;708;;9208
16:46:59;708;1023;708;;9308
16:46:59;708;1023;708;;9384
16:47:00;708;1023;708;;9280
16:47:00;708;1023;708;;9384
16:47:01;708;1023;708;;9256
16:47:01;708;1023;708;;9256
16:47:02;708;1023;708;;9284
16:47:02;708;1023;708;;9356
16:47:03;708;1023;708;;9332
16:47:03;708;1023;708;;9260
16:47:04;708;1023;708;;9288
16:47:04;708;1023;708;;8860
16:47:05;708;1023;708;;9232
16:47:05;708;1023;708;;9256
16:47:06;708;1023;708;;9232
16:47:06;708;1023;708;;9336
16:47:07;708;1023;708;;9204
16:47:07;708;1023;708;;9256
16:47:08;708;1023;708;;9308
16:47:08;708;1023;708;;9256
16:47:09;708;1023;708;;9256
16:47:09;708;1023;708;;9328
16:47:10;708;1023;708;;9276
16:47:10;708;1023;708;;9256
16:47:11;708;1023;708;;9256
16:47:11;708;1023;708;;6440
16:47:12;708;1023;708;;9256
16:47:12;708;1023;708;;9308
16:47:13;708;1023;708;;6420
16:47:13;708;1023;708;;9228
16:47:14;708;1023;708;;9308
16:47:14;708;1023;708;;9356
16:47:15;708;1023;708;;9380
16:47:15;708;1023;708;;9256
16:47:16;708;1023;708;;9308
16:47:17;708;1023;708;;9332
16:47:17;708;1023;708;;9308
16:47:18;708;1023;708;;9252
16:47:18;708;1023;708;;9256
16:47:19;708;1023;708;;9256
16:47:19;708;1023;708;;9336
16:47:20;708;1023;708;;9360
16:47:20;708;1023;708;;9228
16:47:21;708;1023;708;;9308
16:47:21;708;1023;708;;9256
16:47:22;708;1023;708;;9280
16:47:22;708;1023;708;;9304
16:47:23;708;1023;708;;9280
16:47:23;708;1023;708;;9336
16:47:24;708;1023;708;;9308
16:47:24;708;1023;708;;9256
16:47:25;708;1023;708;;9228
16:47:25;708;1023;708;;5244
16:47:26;708;1023;708;;3088
16:47:26;708;1023;708;;9260
16:47:27;708;1023;708;;7156
16:47:27;708;1023;708;;9384
16:47:28;708;1023;708;;9332
16:47:28;708;1023;708;;9328
16:47:29;708;1023;708;;7976
16:47:29;708;1023;708;;9232
16:47:30;708;1023;708;;4936
16:47:30;708;1023;708;;8904
16:47:31;708;1023;708;;6296
16:47:31;708;1023;708;;4940
16:47:32;708;1023;708;;4800
16:47:32;708;1023;708;;6360
16:47:33;708;1023;708;;6300
16:47:33;708;1023;708;;6256
16:47:34;708;1023;708;;7892
16:47:34;708;1023;708;;4940
16:47:35;708;1023;708;;9220
16:47:35;708;1023;708;;7816
16:47:36;708;1023;708;;7640
16:47:36;708;1023;708;;8728
16:47:37;708;1023;708;;9252
16:47:37;708;1023;708;;9332
16:47:38;708;1023;708;;9308
16:47:38;708;1023;708;;9384
16:47:39;708;1023;708;;9284
16:47:39;708;1023;708;;9304
16:47:40;708;1023;708;;9304
16:47:40;708;1023;708;;9408
16:47:41;708;1023;708;;9368
16:47:41;708;1023;708;;9256
16:47:42;708;1023;708;;9260
16:47:42;708;1023;708;;9312
16:47:43;708;1023;708;;9308
16:47:43;708;1023;708;;9256
16:47:44;708;1023;708;;9364
16:47:44;708;1023;708;;9312
16:47:45;708;1023;708;;9208
16:47:45;708;1023;708;;9284
16:47:46;708;1023;708;;9280
16:47:46;708;1023;708;;9356
16:47:47;708;1023;708;;9284
16:47:47;708;1023;708;;9232
16:47:48;708;1023;708;;9336
16:47:48;708;1023;708;;9284
16:47:49;708;1023;708;;9228
16:47:49;708;1023;708;;9228
16:47:50;708;1023;708;;9360
16:47:50;708;1023;708;;9264
16:47:51;708;1023;708;;9284
16:47:51;708;1023;708;;6560
16:47:52;708;1023;708;;9336
16:47:52;708;1023;708;;9284
16:47:53;708;1023;708;;5344
16:47:54;708;1023;708;;6232
16:47:54;708;1023;708;;6464
16:47:55;708;1023;708;;6732
16:47:55;708;1023;708;;6568
16:47:56;708;1023;708;;9232
16:47:56;708;1023;708;;9280
16:47:57;708;1023;708;;6496
16:47:57;708;1023;708;;6320
16:47:58;708;1023;708;;6560
16:47:58;708;1023;708;;6708
16:47:59;708;1023;708;;7288
16:47:59;708;1023;708;;7284
16:48:00;708;1023;708;;6612
16:48:00;708;1023;708;;6272
16:48:01;708;1023;708;;6136
16:48:01;708;1023;708;;6076
16:48:02;708;1023;708;;9308
16:48:02;708;1023;708;;9280
16:48:03;708;1023;708;;9284
16:48:03;708;1023;708;;9232
16:48:04;708;1023;708;;6772
16:48:04;708;1023;708;;6624
16:48:05;708;1023;708;;7872
16:48:05;708;1023;708;;6888
16:48:06;708;1023;708;;9348
16:48:06;708;1023;708;;9256
16:48:07;708;1023;708;;9332
16:48:07;708;1023;708;;6512
16:48:08;708;1023;708;;9256
16:48:08;708;1023;708;;9232
16:48:09;708;1023;708;;6576
16:48:09;708;1023;708;;6520
16:48:10;708;1023;708;;7788
16:48:10;708;1023;708;;8844
16:48:11;708;1023;708;;6644
16:48:11;708;1023;708;;9304
16:48:12;708;1023;708;;6748
16:48:12;708;1023;708;;9304
16:48:13;708;1023;708;;7396
16:48:13;708;1023;708;;6408
16:48:14;708;1023;708;;7452
16:48:14;708;1023;708;;7560
16:48:15;708;1023;708;;6344
16:48:15;708;1023;708;;6872
16:48:16;708;1023;708;;9308
16:48:16;708;1023;708;;9252
16:48:17;708;1023;708;;9232
16:48:17;708;1023;708;;7116
16:48:18;708;1023;708;;3832
16:48:18;708;1023;708;;9236
16:48:19;708;1023;708;;9256
16:48:19;708;1023;708;;9284
16:48:20;708;1023;708;;9308
16:48:20;708;1023;708;;9284
16:48:21;708;1023;708;;9332
16:48:21;708;1023;708;;9308
16:48:22;708;1023;708;;9304
16:48:22;708;1023;708;;9252
16:48:23;708;1023;708;;9252
16:48:23;708;1023;708;;9284
16:48:24;708;1023;708;;9280
16:48:24;708;1023;708;;9304
16:48:25;708;1023;708;;9280
16:48:25;708;1023;708;;9256
16:48:26;708;1023;708;;9280
16:48:26;708;1023;708;;9280
16:48:27;708;1023;708;;8172
16:48:27;708;1023;708;;9280
16:48:28;708;1023;708;;9256
16:48:28;708;1023;708;;9256
16:48:29;708;1023;708;;9308
16:48:29;708;1023;708;;9232
16:48:30;708;1023;708;;9232
16:48:30;708;1023;708;;9232
16:48:31;708;1023;708;;9260
16:48:32;708;1023;708;;9308
16:48:32;708;1023;708;;9308
16:48:33;708;1023;708;;9284
16:48:33;708;1023;708;;9232
16:48:34;708;1023;708;;9372
16:48:34;708;1023;708;;9308
16:48:35;708;1023;708;;9280
16:48:35;708;1023;708;;9280
16:48:36;708;1023;708;;9332
16:48:36;708;1023;708;;9384
16:48:37;708;1023;708;;9280
16:48:37;708;1023;708;;9332
16:48:38;708;1023;708;;9356
16:48:38;708;1023;708;;9332
16:48:39;708;1023;708;;9304
16:48:39;708;1023;708;;9308
16:48:40;708;1023;708;;9280
16:48:40;708;1023;708;;9372
16:48:41;708;1023;708;;9328
16:48:41;708;1023;708;;8024
16:48:42;708;1023;708;;9404
16:48:42;708;1023;708;;9380
16:48:43;708;1023;708;;9252
16:48:43;708;1023;708;;9360
16:48:44;708;1023;708;;9280
16:48:44;708;1023;708;;9280
16:48:45;708;1023;708;;9304
16:48:45;708;1023;708;;9256
16:48:46;708;1023;708;;9304
16:48:46;708;1023;708;;9304
16:48:47;708;1023;708;;9252
16:48:47;708;1023;708;;9304
16:48:48;708;1023;708;;9256
16:48:48;708;1023;708;;9308
16:48:49;708;1023;708;;9304
16:48:49;708;1023;708;;9280
16:48:50;708;1023;708;;9380
16:48:50;708;1023;708;;9260
16:48:51;708;1023;708;;9380
16:48:51;708;1023;708;;9328
16:48:52;708;1023;708;;9276
16:48:52;708;1023;708;;9284
16:48:53;708;1023;708;;9280
16:48:53;708;1023;708;;9276
16:48:54;708;1023;708;;9332
16:48:54;708;1023;708;;9408
16:48:55;708;1023;708;;9356
16:48:55;708;1023;708;;9284
16:48:56;708;1023;708;;9280
16:48:56;708;1023;708;;9256
16:48:57;708;1023;708;;9304
16:48:57;708;1023;708;;9304
16:48:58;708;1023;708;;9284
16:48:58;708;1023;708;;9280
16:48:59;708;1023;708;;9256
16:48:59;708;1023;708;;7724
16:49:00;708;1023;708;;9384
16:49:00;708;1023;708;;9308
16:49:01;708;1023;708;;9332
16:49:01;708;1023;708;;5652
16:49:02;708;1023;708;;9280
16:49:02;708;1023;708;;9364
16:49:03;708;1023;708;;9256
16:49:03;708;1023;708;;9336
16:49:04;708;1023;708;;9340
16:49:04;708;1023;708;;5440
16:49:05;708;1023;708;;5700
16:49:05;708;1023;708;;5684
16:49:06;708;1023;708;;5644
16:49:07;708;1023;708;;5676
16:49:07;708;1023;708;;5672
16:49:08;708;1023;708;;6640
16:49:08;708;1023;708;;9308
16:49:09;708;1023;708;;9304
16:49:09;708;1023;708;;9280
16:49:10;708;1023;708;;9256
16:49:10;708;1023;708;;9260
16:49:11;708;1023;708;;9276
16:49:11;708;1023;708;;9256
16:49:12;708;1023;708;;9256
16:49:12;708;1023;708;;9380
16:49:13;708;1023;708;;9256
16:49:13;708;1023;708;;9252
16:49:14;708;1023;708;;9332
16:49:14;708;1023;708;;9308
16:49:15;708;1023;708;;9280
16:49:15;708;1023;708;;9232
16:49:16;708;1023;708;;9356
16:49:16;708;1023;708;;9260
16:49:17;708;1023;708;;9252
16:49:17;708;1023;708;;4708
16:49:18;708;1023;708;;4684
16:49:18;708;1023;708;;4752
16:49:19;708;1023;708;;9228
16:49:19;708;1023;708;;4700
16:49:20;708;1023;708;;4680
16:49:20;708;1023;708;;4760
16:49:21;708;1023;708;;4716
16:49:21;708;1023;708;;4768
16:49:22;708;1023;708;;4828
16:49:22;708;1023;708;;9304
16:49:23;708;1023;708;;4720
16:49:23;708;1023;708;;4768
16:49:24;708;1023;708;;4776
16:49:24;708;1023;708;;4780
16:49:25;708;1023;708;;4824
16:49:25;708;1023;708;;4804
16:49:26;708;1023;708;;4868
16:49:26;708;1023;708;;4844
16:49:27;708;1023;708;;4780
16:49:27;708;1023;708;;9332
16:49:28;708;1023;708;;4560
16:49:28;708;1023;708;;4708
16:49:29;708;1023;708;;4700
16:49:29;708;1023;708;;4668
16:49:30;708;1023;708;;9308
16:49:30;708;1023;708;;9356
16:49:31;708;1023;708;;4572
16:49:31;708;1023;708;;9308
16:49:32;708;1023;708;;9304
16:49:32;708;1023;708;;9304
16:49:33;708;1023;708;;6524
16:49:33;708;1023;708;;9232
16:49:34;708;1023;708;;4568
16:49:34;708;1023;708;;9372
16:49:35;708;1023;708;;9328
16:49:35;708;1023;708;;9232
16:49:36;708;1023;708;;9380
16:49:36;708;1023;708;;9228
16:49:37;708;1023;708;;9332
16:49:37;708;1023;708;;9232
16:49:38;708;1023;708;;6404
16:49:38;708;1023;708;;6584
16:49:39;708;1023;708;;9304
16:49:39;708;1023;708;;9256
16:49:40;708;1023;708;;9260
16:49:40;708;1023;708;;9256
16:49:41;708;1023;708;;9332
16:49:41;708;1023;708;;9256
16:49:42;708;1023;708;;9232
16:49:42;708;1023;708;;9224
16:49:43;708;1023;708;;9228
16:49:43;708;1023;708;;9336
16:49:44;708;1023;708;;9276
16:49:44;708;1023;708;;9252
16:49:45;708;1023;708;;9256
16:49:45;708;1023;708;;9232
16:49:46;708;1023;708;;9352
16:49:46;708;1023;708;;9224
16:49:47;708;1023;708;;9308
16:49:48;708;1023;708;;9204
16:49:48;708;1023;708;;9280
16:49:49;708;1023;708;;9280
16:49:49;708;1023;708;;9200
16:49:50;708;1023;708;;9280
16:49:50;708;1023;708;;9280
16:49:51;708;1023;708;;9284
16:49:51;708;1023;708;;9204
16:49:52;708;1023;708;;9256
16:49:52;708;1023;708;;9352
16:49:53;708;1023;708;;9232
16:49:53;708;1023;708;;9232
16:49:54;708;1023;708;;9304
16:49:54;708;1023;708;;9256
16:49:55;708;1023;708;;9796
16:49:55;708;1023;708;;7068
16:49:56;708;1023;708;;9360
16:49:56;708;1023;708;;9232
16:49:57;708;1023;708;;9232
16:49:57;708;1023;708;;7992
16:49:58;708;1023;708;;9276
16:49:58;708;1023;708;;9432
16:49:59;708;1023;708;;9308
16:49:59;708;1023;708;;9352
16:50:00;708;1023;708;;9256
16:50:00;708;1023;708;;9380
16:50:01;708;1023;708;;9252
16:50:01;708;1023;708;;9280
16:50:02;708;1023;708;;7996
16:50:02;708;1023;708;;9276
16:50:03;708;1023;708;;9252
16:50:03;708;1023;708;;9256
16:50:04;708;1023;708;;9256
16:50:04;708;1023;708;;9252
16:50:05;708;1023;708;;9252
16:50:05;708;1023;708;;9276
16:50:06;708;1023;708;;9232
16:50:06;708;1023;708;;9252
16:50:07;708;1023;708;;4128
16:50:07;708;1023;708;;9328
16:50:08;708;1023;708;;9300
16:50:08;708;1023;708;;9276
16:50:09;708;1023;708;;9280
16:50:09;708;1023;708;;9276
16:50:10;708;1023;708;;9228
16:50:10;708;1023;708;;9276
16:50:11;708;1023;708;;9256
16:50:11;708;1023;708;;9304
16:50:12;708;1023;708;;9360
16:50:12;708;1023;708;;9280
16:50:13;708;1023;708;;9360
16:50:13;708;1023;708;;9304
16:50:14;708;1023;708;;9260
16:50:14;708;1023;708;;9256
16:50:15;708;1023;708;;9256
16:50:15;708;1023;708;;9228
16:50:16;708;1023;708;;9276
16:50:16;708;1023;708;;9276
16:50:17;708;1023;708;;9228
16:50:17;708;1023;708;;9308
16:50:18;708;1023;708;;9260
16:50:18;708;1023;708;;9364
16:50:19;708;1023;708;;9304
16:50:19;708;1023;708;;9372
16:50:20;705;1023;704;;9256
16:50:20;705;1023;704;;9308
16:50:21;699;1023;699;;9256
16:50:22;699;1023;699;;9280
16:50:22;699;1023;699;;9304
16:50:23;699;1023;699;;9256
16:50:23;699;1023;699;;9264
16:50:24;699;1023;699;;9256
16:50:24;699;1023;699;;9380
16:50:25;700;1023;700;;9276
16:50:25;700;1023;700;;9380
16:50:26;708;1023;708;;9280
16:50:26;708;1023;708;;9376
16:50:27;708;1023;708;;9332
16:50:27;708;1023;708;;9332
16:50:28;708;1023;708;;9276
16:50:28;708;1023;708;;9260
16:50:29;708;1023;708;;9336
16:50:29;708;1023;708;;9280
16:50:30;708;1023;708;;9332
16:50:30;708;1023;708;;7872
16:50:31;708;1023;708;;9276
16:50:31;708;1023;708;;9332
16:50:32;707;1023;707;;9304
16:50:32;707;1023;707;;6064
16:50:33;698;1023;698;;5160
16:50:33;698;1023;698;;6780
16:50:34;698;1023;698;;5468
16:50:34;698;1023;698;;3464
16:50:35;698;1023;698;;5732
16:50:35;698;1023;698;;5760
16:50:36;698;1023;698;;6184
16:50:36;698;1023;698;;5464
16:50:37;698;1023;698;;9260
16:50:37;698;1023;698;;5488
16:50:38;698;1023;698;;9360
16:50:38;698;1023;698;;8764
16:50:39;698;1023;698;;9308
16:50:39;698;1023;698;;6152
16:50:40;698;1023;698;;8020
16:50:40;698;1023;698;;9304
16:50:41;698;1023;698;;8572
16:50:41;698;1023;698;;6068
16:50:42;698;1023;698;;9384
16:50:42;698;1023;698;;9252
16:50:43;698;1023;698;;6284
16:50:43;698;1023;698;;6144
16:50:44;698;1023;698;;9248
16:50:44;698;1023;698;;6272
16:50:45;698;1023;698;;9252
16:50:45;698;1023;698;;6096
16:50:46;698;1023;698;;6044
16:50:46;698;1023;698;;6344
16:50:47;698;1023;698;;6352
16:50:47;698;1023;698;;8880
16:50:48;698;1023;698;;9248
16:50:48;698;1023;698;;8772
16:50:49;698;1023;698;;9276
16:50:49;698;1023;698;;6156
16:50:50;698;1023;698;;8868
16:50:50;698;1023;698;;5020
16:50:51;698;1023;698;;5376
16:50:51;698;1023;698;;6344
16:50:52;698;1023;698;;6248
16:50:52;698;1023;698;;6460
16:50:53;698;1023;698;;5184
16:50:53;698;1023;698;;5792
16:50:54;698;1023;698;;4976
16:50:54;698;1023;698;;5064
16:50:55;698;1023;698;;5272
16:50:55;698;1023;698;;6752
16:50:56;698;1023;698;;6916
16:50:56;698;1023;698;;9228
16:50:57;698;1023;698;;5812
16:50:57;698;1023;698;;5752
16:50:58;698;1023;698;;6476
16:50:58;698;1023;698;;9280
16:50:59;698;1023;698;;6432
16:50:59;698;1023;698;;6544
16:51:00;698;1023;698;;9328
16:51:00;698;1023;698;;9284
16:51:01;698;1023;698;;8764
16:51:01;698;1023;698;;9228
16:51:02;698;1023;698;;6316
16:51:03;698;1023;698;;6592
16:51:03;698;1023;698;;8820
16:51:04;698;1023;698;;9304
16:51:04;698;1023;698;;9252
16:51:05;698;1023;698;;9256
16:51:05;698;1023;698;;9280
16:51:06;698;1023;698;;9376
16:51:06;698;1023;698;;9276
16:51:07;698;1023;698;;9276
16:51:07;698;1023;698;;9228
16:51:08;698;1023;698;;9200
16:51:08;698;1023;698;;9276
16:51:09;698;1023;698;;9328
16:51:09;698;1023;698;;9380
16:51:10;698;1023;698;;9276
16:51:10;698;1023;698;;9264
16:51:11;698;1023;698;;9304
16:51:11;698;1023;698;;9368
16:51:12;698;1023;698;;9280
16:51:12;698;1023;698;;6492
16:51:13;698;1023;698;;6468
16:51:13;698;1023;698;;6508
16:51:14;698;1023;698;;9252
16:51:14;698;1023;698;;6380
16:51:15;698;1023;698;;6764
16:51:15;698;1023;698;;6708
16:51:16;698;1023;698;;6688
16:51:16;698;1023;698;;6468
16:51:17;698;1023;698;;9276
16:51:17;698;1023;698;;9252
16:51:18;698;1023;698;;9252
16:51:18;698;1023;698;;9384
16:51:19;698;1023;698;;6496
16:51:19;698;1023;698;;6556
16:51:20;698;1023;698;;9308
16:51:20;698;1023;698;;6600
16:51:21;698;1023;698;;9300
16:51:21;698;1023;698;;6696
16:51:22;697;1023;698;;9300
16:51:22;697;1023;698;;6476
16:51:23;697;1023;698;;6328
16:51:23;697;1023;698;;7004
16:51:24;698;1023;697;;6956
16:51:24;698;1023;697;;6176
16:51:25;697;1023;698;;9128
16:51:25;697;1023;698;;7824
16:51:26;697;1023;697;;9280
16:51:26;697;1023;697;;6584
16:51:27;697;1023;697;;7204
16:51:27;697;1023;697;;7216
16:51:28;697;1022;697;;7372
16:51:28;697;1022;697;;7192
16:51:29;644;831;639;;7064
16:51:29;644;831;639;;7100
16:51:30;608;728;607;;8892
16:51:30;608;728;607;;9364
16:51:31;593;689;591;;8832
16:51:31;593;689;591;;7480
16:51:32;560;618;559;;6880
16:51:32;560;618;559;;7276
16:51:33;566;634;567;;9284
16:51:33;566;634;567;;9232
16:51:34;572;644;572;;9268
16:51:34;572;644;572;;9228
16:51:35;572;644;572;;9280
16:51:35;572;644;572;;7964
16:51:36;571;641;570;;8172
16:51:36;571;641;570;;3884
16:51:37;561;623;561;;5836
16:51:37;561;623;561;;5852
16:51:38;559;617;558;;5812
16:51:38;559;617;558;;5636
16:51:39;552;605;552;;6036
16:51:39;552;605;552;;6916
16:51:40;548;598;548;;9276
16:51:40;548;598;548;;9332
16:51:41;547;597;547;;9840
16:51:42;549;600;549;;9248
16:51:42;549;600;549;;9300
16:51:43;551;603;551;;9276
16:51:43;551;603;551;;4688
16:51:44;548;597;547;;9284
16:51:44;548;597;547;;9256
16:51:45;544;592;544;;9280
16:51:45;544;592;544;;9308
16:51:46;547;597;547;;4540
16:51:46;547;597;547;;9332
16:51:47;549;601;550;;9256
16:51:47;549;601;550;;9356
16:51:48;551;604;551;;9308
16:51:48;551;604;551;;9336
16:51:49;553;607;553;;9256
16:51:49;553;607;553;;9256
16:51:50;555;610;555;;9812
16:51:50;555;610;555;;10580
16:51:51;553;608;553;;6248
16:51:51;553;608;553;;9356
16:51:52;551;603;551;;9304
16:51:52;551;603;551;;9204
16:51:53;548;597;548;;9764
16:51:53;548;597;548;;9300
16:51:54;546;594;546;;6508
16:51:54;546;594;546;;9360
16:51:55;549;600;549;;9332
16:51:55;549;600;549;;9284
16:51:56;550;601;550;;9280
16:51:56;550;601;550;;9360
16:51:57;548;598;548;;9280
16:51:57;548;598;548;;9308
16:51:58;548;599;548;;9308
16:51:58;548;599;548;;9280
16:51:59;552;606;552;;9280
16:51:59;552;606;552;;9304
16:52:00;554;609;554;;9280
16:52:00;554;609;554;;9280
16:52:01;558;617;558;;9404
16:52:01;558;617;558;;9256
16:52:02;564;628;564;;9328
16:52:02;564;628;564;;9256
16:52:03;564;629;565;;9280
16:52:03;564;629;565;;9280
16:52:04;566;631;566;;9304
16:52:04;566;631;566;;9304
16:52:05;567;634;567;;9252
16:52:05;567;634;567;;9304
16:52:06;568;636;568;;9256
16:52:06;568;636;568;;9280
16:52:07;574;649;574;;7424
16:52:07;574;649;574;;13652
16:52:08;579;661;580;;9232
16:52:08;579;661;580;;6540
16:52:09;581;664;581;;9844
16:52:09;581;664;581;;9236
16:52:10;580;661;580;;8980
16:52:10;580;661;580;;9364
16:52:11;578;657;578;;5664
16:52:11;578;657;578;;6432
16:52:12;576;652;576;;6560
16:52:12;576;652;576;;6708
16:52:13;596;718;601;;9260
16:52:13;596;718;601;;6560
16:52:14;648;864;649;;6480
16:52:14;648;864;649;;6332
16:52:15;667;943;669;;6448
16:52:15;667;943;669;;9352
16:52:16;684;1001;685;;9236
16:52:16;684;1001;685;;6416
16:52:17;691;1018;692;;9312
16:52:18;697;1022;698;;6724
16:52:18;697;1022;698;;6904
16:52:19;708;1023;709;;6800
16:52:19;708;1023;709;;6556
16:52:20;708;1023;709;;6456
16:52:20;708;1023;709;;6244
16:52:21;708;1023;709;;6876
16:52:21;708;1023;709;;4504
16:52:22;708;1023;709;;6440
16:52:22;708;1023;709;;6520
16:52:23;708;1023;709;;6548
16:52:23;708;1023;709;;6760
16:52:24;708;1023;709;;6680
16:52:24;708;1023;709;;6512
16:52:25;708;1023;709;;6448
16:52:25;708;1023;709;;6548
16:52:26;708;1023;709;;6444
16:52:26;708;1023;709;;6468
16:52:27;708;1023;709;;6388
16:52:27;708;1023;709;;6980
16:52:28;708;1023;709;;6704
16:52:28;708;1023;709;;6896
16:52:29;703;1023;703;;6504
16:52:29;703;1023;703;;6536
16:52:30;696;1023;696;;6768
16:52:30;696;1023;696;;6860
16:52:31;696;1023;696;;6668
16:52:31;696;1023;696;;9252
16:52:32;696;1023;696;;9308
16:52:32;696;1023;696;;6868
16:52:33;696;1023;696;;6896
16:52:33;696;1023;696;;6636
16:52:34;696;1023;696;;6376
16:52:34;696;1023;696;;6232
16:52:35;696;1023;696;;6732
16:52:35;696;1023;696;;9252
16:52:36;696;1023;696;;9308
16:52:36;696;1023;696;;9364
16:52:37;696;1023;696;;9284
16:52:37;696;1023;696;;9280
16:52:38;696;1023;696;;9256
16:52:38;696;1023;696;;6672
16:52:39;696;1023;696;;6580
16:52:39;696;1023;696;;6628
16:52:40;696;1023;696;;6540
16:52:40;696;1023;696;;9328
16:52:41;696;1023;696;;9256
16:52:41;696;1023;696;;6696
16:52:42;696;1023;696;;9280
16:52:42;696;1023;696;;9276
16:52:43;696;1023;696;;9280
16:52:43;696;1023;696;;6332
16:52:44;696;1023;696;;9280
16:52:44;696;1023;696;;9280
16:52:45;696;1023;696;;9252
16:52:45;696;1023;696;;9252
16:52:46;696;1023;696;;9260
16:52:46;696;1023;696;;9668
16:52:47;696;1023;696;;10884
16:52:47;696;1023;696;;8060
16:52:48;696;1023;696;;9476
16:52:48;696;1023;696;;9320
16:52:49;696;1023;696;;10788
16:52:49;696;1023;696;;9252
16:52:50;696;1023;696;;12944
16:52:50;696;1023;696;;9788
16:52:51;696;1023;696;;9324
16:52:51;696;1023;696;;4492
16:52:52;696;1023;696;;7864
16:52:52;696;1023;696;;9200
16:52:53;696;1023;696;;10832
16:52:53;696;1023;696;;10884
16:52:54;696;1023;696;;9228
16:52:54;696;1023;696;;9228
16:52:55;696;1023;696;;7012
16:52:55;696;1023;696;;6920
16:52:56;696;1023;696;;7128
16:52:56;696;1023;696;;6788
16:52:57;696;1023;696;;7304
16:52:58;696;1023;696;;8852
16:52:58;696;1023;696;;8016
16:52:59;696;1023;697;;7868
16:52:59;696;1023;697;;7964
16:53:00;696;1023;696;;7936
16:53:00;696;1023;696;;7964
16:53:01;696;1023;697;;8036
16:53:01;696;1023;697;;9252
16:53:02;697;1023;697;;7912
16:53:02;697;1023;697;;7916
16:53:03;697;1023;697;;7968
16:53:03;697;1023;697;;3636
16:53:04;697;1023;697;;14376
16:53:04;697;1023;697;;5896
16:53:05;697;1023;697;;2908
16:53:05;697;1023;697;;4688
16:53:06;697;1023;697;;2132
16:53:06;697;1023;697;;9200
16:53:07;697;1023;697;;6868
16:53:07;697;1023;697;;7996
16:53:08;697;1023;697;;7972
16:53:08;697;1023;697;;8000
16:53:09;697;1023;697;;9304
16:53:09;697;1023;697;;7924
16:53:10;697;1023;697;;7928
16:53:10;697;1023;697;;7972
16:53:11;697;1023;697;;7976
16:53:11;697;1023;697;;7928
16:53:12;697;1023;697;;7952
16:53:12;697;1023;697;;7932
16:53:13;697;1023;697;;8024
16:53:13;697;1023;697;;10924
16:53:14;697;1023;697;;9352
16:53:14;697;1023;697;;8920
16:53:15;697;1023;697;;9228
16:53:15;697;1023;697;;9256
16:53:16;697;1023;697;;13148
16:53:16;697;1023;697;;13140
16:53:17;697;1023;697;;10840
16:53:17;697;1023;697;;9252
16:53:18;697;1023;697;;9224
16:53:18;697;1023;697;;9284
16:53:19;697;1023;697;;9300
16:53:19;697;1023;697;;9276
16:53:20;697;1023;697;;9196
16:53:20;697;1023;697;;7948
16:53:21;697;1023;697;;8996
16:53:21;697;1023;697;;9068
16:53:22;697;1023;697;;9376
16:53:22;697;1023;697;;7952
16:53:23;697;1023;697;;9328
16:53:23;697;1023;697;;9272
16:53:24;697;1023;697;;9276
16:53:24;697;1023;697;;9272
16:53:25;697;1023;697;;9376
16:53:25;697;1023;697;;9524
16:53:26;697;1023;697;;8916
16:53:26;697;1023;697;;9324
16:53:27;697;1023;697;;9252
16:53:27;697;1023;697;;9356
16:53:28;697;1023;697;;9276
16:53:28;697;1023;697;;9276
16:53:29;697;1023;697;;9204
16:53:29;697;1023;697;;9332
16:53:30;697;1023;697;;9200
16:53:30;697;1023;697;;9228
16:53:31;697;1023;697;;9328
16:53:31;697;1023;697;;9280
16:53:32;697;1023;697;;7992
16:53:32;697;1023;697;;11068
16:53:33;697;1023;697;;9812
16:53:34;697;1023;697;;9348
16:53:34;697;1023;697;;9764
16:53:35;697;1023;697;;7988
16:53:35;697;1023;697;;8192
16:53:36;697;1023;697;;4740
16:53:36;697;1023;697;;4836
16:53:37;697;1023;697;;1744
16:53:37;697;1023;697;;213992
16:53:38;697;1023;697;;1728
16:53:38;697;1023;697;;13192
16:53:39;697;1023;697;;4252
16:53:39;697;1023;697;;1864
16:53:40;697;1023;697;;13092
16:53:40;697;1023;697;;10888
16:53:41;697;1023;697;;9096
16:53:41;697;1023;697;;9840
16:53:42;697;1023;697;;7944
16:53:42;697;1023;697;;9352
16:53:43;697;1023;697;;9328
16:53:43;697;1023;697;;9668
16:53:44;697;1023;697;;9796
16:53:44;697;1023;697;;9788
16:53:45;697;1023;697;;9868
16:53:45;697;1023;697;;9668
16:53:46;697;1023;697;;9724
16:53:46;697;1023;697;;9480
16:53:47;696;1023;697;;9360
16:53:47;696;1023;697;;9792
16:53:48;696;1023;697;;9716
16:53:48;696;1023;697;;9740
16:53:49;696;1023;697;;9716
16:53:49;696;1023;697;;9788
16:53:50;696;1023;696;;9844
16:53:50;696;1023;696;;11440
16:53:51;696;1023;697;;11124
16:53:51;696;1023;697;;11408
16:53:52;697;1023;697;;10956
16:53:52;697;1023;697;;10880
16:53:53;697;1023;697;;10856
16:53:53;697;1023;697;;11608
16:53:54;697;1023;697;;10808
16:53:54;697;1023;697;;11060
16:53:55;697;1023;697;;11036
16:53:55;697;1023;697;;10860
16:53:56;697;1023;697;;10856
16:53:56;697;1023;697;;10808
16:53:57;697;1023;697;;10860
16:53:58;697;1023;697;;13236
16:53:58;697;1023;697;;11032
16:53:59;697;1023;697;;10832
16:53:59;697;1023;697;;10836
16:54:00;697;1023;697;;10788
16:54:00;697;1023;697;;10912
16:54:01;697;1023;697;;10836
16:54:01;697;1023;697;;10780
16:54:02;697;1023;697;;9812
16:54:02;697;1023;697;;9768
16:54:03;697;1023;697;;10760
16:54:03;697;1023;697;;10808
16:54:04;697;1023;697;;9820
16:54:04;697;1023;697;;10788
16:54:05;697;1023;697;;10812
16:54:05;697;1023;697;;9252
16:54:06;697;1023;697;;9232
16:54:06;697;1023;697;;9284
16:54:07;697;1023;697;;9228
16:54:07;697;1023;697;;9280
16:54:08;697;1023;697;;9204
16:54:08;697;1023;697;;9228
16:54:09;697;1023;697;;9208
16:54:09;697;1023;697;;9228
16:54:10;697;1023;697;;9304
16:54:10;697;1023;697;;9204
16:54:11;697;1023;697;;9228
16:54:11;697;1023;697;;9208
16:54:12;697;1023;697;;9228
16:54:12;697;1023;697;;9328
16:54:13;697;1023;697;;9768
16:54:13;697;1023;697;;10876
16:54:14;697;1023;697;;10896
16:54:14;697;1023;697;;10796
16:54:15;697;1023;697;;10796
16:54:15;697;1023;697;;10796
16:54:16;697;1023;697;;10820
16:54:16;697;1023;697;;10924
16:54:17;697;1023;697;;9864
16:54:17;697;1023;697;;10796
16:54:18;697;1023;697;;10796
16:54:18;697;1023;697;;10840
16:54:19;697;1023;697;;9920
16:54:19;697;1023;697;;10792
16:54:20;697;1023;697;;10864
16:54:20;697;1023;697;;13168
16:54:21;697;1023;697;;11092
16:54:21;697;1023;697;;11388
16:54:22;697;1023;697;;14056
16:54:22;697;1023;697;;7868
16:54:23;697;1023;697;;1792
16:54:23;697;1023;697;;7864
16:54:24;697;1023;697;;14024
16:54:24;697;1023;697;;8568
16:54:25;697;1023;697;;4884
16:54:25;697;1023;697;;6952
16:54:26;697;1023;697;;212740
16:54:27;697;1023;697;;3196
16:54:27;697;1023;697;;3800
16:54:28;697;1023;697;;7868
16:54:28;697;1023;697;;7944
16:54:29;697;1023;697;;6116
16:54:29;697;1023;697;;7264
16:54:30;697;1023;697;;6600
16:54:30;697;1023;697;;7668
16:54:31;697;1023;697;;8872
16:54:31;697;1023;697;;7992
16:54:32;697;1023;697;;7972
16:54:32;697;1023;697;;8792
16:54:33;697;1023;697;;7968
16:54:33;697;1023;697;;8064
16:54:34;697;1023;697;;7944
16:54:34;697;1023;697;;7992
16:54:35;697;1023;697;;8072
16:54:35;697;1023;697;;7968
16:54:36;697;1023;697;;7920
16:54:36;697;1023;697;;7896
16:54:37;697;1023;697;;7876
16:54:37;697;1023;697;;7920
16:54:38;697;1023;697;;7992
16:54:38;697;1023;697;;8024
16:54:39;697;1023;697;;7944
16:54:39;697;1023;697;;7992
16:54:40;697;1023;697;;7992
16:54:40;697;1023;697;;7988
16:54:41;697;1023;697;;7920
16:54:41;697;1023;697;;7944
16:54:42;697;1023;697;;7988
16:54:42;697;1023;697;;7964
16:54:43;697;1023;697;;7944
16:54:43;697;1023;697;;8020
16:54:44;697;1023;697;;7968
16:54:44;697;1023;697;;7868
16:54:45;697;1023;697;;7892
16:54:45;697;1023;697;;7868
16:54:46;697;1023;697;;8044
16:54:46;697;1023;697;;7896
16:54:47;697;1023;697;;7976
16:54:47;697;1023;697;;5912
16:54:48;697;1023;697;;9232
16:54:48;697;1023;697;;7948
16:54:49;697;1023;697;;9176
16:54:49;697;1023;697;;8080
16:54:50;697;1023;697;;8004
16:54:50;697;1023;697;;7900
16:54:51;697;1023;697;;8028
16:54:51;697;1023;697;;8024
16:54:52;697;1023;697;;9260
16:54:52;697;1023;697;;9256
16:54:53;697;1023;697;;7948
16:54:53;697;1023;697;;7952
16:54:54;697;1023;697;;9228
16:54:54;697;1023;697;;9284
16:54:55;697;1023;697;;8072
16:54:55;697;1023;697;;9280
16:54:56;697;1023;697;;13068
16:54:56;697;1023;697;;13196
16:54:57;697;1023;697;;10864
16:54:58;697;1023;697;;9228
16:54:58;697;1023;697;;9200
16:54:59;697;1023;697;;9200
16:54:59;697;1023;697;;9176
16:55:00;697;1023;697;;9324
16:55:00;697;1023;697;;9668
16:55:01;697;1023;697;;9752
16:55:01;697;1023;697;;9676
16:55:02;697;1023;697;;9384
16:55:02;697;1023;697;;9352
16:55:03;697;1023;697;;9356
16:55:03;697;1023;697;;9228
16:55:04;697;1023;697;;9224
16:55:04;697;1023;697;;9176
16:55:05;697;1023;697;;9204
16:55:05;697;1023;697;;8068
16:55:06;697;1023;697;;8124
16:55:06;697;1023;697;;9328
16:55:07;697;1023;697;;8120
16:55:07;697;1023;697;;9940
16:55:08;697;1023;697;;9868
16:55:08;697;1023;697;;9716
16:55:09;697;1023;697;;10996
16:55:09;697;1023;697;;9792
16:55:10;697;1023;697;;10892
16:55:10;697;1023;697;;10868
16:55:11;697;1023;697;;10944
16:55:11;697;1023;697;;9776
16:55:12;697;1023;697;;9768
16:55:12;697;1023;697;;9868
16:55:13;697;1023;697;;9744
16:55:13;697;1023;697;;9668
16:55:14;697;1023;697;;9820
16:55:14;697;1023;697;;9740
16:55:15;697;1023;697;;9720
16:55:15;697;1023;697;;9820
16:55:16;697;1023;697;;9768
16:55:16;697;1023;697;;9796
16:55:17;697;1023;697;;9844
16:55:17;697;1023;697;;9648
16:55:18;697;1023;697;;9748
16:55:18;697;1023;697;;9508
16:55:19;697;1023;697;;9308
16:55:19;697;1023;697;;9256
16:55:20;697;1023;697;;9308
16:55:20;697;1023;697;;9724
16:55:21;697;1023;697;;9744
16:55:21;697;1023;697;;9772
16:55:22;697;1023;697;;9724
16:55:22;697;1023;697;;9692
16:55:23;697;1023;697;;9332
16:55:23;697;1023;697;;9256
16:55:24;697;1023;697;;9204
16:55:24;697;1023;697;;9280
16:55:25;697;1023;697;;9256
16:55:25;697;1023;697;;9256
16:55:26;697;1023;697;;9308
16:55:26;697;1023;697;;9232
16:55:27;697;1023;697;;9128
16:55:27;697;1023;697;;9176
16:55:28;697;1023;697;;9228
16:55:28;697;1023;697;;9796
16:55:29;697;1023;697;;8020
16:55:29;697;1023;697;;10816
16:55:30;697;1023;697;;8168
16:55:30;697;1023;697;;8044
16:55:31;697;1023;697;;9256
16:55:32;697;1023;697;;9304
16:55:32;697;1023;697;;9252
16:55:33;697;1023;697;;9204
16:55:33;697;1023;697;;9224
16:55:34;697;1023;697;;9252
16:55:34;697;1023;697;;9232
16:55:35;697;1023;697;;8100
16:55:35;697;1023;697;;7996
16:55:36;696;1023;697;;8000
16:55:36;696;1023;697;;9256
16:55:37;696;1023;697;;8024
16:55:37;696;1023;697;;8024
16:55:38;696;1023;696;;7924
16:55:38;696;1023;696;;8072
16:55:39;696;1023;697;;7972
16:55:39;696;1023;697;;8000
16:55:40;696;1023;696;;7892
16:55:40;696;1023;696;;8000
16:55:41;696;1023;696;;8096
16:55:41;696;1023;696;;9364
16:55:42;696;1023;696;;9260
16:55:42;696;1023;696;;8024
16:55:43;696;1023;696;;9232
16:55:43;696;1023;696;;9232
16:55:44;696;1023;696;;9232
16:55:44;696;1023;696;;9256
16:55:45;696;1023;696;;9228
16:55:45;696;1023;696;;9284
16:55:46;696;1023;696;;9868
16:55:46;696;1023;696;;10844
16:55:47;696;1023;696;;10792
16:55:47;696;1023;696;;10948
16:55:48;696;1023;696;;7940
16:55:48;696;1023;696;;10768
16:55:49;696;1023;696;;10868
16:55:49;696;1023;696;;10868
16:55:50;696;1023;696;;13148
16:55:50;696;1023;696;;13216
16:55:51;696;1023;696;;1780
16:55:51;696;1023;696;;13164
16:55:52;696;1023;696;;11196
16:55:52;696;1023;696;;13120
16:55:53;696;1023;696;;13116
16:55:53;696;1023;696;;13168
16:55:54;696;1023;696;;13112
16:55:54;696;1023;696;;13196
16:55:55;696;1023;696;;8044
16:55:55;696;1023;696;;13112
16:55:56;696;1023;696;;9768
16:55:56;696;1023;696;;9768
16:55:57;696;1023;696;;9792
16:55:57;696;1023;696;;9920
16:55:58;696;1023;696;;10872
16:55:58;696;1023;696;;10920
16:55:59;696;1023;696;;10888
16:55:59;696;1023;696;;10892
16:56:00;696;1023;696;;9972
16:56:00;696;1023;696;;9888
16:56:01;696;1023;696;;9920
16:56:01;696;1023;696;;10892
16:56:02;696;1023;696;;10892
16:56:02;696;1023;696;;10816
16:56:03;696;1023;696;;10892
16:56:04;696;1023;696;;9920
16:56:04;696;1023;696;;9796
16:56:05;696;1023;696;;13052
16:56:05;696;1023;696;;11848
16:56:06;696;1023;696;;11836
16:56:06;696;1023;696;;9840
16:56:07;696;1023;696;;13072
16:56:07;696;1023;696;;9920
16:56:08;696;1023;696;;9792
16:56:08;696;1023;696;;9816
16:56:09;696;1023;696;;9740
16:56:09;696;1023;696;;9844
16:56:10;696;1023;696;;10836
16:56:10;696;1023;696;;10840
16:56:11;696;1023;696;;10816
16:56:11;696;1023;696;;10816
16:56:12;696;1023;696;;10816
16:56:12;696;1023;696;;10840
16:56:13;696;1023;696;;10844
16:56:13;696;1023;696;;10844
16:56:14;696;1023;696;;7612
16:56:14;696;1023;696;;13244
16:56:15;696;1023;696;;13168
16:56:15;696;1023;696;;8020
16:56:16;696;1023;696;;1956
16:56:16;696;1023;696;;9916
16:56:17;696;1023;696;;9740
16:56:17;696;1023;696;;9740
16:56:18;696;1023;696;;9720
16:56:18;696;1023;696;;9752
16:56:19;696;1023;696;;9692
16:56:19;696;1023;696;;9672
16:56:20;696;1023;696;;9740
16:56:20;696;1023;696;;9740
16:56:21;696;1023;696;;9716
16:56:21;696;1023;696;;9720
16:56:22;696;1023;696;;10888
16:56:22;696;1023;696;;13144
16:56:23;696;1023;696;;13144
16:56:23;696;1023;696;;13272
16:56:24;696;1023;696;;13216
16:56:24;696;1023;696;;13316
16:56:25;696;1023;696;;13160
16:56:25;696;1023;696;;13164
16:56:26;696;1023;696;;9916
16:56:26;696;1023;696;;9868
16:56:27;696;1023;696;;9744
16:56:27;696;1023;696;;10892
16:56:28;696;1023;696;;9744
16:56:28;696;1023;696;;10844
16:56:29;696;1023;696;;10820
16:56:29;696;1023;696;;10800
16:56:30;696;1023;696;;10820
16:56:30;696;1023;696;;10792
16:56:31;696;1023;696;;10844
16:56:31;696;1023;696;;10868
16:56:32;696;1023;696;;10916
16:56:32;696;1023;696;;8228
16:56:33;696;1023;696;;1860
16:56:33;696;1023;696;;13220
16:56:34;696;1023;696;;13172
16:56:35;696;1023;696;;8044
16:56:35;696;1023;696;;1720
16:56:36;696;1023;696;;13296
16:56:36;696;1023;696;;13220
16:56:37;696;1023;696;;13148
16:56:37;696;1023;696;;13216
16:56:38;696;1023;696;;7836
16:56:38;696;1023;696;;14156
16:56:39;696;1023;696;;6464
16:56:39;696;1023;696;;4016
16:56:40;696;1023;696;;4904
16:56:40;696;1023;696;;13996
16:56:41;696;1023;696;;7492
16:56:41;696;1023;696;;4272
16:56:42;696;1023;696;;14072
16:56:42;696;1023;696;;1792
16:56:43;696;1023;696;;4912
16:56:43;696;1023;696;;14072
16:56:44;696;1023;696;;6424
16:56:44;696;1023;696;;14028
16:56:45;696;1023;696;;7208
16:56:45;696;1023;696;;8100
16:56:46;696;1023;696;;7740
16:56:46;696;1023;696;;6472
16:56:47;696;1023;696;;6408
16:56:47;696;1023;696;;14052
16:56:48;696;1023;696;;13324
16:56:48;696;1023;696;;3960
16:56:49;696;1023;696;;6896
16:56:49;696;1023;696;;7696
16:56:50;696;1023;696;;5608
16:56:50;696;1023;696;;5548
16:56:51;696;1023;696;;13372
16:56:51;696;1023;696;;13216
16:56:52;696;1023;696;;1808
16:56:52;696;1023;696;;13216
16:56:53;696;1023;696;;10816
16:56:53;696;1023;696;;9664
16:56:54;696;1023;696;;9768
16:56:54;696;1023;696;;9720
16:56:55;696;1023;696;;9720
16:56:55;696;1023;696;;9768
16:56:56;696;1023;696;;9840
16:56:56;696;1023;696;;9892
16:56:57;696;1023;696;;10844
16:56:57;696;1023;696;;10920
16:56:58;696;1023;696;;10820
16:56:58;696;1023;696;;10824
16:56:59;696;1023;696;;10816
16:56:59;696;1023;696;;10868
16:57:00;696;1023;696;;10868
16:57:00;696;1023;696;;10868
16:57:01;696;1023;696;;10940
16:57:01;696;1023;696;;10816
16:57:02;696;1023;696;;10816
16:57:02;696;1023;696;;10792
16:57:03;696;1023;696;;10812
16:57:03;696;1023;696;;10920
16:57:04;696;1023;696;;10816
16:57:04;696;1023;696;;10892
16:57:05;696;1023;696;;10844
16:57:05;696;1023;696;;10820
16:57:06;696;1023;696;;10844
16:57:06;696;1023;696;;10796
16:57:07;696;1023;696;;9840
16:57:08;696;1023;696;;10840
16:57:08;696;1023;696;;10792
16:57:09;696;1023;696;;10940
16:57:09;696;1023;696;;13092
16:57:10;696;1023;696;;10968
16:57:10;696;1023;696;;13144
16:57:11;696;1023;696;;13140
16:57:11;696;1023;696;;10864
16:57:12;696;1023;696;;10864
16:57:12;696;1023;696;;9892
16:57:13;696;1023;696;;9672
16:57:13;696;1023;696;;9844
16:57:14;696;1023;696;;9816
16:57:14;696;1023;696;;9792
16:57:15;696;1023;696;;9840
16:57:15;696;1023;696;;9772
16:57:16;696;1023;696;;9796
16:57:16;696;1023;696;;9812
16:57:17;696;1023;696;;10872
16:57:17;696;1023;696;;10892
16:57:18;696;1023;696;;10844
16:57:18;696;1023;696;;10868
16:57:19;696;1023;696;;10792
16:57:19;696;1023;696;;10844
16:57:20;696;1023;696;;10844
16:57:20;696;1023;696;;8092
16:57:21;696;1023;696;;14072
16:57:21;696;1023;696;;10864
16:57:22;696;1023;696;;10816
16:57:22;696;1023;696;;11712
16:57:23;696;1023;696;;14020
16:57:23;696;1023;696;;14200
16:57:24;696;1023;696;;213372
16:57:24;696;1023;696;;1768
16:57:25;696;1023;696;;9724
16:57:25;696;1023;696;;9304
16:57:26;696;1023;696;;9300
16:57:26;696;1023;696;;9304
16:57:27;696;1023;696;;9356
16:57:27;696;1023;696;;10820
16:57:28;696;1023;696;;10824
16:57:29;696;1023;696;;10844
16:57:29;696;1023;696;;9720
16:57:30;696;1023;696;;9152
16:57:30;696;1023;696;;9280
16:57:31;696;1023;696;;8076
16:57:31;696;1023;696;;8052
16:57:32;696;1023;696;;9328
16:57:32;696;1023;696;;7980
16:57:33;696;1023;696;;10864
16:57:33;696;1023;696;;8000
16:57:34;696;1023;696;;8148
16:57:34;696;1023;696;;9820
16:57:35;696;1023;696;;10820
16:57:35;696;1023;696;;9748
16:57:36;696;1023;696;;9796
16:57:36;696;1023;696;;10864
16:57:37;696;1023;696;;13100
16:57:37;696;1023;696;;13192
16:57:38;696;1023;696;;13124
16:57:38;696;1023;696;;13196
16:57:39;696;1023;696;;10792
16:57:39;696;1023;696;;10792
16:57:40;696;1023;696;;10820
16:57:40;696;1023;696;;10764
16:57:41;696;1023;696;;10812
16:57:41;696;1023;696;;10812
16:57:42;696;1023;696;;7964
16:57:42;696;1023;696;;10792
16:57:43;696;1023;696;;10812
16:57:43;696;1023;696;;10816
16:57:44;696;1023;696;;7840
16:57:44;696;1023;696;;10792
16:57:45;696;1023;696;;10816
16:57:45;696;1023;696;;1816
16:57:46;696;1023;696;;10792
16:57:46;696;1023;696;;10896
16:57:47;696;1023;696;;10768
16:57:47;696;1023;696;;10820
16:57:48;696;1023;696;;10944
16:57:48;696;1023;696;;10816
16:57:49;696;1023;696;;10820
16:57:49;696;1023;696;;10796
16:57:50;696;1023;696;;10792
16:57:50;696;1023;696;;10760
16:57:51;696;1023;696;;13096
16:57:51;696;1023;696;;13240
16:57:52;696;1023;696;;10936
16:57:52;696;1023;696;;10864
16:57:53;696;1023;696;;10888
16:57:53;696;1023;696;;9560
16:57:54;696;1023;696;;7896
16:57:54;696;1023;696;;5700
16:57:55;696;1023;696;;6728
16:57:55;696;1023;696;;8816
16:57:56;696;1023;696;;7976
16:57:56;696;1023;696;;6436
16:57:57;696;1023;696;;6420
16:57:57;696;1023;696;;7892
16:57:58;696;1023;696;;7920
16:57:58;696;1023;696;;8864
16:57:59;696;1023;696;;9300
16:57:59;696;1023;696;;9456
16:58:00;696;1023;695;;8940
16:58:01;696;1023;696;;8144
16:58:01;696;1023;696;;9300
16:58:02;696;1023;696;;9252
16:58:02;696;1023;696;;9304
16:58:03;696;1023;696;;9224
16:58:03;696;1023;696;;9276
16:58:04;696;1023;696;;9360
16:58:04;696;1023;696;;9252
16:58:05;696;1023;696;;9328
16:58:05;696;1023;696;;9428
16:58:06;696;1023;696;;9276
16:58:06;696;1023;696;;9380
16:58:07;696;1023;696;;9256
16:58:07;696;1023;696;;9328
16:58:08;696;1023;696;;9308
16:58:08;696;1023;696;;9280
16:58:09;696;1023;696;;9280
16:58:09;696;1023;696;;9304
16:58:10;696;1023;696;;9356
16:58:10;696;1023;696;;9252
16:58:11;696;1023;696;;9280
16:58:11;696;1023;696;;9256
16:58:12;696;1023;696;;9256
16:58:12;696;1023;696;;9252
16:58:13;696;1023;696;;9256
16:58:13;696;1023;696;;9304
16:58:14;696;1023;696;;9328
16:58:14;696;1023;696;;9280
16:58:15;696;1023;696;;9328
16:58:15;696;1023;696;;9308
16:58:16;696;1023;696;;9360
16:58:16;696;1023;696;;9248
16:58:17;696;1023;696;;9252
16:58:17;696;1023;696;;9304
16:58:18;696;1023;696;;9232
16:58:18;696;1023;696;;9328
16:58:19;696;1023;696;;9256
16:58:19;696;1023;696;;9276
16:58:20;696;1023;696;;9256
16:58:20;696;1023;696;;9304
16:58:21;696;1023;696;;9352
16:58:21;696;1023;696;;9356
16:58:22;696;1023;696;;9304
16:58:22;696;1023;696;;9256
16:58:23;696;1023;696;;9328
16:58:23;696;1023;696;;9304
16:58:24;696;1023;696;;9332
16:58:24;696;1023;696;;9304
16:58:25;696;1023;696;;9276
16:58:25;696;1023;696;;9276
16:58:26;696;1023;696;;9260
16:58:26;696;1023;696;;9280
16:58:27;696;1023;696;;9252
16:58:27;696;1023;696;;9300
16:58:28;696;1023;696;;9304
16:58:28;696;1023;696;;9304
16:58:29;696;1023;696;;9260
16:58:29;696;1023;696;;9276
16:58:30;696;1023;696;;9284
16:58:30;696;1023;696;;9280
16:58:31;696;1023;696;;9280
16:58:31;696;1023;696;;9280
16:58:32;696;1023;695;;9360
16:58:32;696;1023;695;;9408
16:58:33;696;1023;696;;9284
16:58:33;696;1023;696;;9384
16:58:34;696;1023;696;;9332
16:58:35;696;1023;696;;9360
16:58:35;696;1023;696;;9280
16:58:36;696;1023;696;;9284
16:58:36;696;1023;696;;9336
16:58:37;696;1023;696;;9332
16:58:37;696;1023;696;;9256
16:58:38;695;1023;696;;9280
16:58:38;695;1023;696;;9280
16:58:39;696;1023;695;;9332
16:58:39;696;1023;695;;9276
16:58:40;696;1023;696;;9380
16:58:40;696;1023;696;;9308
16:58:41;696;1023;696;;9300
16:58:41;696;1023;696;;9308
16:58:42;695;1023;696;;9284
16:58:42;695;1023;696;;9332
16:58:43;696;1023;695;;9408
16:58:43;696;1023;695;;9280
16:58:44;696;1023;696;;9384
16:58:44;696;1023;696;;9280
16:58:45;696;1023;695;;9280
16:58:45;696;1023;695;;9280
16:58:46;695;1023;695;;9332
16:58:46;695;1023;695;;9256
16:58:47;696;1023;696;;9308
16:58:47;696;1023;696;;9352
16:58:48;695;1023;696;;9356
16:58:48;695;1023;696;;9280
16:58:49;695;1023;696;;9384
16:58:49;695;1023;696;;9256
16:58:50;696;1023;696;;9356
16:58:50;696;1023;696;;9280
16:58:51;695;1023;696;;9280
16:58:51;695;1023;696;;9308
16:58:52;695;1023;695;;9252
16:58:52;695;1023;695;;9372
16:58:53;696;1023;696;;9256
16:58:53;696;1023;696;;9284
16:58:54;695;1023;696;;9256
16:58:54;695;1023;696;;9280
16:58:55;696;1023;696;;9280
16:58:55;696;1023;696;;9280
16:58:56;695;1023;696;;9256
16:58:56;695;1023;696;;9252
16:58:57;695;1023;696;;9308
16:58:57;695;1023;696;;9256
16:58:58;696;1023;696;;9308
16:58:58;696;1023;696;;9256
16:58:59;696;1023;695;;9260
16:58:59;696;1023;695;;9384
16:59:00;696;1023;696;;9232
16:59:00;696;1023;696;;9280
16:59:01;696;1023;696;;9332
16:59:01;696;1023;696;;9280
16:59:02;696;1023;696;;9284
16:59:02;696;1023;696;;9284
16:59:03;696;1023;696;;9384
16:59:03;696;1023;696;;10084
16:59:04;696;1023;696;;9256
16:59:04;696;1023;696;;9308
16:59:05;695;1023;696;;6904
16:59:05;695;1023;696;;6724
16:59:06;696;1023;696;;9256
16:59:06;696;1023;696;;9232
16:59:07;696;1023;695;;9208
16:59:07;696;1023;695;;9312
16:59:08;695;1023;696;;4628
16:59:09;695;1023;695;;9380
16:59:09;695;1023;695;;7116
16:59:10;696;1023;696;;9284
16:59:10;696;1023;696;;9308
16:59:11;695;1023;696;;9280
16:59:11;695;1023;696;;9252
16:59:12;696;1023;695;;9304
16:59:12;696;1023;695;;9252
16:59:13;696;1023;696;;9304
16:59:13;696;1023;696;;9308
16:59:14;696;1023;696;;9284
16:59:14;696;1023;696;;9312
16:59:15;696;1023;696;;9308
16:59:15;696;1023;696;;9256
16:59:16;696;1023;696;;9284
16:59:16;696;1023;696;;9284
16:59:17;696;1023;696;;9260
16:59:17;696;1023;696;;9360
16:59:18;695;1023;696;;9368
16:59:18;695;1023;696;;9332
16:59:19;696;1023;696;;9308
16:59:19;696;1023;696;;9256
16:59:20;695;1023;696;;9280
16:59:20;695;1023;696;;9276
16:59:21;696;1023;696;;9276
16:59:21;696;1023;696;;9300
16:59:22;696;1023;696;;9252
16:59:22;696;1023;696;;9280
16:59:23;696;1023;695;;9344
16:59:23;696;1023;695;;9336
16:59:24;696;1023;695;;9352
16:59:24;696;1023;695;;9252
16:59:25;695;1023;696;;9280
16:59:25;695;1023;696;;9308
16:59:26;696;1023;696;;9252
16:59:26;696;1023;696;;9372
16:59:27;695;1023;696;;9308
16:59:27;695;1023;696;;9256
16:59:28;696;1023;695;;9284
16:59:28;696;1023;695;;9308
16:59:29;695;1023;695;;9336
16:59:29;695;1023;695;;9288
16:59:30;695;1023;696;;9260
16:59:30;695;1023;696;;9260
16:59:31;696;1023;696;;9284
16:59:31;696;1023;696;;9288
16:59:32;695;1023;695;;9260
16:59:32;695;1023;695;;9332
16:59:33;695;1023;695;;9256
16:59:33;695;1023;695;;9284
16:59:34;695;1023;695;;9256
16:59:34;695;1023;695;;9360
16:59:35;695;1023;695;;9332
16:59:35;695;1023;695;;9256
16:59:36;695;1023;695;;9308
16:59:36;695;1023;695;;9364
16:59:37;695;1023;695;;9308
16:59:37;695;1023;695;;9308
16:59:38;695;1023;695;;9256
16:59:38;695;1023;695;;9308
16:59:39;695;1023;695;;9256
16:59:39;695;1023;695;;9304
16:59:40;695;1023;696;;9308
16:59:40;695;1023;696;;9308
16:59:41;695;1023;695;;9256
16:59:41;695;1023;695;;9256
16:59:42;695;1023;695;;9256
16:59:43;696;1023;696;;9256
16:59:43;696;1023;696;;9232
16:59:44;695;1023;695;;9256
16:59:44;695;1023;695;;9308
16:59:45;695;1023;695;;9256
16:59:45;695;1023;695;;9348
16:59:46;695;1023;695;;9284
16:59:46;695;1023;695;;9332
16:59:47;695;1023;695;;9256
16:59:47;695;1023;695;;9332
16:59:48;695;1023;695;;9284
16:59:48;695;1023;695;;9284
16:59:49;695;1023;695;;9280
16:59:49;695;1023;695;;9308
16:59:50;696;1023;696;;9284
16:59:50;696;1023;696;;9280
16:59:51;696;1023;696;;9308
16:59:51;696;1023;696;;9332
16:59:52;696;1023;696;;9280
16:59:52;696;1023;696;;9284
16:59:53;696;1023;696;;9284
16:59:53;696;1023;696;;9308
16:59:54;696;1023;696;;6424
16:59:54;696;1023;696;;9256
16:59:55;695;1023;695;;9260
16:59:55;695;1023;695;;9264
16:59:56;695;1023;696;;9332
16:59:56;695;1023;696;;9388
16:59:57;695;1023;696;;9384
16:59:57;695;1023;696;;9288
16:59:58;696;1023;696;;9336
16:59:58;696;1023;696;;9236
16:59:59;696;1023;695;;9336
16:59:59;696;1023;695;;9284
