08:39:50;714;1023;715;;11116
08:39:50;714;1023;715;;11112
08:39:51;714;1023;714;;11088
08:39:51;714;1023;714;;11088
08:39:52;714;1023;714;;11084
08:39:52;714;1023;714;;10944
08:39:53;714;1023;714;;11088
08:39:53;714;1023;714;;11116
08:39:54;714;1023;714;;10944
08:39:54;714;1023;714;;11112
08:39:55;714;1023;714;;11092
08:39:55;714;1023;714;;11168
08:39:56;714;1023;714;;11088
08:39:56;714;1023;714;;11088
08:39:57;714;1023;714;;11116
08:39:57;714;1023;714;;11088
08:39:58;714;1023;714;;11060
08:39:59;714;1023;714;;11092
08:39:59;714;1023;714;;11088
08:40:00;714;1023;714;;11116
08:40:00;714;1023;714;;11112
08:40:01;714;1023;714;;11088
08:40:01;714;1023;714;;11088
08:40:02;714;1023;714;;11068
08:40:02;714;1023;714;;11116
08:40:03;714;1023;714;;11088
08:40:03;714;1023;714;;11116
08:40:04;714;1023;714;;10968
08:40:04;714;1023;714;;11116
08:40:05;714;1023;714;;11068
08:40:05;714;1023;714;;11088
08:40:06;714;1023;714;;11088
08:40:06;714;1023;714;;11064
08:40:07;714;1023;714;;11088
08:40:07;714;1023;714;;11116
08:40:08;714;1023;714;;11092
08:40:08;714;1023;714;;11084
08:40:09;714;1023;714;;11088
08:40:09;714;1023;714;;11088
08:40:10;713;1023;714;;11172
08:40:10;713;1023;714;;11120
08:40:11;713;1023;713;;11092
08:40:11;713;1023;713;;11168
08:40:12;713;1023;713;;11088
08:40:12;713;1023;713;;11116
08:40:13;713;1023;713;;11116
08:40:13;713;1023;713;;11088
08:40:14;713;1023;713;;11068
08:40:14;713;1023;713;;11092
08:40:15;713;1023;713;;11088
08:40:15;713;1023;713;;11088
08:40:16;713;1023;713;;11084
08:40:16;713;1023;713;;11092
08:40:17;713;1023;713;;11116
08:40:17;713;1023;713;;11092
08:40:18;713;1023;713;;11092
08:40:18;713;1023;713;;11116
08:40:19;713;1023;713;;11088
08:40:19;713;1023;713;;11088
08:40:20;713;1023;713;;11116
08:40:20;713;1023;713;;11088
08:40:21;713;1023;713;;11112
08:40:21;713;1023;713;;11084
08:40:22;713;1023;713;;11116
08:40:22;713;1023;713;;11088
08:40:23;713;1023;713;;11064
08:40:23;713;1023;713;;11092
08:40:24;713;1023;713;;11116
08:40:24;713;1023;713;;11092
08:40:25;713;1023;713;;11116
08:40:25;713;1023;713;;11068
08:40:26;713;1023;713;;11064
08:40:27;713;1023;713;;10972
08:40:27;713;1023;713;;11068
08:40:28;713;1023;713;;11144
08:40:28;713;1023;713;;11088
08:40:29;713;1023;713;;11068
08:40:29;713;1023;713;;10892
08:40:30;713;1023;713;;11144
08:40:30;713;1023;713;;10944
08:40:31;713;1023;713;;11096
08:40:31;713;1023;713;;11088
08:40:32;713;1023;713;;10920
08:40:32;713;1023;713;;11076
08:40:33;713;1023;713;;10944
08:40:33;713;1023;713;;11068
08:40:34;713;1023;713;;11088
08:40:34;713;1023;713;;10964
08:40:35;713;1023;713;;11112
08:40:35;713;1023;713;;11068
08:40:36;713;1023;713;;11064
08:40:36;713;1023;713;;10948
08:40:37;713;1023;713;;11088
08:40:37;713;1023;713;;11068
08:40:38;713;1023;713;;11064
08:40:38;713;1023;713;;11088
08:40:39;713;1023;713;;11088
08:40:39;713;1023;713;;11116
08:40:40;713;1023;713;;11068
08:40:40;713;1023;713;;11096
08:40:41;713;1023;713;;11088
08:40:41;713;1023;713;;11112
08:40:42;713;1023;713;;11088
08:40:42;713;1023;713;;11112
08:40:43;713;1023;713;;10944
08:40:43;713;1023;713;;11084
08:40:44;713;1023;713;;11068
08:40:44;713;1023;713;;11116
08:40:45;713;1023;713;;11116
08:40:45;713;1023;713;;11092
08:40:46;713;1023;713;;11068
08:40:46;713;1023;713;;11120
08:40:47;712;1023;713;;11116
08:40:47;712;1023;713;;11064
08:40:48;712;1023;713;;11116
08:40:48;712;1023;713;;11092
08:40:49;712;1023;712;;11068
08:40:49;712;1023;712;;11112
08:40:50;712;1023;712;;11116
08:40:50;712;1023;712;;11092
08:40:51;712;1023;712;;11112
08:40:51;712;1023;712;;11092
08:40:52;712;1023;712;;11092
08:40:52;712;1023;712;;11076
08:40:53;712;1023;712;;11064
08:40:53;712;1023;712;;11088
08:40:54;712;1023;712;;11116
08:40:54;712;1023;712;;11064
08:40:55;712;1023;712;;11092
08:40:56;712;1023;712;;11116
08:40:56;712;1023;712;;11116
08:40:57;712;1023;712;;11144
08:40:57;712;1023;712;;11124
08:40:58;712;1023;712;;11092
08:40:58;712;1023;712;;11092
08:40:59;712;1023;712;;11068
08:40:59;712;1023;712;;11076
08:41:00;712;1023;712;;11096
08:41:00;712;1023;712;;11064
08:41:01;712;1023;712;;10972
08:41:01;712;1023;712;;11116
08:41:02;712;1023;712;;11112
08:41:02;712;1023;712;;11088
08:41:03;712;1023;712;;11112
08:41:03;712;1023;712;;11088
08:41:04;712;1023;712;;11116
08:41:04;712;1023;712;;10944
08:41:05;712;1023;712;;11092
08:41:05;712;1023;712;;11084
08:41:06;712;1023;712;;11088
08:41:06;712;1023;712;;11088
08:41:07;712;1023;712;;11116
08:41:07;712;1023;712;;11144
08:41:08;712;1023;712;;11112
08:41:08;712;1023;712;;11172
08:41:09;712;1023;712;;11060
08:41:09;712;1023;712;;11088
08:41:10;712;1023;712;;11088
08:41:10;712;1023;712;;11092
08:41:11;712;1023;712;;11116
08:41:11;712;1023;712;;11088
08:41:12;712;1023;712;;11112
08:41:12;712;1023;712;;11092
08:41:13;712;1023;712;;11192
08:41:13;712;1023;712;;11116
08:41:14;712;1023;712;;11116
08:41:14;712;1023;712;;11112
08:41:15;712;1023;712;;11064
08:41:15;712;1023;712;;11088
08:41:16;712;1023;712;;11116
08:41:16;712;1023;712;;11116
08:41:17;712;1023;712;;11116
08:41:17;712;1023;712;;11116
08:41:18;712;1023;712;;11116
08:41:18;712;1023;712;;11112
08:41:19;712;1023;712;;11140
08:41:19;712;1023;712;;11092
08:41:20;711;1023;712;;11064
08:41:20;711;1023;712;;11088
08:41:21;711;1023;711;;11088
08:41:21;711;1023;711;;11088
08:41:22;711;1023;711;;10920
08:41:22;711;1023;711;;11092
08:41:23;711;1023;711;;11088
08:41:23;711;1023;711;;10944
08:41:24;711;1023;711;;11092
08:41:25;711;1023;711;;11092
08:41:25;711;1023;711;;11144
08:41:26;711;1023;711;;11092
08:41:26;711;1023;711;;10872
08:41:27;711;1023;711;;11140
08:41:27;711;1023;711;;11140
08:41:28;711;1023;711;;11112
08:41:28;711;1023;711;;11088
08:41:29;711;1023;711;;11116
08:41:29;711;1023;711;;11112
08:41:30;711;1023;711;;11092
08:41:30;711;1023;711;;11112
08:41:31;711;1023;711;;11088
08:41:31;711;1023;711;;11144
08:41:32;711;1023;711;;11116
08:41:32;711;1023;711;;11116
08:41:33;711;1023;711;;11092
08:41:33;711;1023;711;;11144
08:41:34;711;1023;711;;11144
08:41:34;711;1023;711;;10944
08:41:35;711;1023;711;;11096
08:41:35;711;1023;711;;11092
08:41:36;711;1023;711;;11112
08:41:36;711;1023;711;;11092
08:41:37;711;1023;711;;11084
08:41:37;711;1023;711;;11084
08:41:38;711;1023;711;;11084
08:41:38;711;1023;711;;11116
08:41:39;711;1023;711;;11116
08:41:39;711;1023;711;;11068
08:41:40;711;1023;711;;11140
08:41:40;711;1023;711;;11112
08:41:41;711;1023;711;;11088
08:41:41;711;1023;711;;11088
08:41:42;711;1023;711;;11096
08:41:42;711;1023;711;;11144
08:41:43;711;1023;711;;11116
08:41:43;711;1023;711;;11088
08:41:44;711;1023;711;;11092
08:41:44;711;1023;711;;11096
08:41:45;711;1023;711;;11116
08:41:45;711;1023;711;;11088
08:41:46;711;1023;711;;11112
08:41:46;711;1023;711;;11088
08:41:47;711;1023;711;;11096
08:41:47;711;1023;711;;11068
08:41:48;711;1023;711;;11092
08:41:48;711;1023;711;;11092
08:41:49;711;1023;711;;11092
08:41:49;711;1023;711;;11092
08:41:50;711;1023;711;;11092
08:41:50;711;1023;711;;11092
08:41:51;711;1023;711;;11092
08:41:51;711;1023;711;;11140
08:41:52;711;1023;711;;11088
08:41:52;711;1023;711;;11092
08:41:53;711;1023;711;;11112
08:41:54;711;1023;711;;11116
08:41:54;711;1023;711;;11092
08:41:55;711;1023;711;;11068
08:41:55;711;1023;711;;11064
08:41:56;711;1023;711;;11092
08:41:56;711;1023;711;;11096
08:41:57;711;1023;711;;11088
08:41:57;711;1023;711;;11088
08:41:58;711;1023;711;;11172
08:41:58;711;1023;711;;11088
08:41:59;711;1023;711;;11092
08:41:59;711;1023;711;;11096
08:42:00;711;1023;711;;11088
08:42:00;711;1023;711;;11092
08:42:01;711;1023;711;;11116
08:42:01;711;1023;711;;11096
08:42:02;711;1023;710;;11096
08:42:02;711;1023;710;;11092
08:42:03;711;1023;710;;11092
08:42:03;711;1023;710;;11116
08:42:04;710;1023;710;;11112
08:42:04;710;1023;710;;10964
08:42:05;710;1023;710;;11092
08:42:05;710;1023;710;;11140
08:42:06;710;1023;710;;11076
08:42:06;710;1023;710;;11112
08:42:07;710;1023;710;;11140
08:42:07;710;1023;710;;11136
08:42:08;710;1023;710;;11088
08:42:08;710;1023;710;;11092
08:42:09;710;1023;710;;11092
08:42:09;710;1023;710;;11096
08:42:10;710;1023;710;;11064
08:42:10;710;1023;710;;11092
08:42:11;710;1023;710;;11064
08:42:11;710;1023;710;;11068
08:42:12;710;1023;710;;11064
08:42:12;710;1023;710;;10896
08:42:13;710;1023;710;;11088
08:42:13;710;1023;710;;11088
08:42:14;710;1023;710;;11112
08:42:14;710;1023;710;;10944
08:42:15;710;1023;710;;10896
08:42:15;710;1023;710;;11092
08:42:16;710;1023;710;;11096
08:42:16;710;1023;710;;11096
08:42:17;710;1023;710;;11092
08:42:17;710;1023;710;;11088
08:42:18;710;1023;710;;11068
08:42:18;710;1023;710;;11088
08:42:19;710;1023;710;;11088
08:42:19;710;1023;710;;11092
08:42:20;710;1023;710;;11084
08:42:20;710;1023;710;;11116
08:42:21;710;1023;710;;11088
08:42:21;710;1023;710;;11088
08:42:22;710;1023;710;;11088
08:42:23;710;1023;710;;11092
08:42:23;710;1023;710;;11092
08:42:24;710;1023;710;;11144
08:42:24;710;1023;710;;11088
08:42:25;710;1023;710;;11092
08:42:25;710;1023;710;;11064
08:42:26;710;1023;710;;11096
08:42:26;710;1023;710;;10944
08:42:27;710;1023;710;;11060
08:42:27;710;1023;710;;11088
08:42:28;710;1023;710;;11092
08:42:28;710;1023;710;;11064
08:42:29;710;1023;710;;11092
08:42:29;710;1023;710;;11088
08:42:30;710;1023;710;;11088
08:42:30;710;1023;710;;11088
08:42:31;710;1023;710;;11096
08:42:31;710;1023;710;;11172
08:42:32;710;1023;710;;11092
08:42:32;710;1023;710;;11092
08:42:33;710;1023;710;;11088
08:42:33;710;1023;710;;11116
08:42:34;710;1023;710;;11088
08:42:34;710;1023;710;;11088
08:42:35;710;1023;710;;11088
08:42:35;710;1023;710;;11144
08:42:36;710;1023;710;;11092
08:42:36;710;1023;710;;11088
08:42:37;710;1023;710;;11092
08:42:37;710;1023;710;;11140
08:42:38;710;1023;710;;11116
08:42:38;710;1023;710;;11088
08:42:39;710;1023;710;;11092
08:42:39;710;1023;710;;11144
08:42:40;710;1023;710;;11088
08:42:40;710;1023;710;;10944
08:42:41;710;1023;710;;11088
08:42:41;710;1023;710;;10944
08:42:42;710;1023;710;;11064
08:42:42;710;1023;710;;11140
08:42:43;710;1023;710;;11092
08:42:43;710;1023;710;;11088
08:42:44;710;1023;710;;10940
08:42:44;710;1023;710;;11088
08:42:45;710;1023;710;;10948
08:42:45;710;1023;710;;11064
08:42:46;710;1023;710;;11088
08:42:46;710;1023;710;;11112
08:42:47;710;1023;710;;11088
08:42:47;710;1023;710;;11120
08:42:48;710;1023;710;;11112
08:42:48;710;1023;710;;11144
08:42:49;710;1023;710;;11092
08:42:49;710;1023;710;;11096
08:42:50;710;1023;710;;11088
08:42:50;710;1023;710;;11084
08:42:51;710;1023;710;;11084
08:42:52;710;1023;710;;11088
08:42:52;710;1023;710;;11112
08:42:53;710;1023;710;;11092
08:42:53;710;1023;710;;11116
08:42:54;709;1023;709;;11112
08:42:54;709;1023;709;;11092
08:42:55;709;1023;709;;11088
08:42:55;709;1023;709;;11144
08:42:56;709;1023;709;;11060
08:42:56;709;1023;709;;11144
08:42:57;709;1023;709;;11088
08:42:57;709;1023;709;;11064
08:42:58;709;1023;709;;11088
08:42:58;709;1023;709;;11084
08:42:59;709;1023;709;;11116
08:42:59;709;1023;709;;11144
08:43:00;709;1023;709;;11092
08:43:00;709;1023;709;;11088
08:43:01;709;1023;709;;10944
08:43:01;709;1023;709;;11092
08:43:02;709;1023;709;;11112
08:43:02;709;1023;709;;11112
08:43:03;709;1023;709;;11096
08:43:03;709;1023;709;;11088
08:43:04;709;1023;709;;11092
08:43:04;709;1023;709;;11144
08:43:05;709;1023;709;;11172
08:43:05;709;1023;709;;11088
08:43:06;709;1023;709;;11116
08:43:06;709;1023;709;;11116
08:43:07;709;1023;709;;11092
08:43:07;709;1023;709;;11092
08:43:08;709;1023;709;;11140
08:43:08;709;1023;709;;11092
08:43:09;709;1023;709;;11092
08:43:09;709;1023;709;;11088
08:43:10;709;1023;709;;11088
08:43:10;709;1023;709;;11064
08:43:11;709;1023;709;;11092
08:43:11;709;1023;709;;11088
08:43:12;709;1023;709;;11068
08:43:12;709;1023;709;;11088
08:43:13;709;1023;709;;11168
08:43:13;709;1023;709;;11088
08:43:14;709;1023;709;;11092
08:43:14;709;1023;709;;11060
08:43:15;709;1023;709;;10916
08:43:15;709;1023;709;;11092
08:43:16;709;1023;709;;11092
08:43:16;709;1023;709;;11068
08:43:17;709;1023;709;;11168
08:43:17;709;1023;709;;10920
08:43:18;709;1023;709;;10920
08:43:18;709;1023;709;;11168
08:43:19;709;1023;709;;11120
08:43:19;709;1023;709;;11092
08:43:20;709;1023;709;;11092
08:43:21;709;1023;709;;11068
08:43:21;709;1023;709;;11068
08:43:22;709;1023;709;;11088
08:43:22;709;1023;709;;11116
08:43:23;709;1023;709;;11068
08:43:23;709;1023;709;;11064
08:43:24;709;1023;709;;11088
08:43:24;709;1023;709;;11064
08:43:25;709;1023;709;;11092
08:43:25;709;1023;709;;11088
08:43:26;709;1023;709;;11116
08:43:26;709;1023;709;;11064
08:43:27;709;1023;709;;11092
08:43:27;709;1023;709;;11092
08:43:28;709;1023;709;;11092
08:43:28;709;1023;709;;11092
08:43:29;709;1023;709;;11096
08:43:29;709;1023;709;;11064
08:43:30;709;1023;709;;11084
08:43:30;709;1023;709;;11088
08:43:31;709;1023;709;;11096
08:43:31;709;1023;709;;11140
08:43:32;709;1023;709;;11092
08:43:32;709;1023;709;;11092
08:43:33;709;1023;709;;11088
08:43:33;709;1023;709;;11092
08:43:34;709;1023;709;;11144
08:43:34;709;1023;709;;10916
08:43:35;709;1023;709;;11088
08:43:35;709;1023;709;;10992
08:43:36;709;1023;709;;11088
08:43:36;709;1023;709;;11168
08:43:37;709;1023;709;;11060
08:43:37;709;1023;709;;11120
08:43:38;709;1023;709;;10968
08:43:38;709;1023;709;;10920
08:43:39;709;1023;709;;10896
08:43:39;709;1023;709;;11092
08:43:40;709;1023;709;;11092
08:43:40;709;1023;709;;10944
08:43:41;709;1023;709;;11088
08:43:41;709;1023;709;;10992
08:43:42;709;1023;709;;11076
08:43:42;709;1023;709;;11084
08:43:43;709;1023;709;;11088
08:43:43;709;1023;709;;11100
08:43:44;709;1023;709;;11140
08:43:44;709;1023;709;;11088
08:43:45;709;1023;709;;11088
08:43:45;709;1023;709;;11168
08:43:46;709;1023;709;;11088
08:43:46;709;1023;709;;11088
08:43:47;709;1023;709;;11112
08:43:47;709;1023;709;;11092
08:43:48;709;1023;709;;11088
08:43:48;709;1023;709;;11088
08:43:49;709;1023;709;;11092
08:43:50;709;1023;709;;11112
08:43:50;709;1023;709;;11064
08:43:51;709;1023;709;;11088
08:43:51;709;1023;709;;11092
08:43:52;709;1023;709;;11140
08:43:52;709;1023;709;;11088
08:43:53;709;1023;709;;11084
08:43:53;709;1023;709;;11088
08:43:54;709;1023;709;;11116
08:43:54;709;1023;709;;11088
08:43:55;709;1023;709;;11088
08:43:55;709;1023;709;;11088
08:43:56;709;1023;709;;11088
08:43:56;709;1023;709;;11068
08:43:57;709;1023;709;;11140
08:43:57;709;1023;709;;11068
08:43:58;709;1023;709;;11116
08:43:58;709;1023;709;;11140
08:43:59;709;1023;709;;11088
08:43:59;709;1023;709;;11140
08:44:00;709;1023;709;;11088
08:44:00;709;1023;709;;11144
08:44:01;709;1023;709;;11092
08:44:01;709;1023;709;;11092
08:44:02;708;1023;708;;11088
08:44:02;708;1023;708;;11088
08:44:03;709;1023;709;;11088
08:44:03;709;1023;709;;11088
08:44:04;708;1023;708;;11092
08:44:04;708;1023;708;;11064
08:44:05;708;1023;709;;11064
08:44:05;708;1023;709;;11096
08:44:06;708;1023;708;;11088
08:44:06;708;1023;708;;11092
08:44:07;708;1023;708;;10968
08:44:07;708;1023;708;;11140
08:44:08;708;1023;708;;11092
08:44:08;708;1023;708;;11092
08:44:09;708;1023;708;;11088
08:44:09;708;1023;708;;11092
08:44:10;708;1023;708;;11068
08:44:10;708;1023;708;;11072
08:44:11;708;1023;708;;11092
08:44:11;708;1023;708;;11088
08:44:12;708;1023;708;;11116
08:44:12;708;1023;708;;10992
08:44:13;708;1023;708;;11092
08:44:13;708;1023;708;;11076
08:44:14;708;1023;708;;10968
08:44:14;708;1023;708;;10996
08:44:15;708;1023;708;;11088
08:44:15;708;1023;708;;11068
08:44:16;708;1023;708;;11088
08:44:16;708;1023;708;;11116
08:44:17;708;1023;708;;11112
08:44:18;708;1023;708;;11120
08:44:18;708;1023;708;;11092
08:44:19;708;1023;708;;11088
08:44:19;708;1023;708;;11168
08:44:20;708;1023;708;;11092
08:44:20;708;1023;708;;11168
08:44:21;708;1023;708;;11088
08:44:21;708;1023;708;;11116
08:44:22;708;1023;708;;11064
08:44:22;708;1023;708;;11116
08:44:23;708;1023;708;;11164
08:44:23;708;1023;708;;11092
08:44:24;708;1023;708;;11068
08:44:24;708;1023;708;;11140
08:44:25;708;1023;708;;11092
08:44:25;708;1023;708;;11064
08:44:26;708;1023;708;;11092
08:44:26;708;1023;708;;11140
08:44:27;708;1023;708;;10920
08:44:27;708;1023;708;;11088
08:44:28;708;1023;708;;10944
08:44:28;708;1023;708;;11088
08:44:29;708;1023;708;;11088
08:44:29;708;1023;708;;11072
08:44:30;708;1023;708;;11112
08:44:30;708;1023;708;;10944
08:44:31;708;1023;708;;11096
08:44:31;708;1023;708;;11064
08:44:32;708;1023;708;;10972
08:44:32;708;1023;708;;11088
08:44:33;708;1023;708;;11068
08:44:33;708;1023;708;;11092
08:44:34;708;1023;708;;10940
08:44:34;708;1023;708;;10968
08:44:35;708;1023;708;;11084
08:44:35;708;1023;708;;11088
08:44:36;708;1023;708;;11060
08:44:36;708;1023;708;;11088
08:44:37;708;1023;708;;11064
08:44:37;708;1023;708;;11092
08:44:38;708;1023;708;;11092
08:44:38;708;1023;708;;11116
08:44:39;708;1023;708;;11092
08:44:39;708;1023;708;;11092
08:44:40;708;1023;708;;11092
08:44:40;708;1023;708;;11088
08:44:41;708;1023;708;;11140
08:44:41;708;1023;708;;11088
08:44:42;708;1023;708;;11088
08:44:42;708;1023;708;;10944
08:44:43;708;1023;708;;11096
08:44:43;708;1023;708;;11088
08:44:44;708;1023;708;;11084
08:44:44;708;1023;708;;11076
08:44:45;708;1023;708;;11092
08:44:45;708;1023;708;;11116
08:44:46;708;1023;708;;11168
08:44:47;708;1023;708;;11088
08:44:47;708;1023;708;;11096
08:44:48;708;1023;708;;11116
08:44:48;708;1023;708;;11088
08:44:49;708;1023;708;;11088
08:44:49;708;1023;708;;11092
08:44:50;708;1023;708;;11092
08:44:50;708;1023;708;;11088
08:44:51;708;1023;708;;11088
08:44:51;708;1023;708;;11092
08:44:52;708;1023;708;;11088
08:44:52;708;1023;708;;10968
08:44:53;708;1023;708;;11092
08:44:53;708;1023;708;;11092
08:44:54;708;1023;708;;11088
08:44:54;708;1023;708;;11088
08:44:55;708;1023;708;;11092
08:44:55;708;1023;708;;11092
08:44:56;708;1023;708;;11112
08:44:56;708;1023;708;;11144
08:44:57;708;1023;708;;11064
08:44:57;708;1023;708;;11088
08:44:58;708;1023;708;;11088
08:44:58;708;1023;708;;11072
08:44:59;708;1023;708;;11088
08:44:59;708;1023;708;;11096
08:45:00;708;1023;708;;11140
08:45:00;708;1023;708;;11092
08:45:01;708;1023;708;;11092
08:45:01;708;1023;708;;11092
08:45:02;708;1023;708;;11116
08:45:02;708;1023;708;;11064
08:45:03;708;1023;708;;11116
08:45:03;708;1023;708;;11088
08:45:04;708;1023;708;;11096
08:45:04;708;1023;708;;11092
08:45:05;708;1023;708;;10972
08:45:05;708;1023;708;;10944
08:45:06;708;1023;708;;11120
08:45:06;708;1023;708;;11088
08:45:07;708;1023;708;;11064
08:45:07;708;1023;708;;11068
08:45:08;708;1023;708;;11088
08:45:08;708;1023;708;;11088
08:45:09;708;1023;708;;11088
08:45:09;708;1023;708;;11088
08:45:10;708;1023;708;;11092
08:45:10;708;1023;708;;11084
08:45:11;708;1023;708;;10512
08:45:11;708;1023;708;;11088
08:45:12;708;1023;708;;11064
08:45:12;708;1023;708;;11064
08:45:13;708;1023;708;;11116
08:45:13;708;1023;708;;10996
08:45:14;708;1023;708;;11088
08:45:14;708;1023;708;;10944
08:45:15;708;1023;708;;10944
08:45:16;708;1023;708;;11088
08:45:16;708;1023;708;;11068
08:45:17;708;1023;708;;11088
08:45:17;708;1023;708;;11164
08:45:18;708;1023;708;;11088
08:45:18;708;1023;708;;11060
08:45:19;708;1023;708;;11088
08:45:19;708;1023;708;;11068
08:45:20;708;1023;708;;11088
08:45:20;708;1023;708;;11064
08:45:21;708;1023;708;;11068
08:45:21;708;1023;708;;11096
08:45:22;708;1023;708;;11068
08:45:22;708;1023;708;;11088
08:45:23;708;1023;708;;11088
08:45:23;708;1023;708;;11088
08:45:24;708;1023;708;;11092
08:45:24;708;1023;708;;11064
08:45:25;708;1023;708;;11088
08:45:25;708;1023;708;;11068
08:45:26;708;1023;708;;11060
08:45:26;708;1023;708;;11068
08:45:27;708;1023;708;;11120
08:45:27;708;1023;708;;11088
08:45:28;708;1023;708;;11088
08:45:28;708;1023;708;;11088
08:45:29;708;1023;708;;11096
08:45:29;708;1023;708;;11092
08:45:30;708;1023;708;;11088
08:45:30;708;1023;708;;11144
08:45:31;708;1023;708;;11092
08:45:31;708;1023;708;;11088
08:45:32;708;1023;708;;11088
08:45:32;708;1023;708;;11168
08:45:33;708;1023;708;;11072
08:45:33;708;1023;708;;11116
08:45:34;708;1023;708;;11092
08:45:34;708;1023;708;;11096
08:45:35;708;1023;708;;11088
08:45:35;708;1023;708;;11112
08:45:36;708;1023;708;;11088
08:45:36;708;1023;708;;11136
08:45:37;708;1023;708;;11092
08:45:37;708;1023;708;;11088
08:45:38;708;1023;708;;11096
08:45:38;708;1023;708;;11092
08:45:39;708;1023;708;;11092
08:45:39;708;1023;708;;11168
08:45:40;708;1023;708;;11140
08:45:40;708;1023;708;;11088
08:45:41;708;1023;708;;11088
08:45:41;708;1023;708;;11088
08:45:42;708;1023;708;;11092
08:45:42;708;1023;708;;11088
08:45:43;708;1023;708;;11088
08:45:43;708;1023;708;;11088
08:45:44;708;1023;708;;11084
08:45:45;708;1023;708;;11116
08:45:45;708;1023;708;;11064
08:45:46;708;1023;708;;11076
08:45:46;708;1023;708;;11088
08:45:47;707;1023;708;;11144
08:45:47;707;1023;708;;11116
08:45:48;708;1023;708;;11064
08:45:48;708;1023;708;;11116
08:45:49;707;1023;708;;11144
08:45:49;707;1023;708;;11064
08:45:50;707;1023;708;;11068
08:45:50;707;1023;708;;11068
08:45:51;708;1023;708;;11076
08:45:51;708;1023;708;;11068
08:45:52;707;1023;708;;11116
08:45:52;707;1023;708;;11116
08:45:53;708;1023;708;;11124
08:45:53;708;1023;708;;11092
08:45:54;708;1023;708;;11116
08:45:54;708;1023;708;;10968
08:45:55;707;1023;708;;11092
08:45:55;707;1023;708;;11088
08:45:56;708;1023;708;;11172
08:45:56;708;1023;708;;11168
08:45:57;707;1023;708;;11088
08:45:57;707;1023;708;;11116
08:45:58;707;1023;708;;11116
08:45:58;707;1023;708;;11112
08:45:59;707;1023;708;;11116
08:45:59;707;1023;708;;11084
08:46:00;707;1023;708;;11088
08:46:00;707;1023;708;;11116
08:46:01;707;1023;708;;11116
08:46:01;707;1023;708;;11088
08:46:02;707;1023;708;;11088
08:46:02;707;1023;708;;11088
08:46:03;707;1023;708;;11088
08:46:03;707;1023;708;;11116
08:46:04;707;1023;708;;11112
08:46:04;707;1023;708;;11116
08:46:05;707;1023;707;;11088
08:46:05;707;1023;707;;11092
08:46:06;707;1023;708;;11068
08:46:06;707;1023;708;;11088
08:46:07;707;1023;708;;11116
08:46:07;707;1023;708;;11092
08:46:08;707;1023;708;;11088
08:46:08;707;1023;708;;11092
08:46:09;707;1023;708;;11092
08:46:09;707;1023;708;;11092
08:46:10;707;1023;707;;11116
08:46:10;707;1023;707;;11088
08:46:11;707;1023;708;;10964
08:46:11;707;1023;708;;11116
08:46:12;707;1023;707;;11084
08:46:12;707;1023;707;;11076
08:46:13;707;1023;707;;11084
08:46:14;707;1023;708;;11088
08:46:14;707;1023;708;;11116
08:46:15;707;1023;707;;11088
08:46:15;707;1023;707;;11088
08:46:16;707;1023;708;;11088
08:46:16;707;1023;708;;11064
08:46:17;707;1023;708;;11068
08:46:17;707;1023;708;;11088
08:46:18;707;1023;707;;11116
08:46:18;707;1023;707;;11016
08:46:19;707;1023;707;;11116
08:46:19;707;1023;707;;11068
08:46:20;707;1023;707;;11096
08:46:20;707;1023;707;;11168
08:46:21;707;1023;707;;11068
08:46:21;707;1023;707;;10992
08:46:22;707;1023;707;;11116
08:46:22;707;1023;707;;10948
08:46:23;707;1023;707;;11116
08:46:23;707;1023;707;;10968
08:46:24;707;1023;708;;11168
08:46:24;707;1023;708;;11088
08:46:25;707;1023;707;;11092
08:46:25;707;1023;707;;10968
08:46:26;707;1023;707;;11076
08:46:26;707;1023;707;;11088
08:46:27;707;1023;707;;11068
08:46:27;707;1023;707;;11116
08:46:28;707;1023;707;;11112
08:46:28;707;1023;707;;11088
08:46:29;707;1023;707;;11140
08:46:29;707;1023;707;;11088
08:46:30;707;1023;707;;11088
08:46:30;707;1023;707;;11072
08:46:31;707;1023;707;;11100
08:46:31;707;1023;707;;11088
08:46:32;707;1023;707;;11064
08:46:32;707;1023;707;;11068
08:46:33;707;1023;707;;11140
08:46:33;707;1023;707;;11088
08:46:34;707;1023;707;;11088
08:46:34;707;1023;707;;11088
08:46:35;707;1023;707;;11064
08:46:35;707;1023;707;;11068
08:46:36;707;1023;707;;11116
08:46:36;707;1023;707;;11116
08:46:37;707;1023;707;;11116
08:46:37;707;1023;707;;11092
08:46:38;707;1023;707;;11112
08:46:38;707;1023;707;;11092
08:46:39;707;1023;707;;11064
08:46:39;707;1023;707;;11092
08:46:40;707;1023;707;;11064
08:46:40;707;1023;707;;11116
08:46:41;707;1023;707;;11116
08:46:41;707;1023;707;;11092
08:46:42;707;1023;707;;11096
08:46:43;707;1023;707;;11076
08:46:43;707;1023;707;;10992
08:46:44;707;1023;707;;11092
08:46:44;707;1023;707;;10992
08:46:45;707;1023;707;;10972
08:46:45;707;1023;707;;11064
08:46:46;707;1023;707;;10944
08:46:46;707;1023;707;;10972
08:46:47;707;1023;707;;10992
08:46:47;707;1023;707;;10968
08:46:48;707;1023;707;;11116
08:46:48;707;1023;707;;11116
08:46:49;707;1023;707;;11088
08:46:49;707;1023;707;;11112
08:46:50;707;1023;707;;11092
08:46:50;707;1023;707;;11088
08:46:51;707;1023;707;;11088
08:46:51;707;1023;707;;11120
08:46:52;707;1023;707;;11088
08:46:52;707;1023;707;;11144
08:46:53;707;1023;707;;11076
08:46:53;707;1023;707;;11084
08:46:54;707;1023;707;;11068
08:46:54;707;1023;707;;10968
08:46:55;707;1023;707;;11096
08:46:55;707;1023;707;;11088
08:46:56;707;1023;707;;11112
08:46:56;707;1023;707;;11088
08:46:57;707;1023;707;;11164
08:46:57;707;1023;707;;11144
08:46:58;707;1023;707;;11116
08:46:58;707;1023;707;;11116
08:46:59;707;1023;707;;11116
08:46:59;707;1023;707;;11092
08:47:00;707;1023;707;;11088
08:47:00;707;1023;707;;11092
08:47:01;707;1023;707;;11064
08:47:01;707;1023;707;;11112
08:47:02;707;1023;707;;11092
08:47:02;707;1023;707;;11116
08:47:03;707;1023;707;;11096
08:47:03;707;1023;707;;11088
08:47:04;707;1023;707;;11068
08:47:04;707;1023;707;;11144
08:47:05;707;1023;707;;11112
08:47:05;707;1023;707;;11068
08:47:06;707;1023;707;;11112
08:47:06;707;1023;707;;11116
08:47:07;707;1023;707;;11116
08:47:07;707;1023;707;;11116
08:47:08;707;1023;707;;11088
08:47:08;707;1023;707;;11144
08:47:09;707;1023;707;;11092
08:47:09;707;1023;707;;11068
08:47:10;707;1023;707;;11064
08:47:10;707;1023;707;;11068
08:47:11;707;1023;707;;11116
08:47:12;707;1023;707;;11096
08:47:12;707;1023;707;;11088
08:47:13;707;1023;707;;11116
08:47:13;707;1023;707;;11168
08:47:14;707;1023;707;;11088
08:47:14;707;1023;707;;11092
08:47:15;707;1023;707;;11092
08:47:15;707;1023;707;;11068
08:47:16;707;1023;707;;11084
08:47:16;707;1023;707;;11092
08:47:17;707;1023;707;;11092
08:47:17;707;1023;707;;11088
08:47:18;707;1023;707;;11088
08:47:18;707;1023;707;;11140
08:47:19;707;1023;707;;11088
08:47:19;707;1023;707;;11144
08:47:20;707;1023;707;;11140
08:47:20;707;1023;707;;11088
08:47:21;707;1023;707;;11064
08:47:21;707;1023;707;;11092
08:47:22;707;1023;707;;11116
08:47:22;707;1023;707;;11112
08:47:23;707;1023;707;;11116
08:47:23;707;1023;707;;11040
08:47:24;707;1023;707;;11116
08:47:24;707;1023;707;;11116
08:47:25;707;1023;707;;11068
08:47:25;707;1023;707;;11116
08:47:26;707;1023;707;;11096
08:47:26;707;1023;707;;10992
08:47:27;707;1023;707;;10968
08:47:27;707;1023;707;;11076
08:47:28;707;1023;707;;11140
08:47:28;707;1023;707;;11068
08:47:29;707;1023;707;;11116
08:47:29;707;1023;707;;11144
08:47:30;707;1023;707;;11116
08:47:30;707;1023;707;;11144
08:47:31;707;1023;707;;11092
08:47:31;707;1023;707;;11088
08:47:32;707;1023;707;;11168
08:47:32;707;1023;707;;11112
08:47:33;707;1023;707;;11116
08:47:33;707;1023;707;;11092
08:47:34;707;1023;707;;11112
08:47:34;707;1023;707;;11112
08:47:35;707;1023;707;;11116
08:47:35;707;1023;707;;11116
08:47:36;707;1023;707;;11088
08:47:36;707;1023;707;;11116
08:47:37;707;1023;707;;11068
08:47:37;707;1023;707;;11064
08:47:38;707;1023;707;;11088
08:47:38;707;1023;707;;11116
08:47:39;707;1023;707;;11064
08:47:39;707;1023;707;;11116
08:47:40;707;1023;707;;11144
08:47:41;707;1023;707;;11092
08:47:41;707;1023;707;;11056
08:47:42;707;1023;707;;11112
08:47:42;707;1023;707;;11112
08:47:43;707;1023;707;;11116
08:47:43;707;1023;707;;11116
08:47:44;707;1023;707;;11116
08:47:44;707;1023;707;;11088
08:47:45;707;1023;707;;11140
08:47:45;707;1023;707;;11088
08:47:46;707;1023;707;;11088
08:47:46;707;1023;707;;11088
08:47:47;707;1023;707;;11096
08:47:47;707;1023;707;;11096
08:47:48;707;1023;707;;11116
08:47:48;707;1023;707;;11092
08:47:49;707;1023;707;;11088
08:47:49;707;1023;707;;11092
08:47:50;707;1023;707;;11092
08:47:50;707;1023;707;;11116
08:47:51;707;1023;707;;11116
08:47:51;707;1023;707;;10968
08:47:52;707;1023;707;;11116
08:47:52;707;1023;707;;11088
08:47:53;707;1023;707;;11068
08:47:53;707;1023;707;;11144
08:47:54;707;1023;707;;11088
08:47:54;707;1023;707;;10940
08:47:55;707;1023;707;;11116
08:47:55;707;1023;707;;11088
08:47:56;707;1023;707;;10944
08:47:56;707;1023;707;;11064
08:47:57;707;1023;707;;11084
08:47:57;707;1023;707;;11088
08:47:58;707;1023;707;;11116
08:47:58;707;1023;707;;11068
08:47:59;707;1023;707;;11112
08:47:59;707;1023;707;;11112
08:48:00;707;1023;707;;11068
08:48:00;707;1023;707;;11084
08:48:01;707;1023;707;;11116
08:48:01;707;1023;707;;10944
08:48:02;707;1023;707;;11112
08:48:02;707;1023;707;;10916
08:48:03;707;1023;707;;11088
08:48:03;707;1023;707;;11140
08:48:04;707;1023;707;;11116
08:48:04;707;1023;707;;11092
08:48:05;707;1023;707;;11088
08:48:05;707;1023;707;;11064
08:48:06;707;1023;707;;11084
08:48:06;707;1023;707;;11088
08:48:07;707;1023;707;;11112
08:48:07;707;1023;707;;11088
08:48:08;707;1023;707;;11092
08:48:09;707;1023;707;;11116
08:48:09;707;1023;707;;11068
08:48:10;707;1023;707;;11084
08:48:10;707;1023;707;;11092
08:48:11;707;1023;707;;11092
08:48:11;707;1023;707;;11088
08:48:12;707;1023;707;;11092
08:48:12;707;1023;707;;11096
08:48:13;707;1023;707;;11116
08:48:13;707;1023;707;;11116
08:48:14;707;1023;707;;11144
08:48:14;707;1023;707;;11084
08:48:15;707;1023;707;;11088
08:48:15;707;1023;707;;11092
08:48:16;707;1023;707;;11088
08:48:16;707;1023;707;;11116
08:48:17;707;1023;707;;11084
08:48:17;707;1023;707;;11096
08:48:18;707;1023;707;;11060
08:48:18;707;1023;707;;11092
08:48:19;707;1023;707;;11092
08:48:19;707;1023;707;;11144
08:48:20;707;1023;707;;11140
08:48:20;707;1023;707;;11116
08:48:21;707;1023;707;;11088
08:48:21;707;1023;707;;11072
08:48:22;707;1023;707;;11088
08:48:22;707;1023;707;;11096
08:48:23;707;1023;707;;11088
08:48:23;707;1023;707;;11096
08:48:24;707;1023;707;;11092
08:48:24;707;1023;707;;11116
08:48:25;707;1023;707;;11092
08:48:25;707;1023;707;;11116
08:48:26;707;1023;707;;11072
08:48:26;707;1023;707;;10940
08:48:27;707;1023;707;;11092
08:48:27;707;1023;707;;11168
08:48:28;707;1023;707;;11116
08:48:28;707;1023;707;;11064
08:48:29;707;1023;707;;11096
08:48:29;707;1023;707;;11096
08:48:30;707;1023;707;;11088
08:48:30;707;1023;707;;11116
08:48:31;707;1023;707;;11092
08:48:31;707;1023;707;;11068
08:48:32;707;1023;707;;10944
08:48:32;707;1023;707;;11092
08:48:33;707;1023;707;;11092
08:48:33;707;1023;707;;11088
08:48:34;707;1023;707;;11092
08:48:34;707;1023;707;;10944
08:48:35;707;1023;707;;10944
08:48:35;707;1023;707;;11068
08:48:36;707;1023;707;;11064
08:48:36;707;1023;707;;11116
08:48:37;707;1023;707;;11064
08:48:38;707;1023;707;;11088
08:48:38;707;1023;707;;11112
08:48:39;707;1023;707;;11064
08:48:39;707;1023;707;;11096
08:48:40;707;1023;707;;11144
08:48:40;707;1023;707;;11196
08:48:41;707;1023;707;;11064
08:48:41;707;1023;707;;11092
08:48:42;707;1023;707;;11088
08:48:42;707;1023;707;;11068
08:48:43;707;1023;707;;11088
08:48:43;707;1023;707;;11092
08:48:44;707;1023;707;;10992
08:48:44;707;1023;707;;10948
08:48:45;707;1023;707;;10920
08:48:45;707;1023;707;;11092
08:48:46;707;1023;707;;11112
08:48:46;707;1023;707;;11140
08:48:47;707;1023;707;;11084
08:48:47;707;1023;707;;11092
08:48:48;707;1023;707;;10948
08:48:48;707;1023;707;;11116
08:48:49;707;1023;707;;11092
08:48:49;707;1023;707;;11112
08:48:50;707;1023;707;;10944
08:48:50;707;1023;707;;11064
08:48:51;707;1023;707;;11088
08:48:51;707;1023;707;;11116
08:48:52;707;1023;707;;11140
08:48:52;707;1023;707;;11088
08:48:53;707;1023;707;;11088
08:48:53;707;1023;707;;11144
08:48:54;707;1023;707;;10940
08:48:54;707;1023;707;;11088
08:48:55;707;1023;707;;11060
08:48:55;707;1023;707;;11112
08:48:56;707;1023;707;;11088
08:48:56;707;1023;707;;11116
08:48:57;707;1023;707;;11088
08:48:57;707;1023;707;;11092
08:48:58;707;1023;707;;11116
08:48:58;707;1023;707;;11092
08:48:59;707;1023;707;;11116
08:48:59;707;1023;707;;11092
08:49:00;707;1023;707;;11092
08:49:00;707;1023;707;;11092
08:49:01;707;1023;707;;11092
08:49:01;707;1023;707;;11088
08:49:02;707;1023;707;;11096
08:49:02;707;1023;707;;11064
08:49:03;707;1023;707;;11088
08:49:03;707;1023;707;;11088
08:49:04;707;1023;707;;11148
08:49:04;707;1023;707;;11068
08:49:05;707;1023;707;;11068
08:49:05;707;1023;707;;11140
08:49:06;707;1023;707;;11116
08:49:07;707;1023;707;;11088
08:49:07;707;1023;707;;11112
08:49:08;707;1023;707;;11088
08:49:08;707;1023;707;;11092
08:49:09;707;1023;707;;11144
08:49:09;707;1023;707;;11092
08:49:10;707;1023;707;;11088
08:49:10;707;1023;707;;11072
08:49:11;707;1023;707;;11116
08:49:11;707;1023;707;;11088
08:49:12;707;1023;707;;10972
08:49:12;707;1023;707;;11064
08:49:13;707;1023;707;;11112
08:49:13;707;1023;707;;11112
08:49:14;707;1023;707;;11088
08:49:14;707;1023;707;;11064
08:49:15;707;1023;707;;11092
08:49:15;707;1023;707;;11088
08:49:16;707;1023;707;;11072
08:49:16;707;1023;707;;11116
08:49:17;707;1023;707;;11092
08:49:17;707;1023;707;;11144
08:49:18;707;1023;707;;11116
08:49:18;707;1023;707;;11088
08:49:19;707;1023;707;;11092
08:49:19;707;1023;707;;11192
08:49:20;707;1023;707;;11092
08:49:20;707;1023;707;;11092
08:49:21;707;1023;707;;11092
08:49:21;707;1023;707;;10944
08:49:22;707;1023;707;;11092
08:49:22;707;1023;707;;11092
08:49:23;707;1023;707;;11144
08:49:23;707;1023;707;;11092
08:49:24;707;1023;707;;10968
08:49:24;707;1023;707;;10968
08:49:25;707;1023;707;;10692
08:49:25;707;1023;707;;10916
08:49:26;707;1023;707;;11064
08:49:26;707;1023;707;;11116
08:49:27;707;1023;707;;11092
08:49:27;707;1023;707;;10996
08:49:28;707;1023;707;;11092
08:49:28;707;1023;707;;11092
08:49:29;707;1023;707;;11088
08:49:29;707;1023;707;;11092
08:49:30;707;1023;707;;11092
08:49:30;707;1023;707;;11064
08:49:31;707;1023;707;;11060
08:49:31;707;1023;707;;11144
08:49:32;707;1023;707;;11068
08:49:32;707;1023;707;;11088
08:49:33;707;1023;707;;11088
08:49:33;707;1023;707;;10944
08:49:34;707;1023;707;;11144
08:49:34;707;1023;707;;11088
08:49:35;707;1023;707;;11092
08:49:36;707;1023;707;;10916
08:49:36;707;1023;707;;11040
08:49:37;707;1023;707;;11088
08:49:37;707;1023;707;;11088
08:49:38;707;1023;707;;11068
08:49:38;707;1023;707;;11092
08:49:39;707;1023;707;;11068
08:49:39;707;1023;707;;11088
08:49:40;707;1023;707;;11140
08:49:40;707;1023;707;;11068
08:49:41;707;1023;707;;11116
08:49:41;707;1023;707;;11096
08:49:42;707;1023;707;;11088
08:49:42;707;1023;707;;11064
08:49:43;707;1023;707;;11096
08:49:43;707;1023;707;;11084
08:49:44;707;1023;707;;11092
08:49:44;707;1023;707;;11116
08:49:45;707;1023;707;;11144
08:49:45;707;1023;707;;11068
08:49:46;707;1023;707;;11116
08:49:46;707;1023;707;;11064
08:49:47;707;1023;707;;11088
08:49:47;707;1023;707;;11140
08:49:48;707;1023;707;;11112
08:49:48;707;1023;707;;11092
08:49:49;707;1023;707;;11068
08:49:49;707;1023;707;;11116
08:49:50;707;1023;707;;11060
08:49:50;707;1023;707;;11092
08:49:51;707;1023;707;;11116
08:49:51;707;1023;707;;11140
08:49:52;707;1023;707;;11084
08:49:52;707;1023;707;;11112
08:49:53;707;1023;707;;11112
08:49:53;707;1023;707;;11116
08:49:54;707;1023;707;;11088
08:49:54;707;1023;707;;11092
08:49:55;707;1023;707;;11092
08:49:55;707;1023;707;;11112
08:49:56;707;1023;707;;11060
08:49:56;707;1023;707;;11072
08:49:57;707;1023;707;;11088
08:49:57;707;1023;707;;11092
08:49:58;707;1023;707;;11088
08:49:58;707;1023;707;;11092
08:49:59;707;1023;707;;11064
08:49:59;707;1023;707;;10968
08:50:00;707;1023;707;;11064
08:50:00;707;1023;707;;11088
08:50:01;707;1023;707;;11060
08:50:01;707;1023;707;;11092
08:50:02;707;1023;707;;10968
08:50:02;707;1023;707;;10992
08:50:03;707;1023;707;;10976
08:50:03;707;1023;707;;11096
08:50:04;707;1023;707;;10944
08:50:05;707;1023;707;;11088
08:50:05;707;1023;707;;10940
08:50:06;707;1023;707;;11084
08:50:06;707;1023;707;;11068
08:50:07;707;1023;707;;11092
08:50:07;707;1023;707;;10916
08:50:08;707;1023;707;;11112
08:50:08;707;1023;707;;10968
08:50:09;707;1023;707;;11080
08:50:09;707;1023;707;;11088
08:50:10;707;1023;707;;11116
08:50:10;707;1023;707;;11112
08:50:11;707;1023;707;;11112
08:50:11;707;1023;707;;11088
08:50:12;706;1023;707;;11112
08:50:12;706;1023;707;;11092
08:50:13;707;1023;707;;11088
08:50:13;707;1023;707;;11116
08:50:14;707;1023;707;;11116
08:50:14;707;1023;707;;11092
08:50:15;706;1023;707;;11088
08:50:15;706;1023;707;;11092
08:50:16;707;1023;707;;11092
08:50:16;707;1023;707;;11088
08:50:17;707;1023;707;;11088
08:50:17;707;1023;707;;11112
08:50:18;706;1023;707;;11092
08:50:18;706;1023;707;;11088
08:50:19;707;1023;707;;11092
08:50:19;707;1023;707;;11140
08:50:20;707;1023;707;;11112
08:50:20;707;1023;707;;11112
08:50:21;706;1023;707;;11088
08:50:21;706;1023;707;;11112
08:50:22;707;1023;707;;11088
08:50:22;707;1023;707;;11096
08:50:23;707;1023;707;;11088
08:50:23;707;1023;707;;11140
08:50:24;706;1023;707;;11116
08:50:24;706;1023;707;;11088
08:50:25;706;1023;707;;11088
08:50:25;706;1023;707;;11088
08:50:26;707;1023;707;;11116
08:50:26;707;1023;707;;11144
08:50:27;706;1023;707;;11088
08:50:27;706;1023;707;;11088
08:50:28;707;1023;707;;11092
08:50:28;707;1023;707;;11092
08:50:29;707;1023;707;;11068
08:50:29;707;1023;707;;11088
08:50:30;706;1023;707;;11116
08:50:30;706;1023;707;;11084
08:50:31;706;1023;707;;11112
08:50:31;706;1023;707;;11092
08:50:32;707;1023;707;;11088
08:50:32;707;1023;707;;11088
08:50:33;706;1023;707;;11092
08:50:34;706;1023;707;;11060
08:50:34;706;1023;707;;11068
08:50:35;707;1023;707;;11096
08:50:35;707;1023;707;;11084
08:50:36;706;1023;707;;10972
08:50:36;706;1023;707;;11068
08:50:37;706;1023;707;;10968
08:50:37;706;1023;707;;11068
08:50:38;706;1023;707;;11064
08:50:38;706;1023;707;;11072
08:50:39;706;1023;707;;11140
08:50:39;706;1023;707;;11088
08:50:40;706;1023;707;;11140
08:50:40;706;1023;707;;11088
08:50:41;706;1023;707;;11060
08:50:41;706;1023;707;;11116
08:50:42;706;1023;707;;11064
08:50:42;706;1023;707;;11140
08:50:43;706;1023;707;;11140
08:50:43;706;1023;707;;11112
08:50:44;706;1023;707;;11088
08:50:44;706;1023;707;;11088
08:50:45;706;1023;707;;11096
08:50:45;706;1023;707;;10944
08:50:46;706;1023;706;;11088
08:50:46;706;1023;706;;11064
08:50:47;706;1023;706;;11092
08:50:47;706;1023;706;;11084
08:50:48;706;1023;707;;11112
08:50:48;706;1023;707;;11140
08:50:49;706;1023;707;;10940
08:50:49;706;1023;707;;11112
08:50:50;706;1023;707;;11092
08:50:50;706;1023;707;;10896
08:50:51;706;1023;706;;11088
08:50:51;706;1023;706;;11092
08:50:52;706;1023;706;;11092
08:50:52;706;1023;706;;11088
08:50:53;706;1023;707;;11068
08:50:53;706;1023;707;;11088
08:50:54;706;1023;706;;11084
08:50:54;706;1023;706;;11140
08:50:55;706;1023;706;;11088
08:50:55;706;1023;706;;11088
08:50:56;706;1023;707;;11140
08:50:56;706;1023;707;;11076
08:50:57;706;1023;706;;11088
08:50:57;706;1023;706;;11092
08:50:58;706;1023;706;;11144
08:50:58;706;1023;706;;11092
08:50:59;706;1023;707;;11096
08:50:59;706;1023;707;;11116
08:51:00;706;1023;707;;11092
08:51:00;706;1023;707;;11116
08:51:01;706;1023;706;;11088
08:51:01;706;1023;706;;11088
08:51:02;706;1023;706;;11092
08:51:03;706;1023;707;;11092
08:51:03;706;1023;707;;11092
08:51:04;706;1023;706;;11092
08:51:04;706;1023;706;;11140
08:51:05;706;1023;706;;11088
08:51:05;706;1023;706;;11092
08:51:06;706;1023;706;;11088
08:51:06;706;1023;706;;11140
08:51:07;706;1023;706;;11068
08:51:07;706;1023;706;;11072
08:51:08;706;1023;706;;11088
08:51:08;706;1023;706;;11064
08:51:09;706;1023;706;;11116
08:51:09;706;1023;706;;11116
08:51:10;706;1023;706;;11112
08:51:10;706;1023;706;;11060
08:51:11;706;1023;706;;10992
08:51:11;706;1023;706;;10916
08:51:12;706;1023;706;;11068
08:51:12;706;1023;706;;11092
08:51:13;706;1023;706;;11088
08:51:13;706;1023;706;;11088
08:51:14;706;1023;706;;11084
08:51:14;706;1023;706;;11112
08:51:15;706;1023;706;;11112
08:51:15;706;1023;706;;11088
08:51:16;706;1023;706;;11088
08:51:16;706;1023;706;;11064
08:51:17;706;1023;706;;11068
08:51:17;706;1023;706;;11112
08:51:18;706;1023;706;;11088
08:51:18;706;1023;706;;11064
08:51:19;706;1023;706;;11088
08:51:19;706;1023;706;;11068
08:51:20;706;1023;706;;11088
08:51:20;706;1023;706;;11116
08:51:21;706;1023;706;;11140
08:51:21;706;1023;706;;11088
08:51:22;706;1023;706;;11092
08:51:22;706;1023;706;;11060
08:51:23;706;1023;706;;11088
08:51:23;706;1023;706;;11092
08:51:24;706;1023;706;;11084
08:51:24;706;1023;706;;11088
08:51:25;706;1023;706;;11112
08:51:25;706;1023;706;;11112
08:51:26;706;1023;706;;11112
08:51:26;706;1023;706;;11084
08:51:27;706;1023;706;;11116
08:51:27;706;1023;706;;11084
08:51:28;706;1023;706;;11096
08:51:28;706;1023;706;;11088
08:51:29;706;1023;706;;11092
08:51:29;706;1023;706;;11084
08:51:30;706;1023;706;;11088
08:51:30;706;1023;706;;11088
08:51:31;706;1023;706;;11088
08:51:32;706;1023;706;;11088
08:51:32;706;1023;706;;11084
08:51:33;706;1023;706;;11084
08:51:33;706;1023;706;;11116
08:51:34;706;1023;706;;11092
08:51:34;706;1023;706;;11116
08:51:35;706;1023;706;;11088
08:51:35;706;1023;706;;11116
08:51:36;706;1023;706;;11064
08:51:36;706;1023;706;;11116
08:51:37;706;1023;706;;11088
08:51:37;706;1023;706;;10968
08:51:38;706;1023;706;;11112
08:51:38;706;1023;706;;10944
08:51:39;706;1023;706;;11092
08:51:39;706;1023;706;;11088
08:51:40;706;1023;706;;10916
08:51:40;706;1023;706;;11064
08:51:41;706;1023;706;;11064
08:51:41;706;1023;706;;11116
08:51:42;706;1023;706;;10940
08:51:42;706;1023;706;;11084
08:51:43;706;1023;706;;11088
08:51:43;706;1023;706;;11144
08:51:44;706;1023;706;;11092
08:51:44;706;1023;706;;11092
08:51:45;706;1023;706;;11116
08:51:45;706;1023;706;;11116
08:51:46;706;1023;706;;11064
08:51:46;706;1023;706;;11064
08:51:47;706;1023;706;;11088
08:51:47;706;1023;706;;10944
08:51:48;706;1023;706;;11116
08:51:48;706;1023;706;;11088
08:51:49;706;1023;706;;10952
08:51:49;706;1023;706;;11088
08:51:50;706;1023;706;;11116
08:51:50;706;1023;706;;11088
08:51:51;706;1023;706;;11112
08:51:51;706;1023;706;;11112
08:51:52;706;1023;706;;11116
08:51:52;706;1023;706;;11116
08:51:53;706;1023;706;;11096
08:51:53;706;1023;706;;11140
08:51:54;706;1023;706;;11092
08:51:54;706;1023;706;;11092
08:51:55;706;1023;706;;11080
08:51:55;706;1023;706;;11116
08:51:56;706;1023;706;;11088
08:51:56;706;1023;706;;11088
08:51:57;706;1023;706;;11088
08:51:57;706;1023;706;;11084
08:51:58;706;1023;706;;11088
08:51:58;706;1023;706;;11116
08:51:59;706;1023;706;;11088
08:52:00;706;1023;706;;11116
08:52:00;706;1023;706;;11092
08:52:01;706;1023;706;;11116
08:52:01;706;1023;706;;11136
08:52:02;706;1023;706;;11088
08:52:02;706;1023;706;;11048
08:52:03;706;1023;706;;11140
08:52:03;706;1023;706;;11112
08:52:04;706;1023;706;;11144
08:52:04;706;1023;706;;10968
08:52:05;706;1023;706;;11116
08:52:05;706;1023;706;;11092
08:52:06;706;1023;706;;11068
08:52:06;706;1023;706;;11092
08:52:07;706;1023;706;;11116
08:52:07;706;1023;706;;11088
08:52:08;706;1023;706;;11060
08:52:08;706;1023;706;;11088
08:52:09;706;1023;706;;11084
08:52:09;706;1023;706;;11088
08:52:10;706;1023;706;;11140
08:52:10;706;1023;706;;11064
08:52:11;706;1023;706;;11172
08:52:11;706;1023;706;;11088
08:52:12;706;1023;706;;11092
08:52:12;706;1023;706;;11088
08:52:13;706;1023;706;;11116
08:52:13;706;1023;706;;11092
08:52:14;706;1023;706;;11092
08:52:14;706;1023;706;;11096
08:52:15;706;1023;706;;11116
08:52:15;706;1023;706;;11112
08:52:16;706;1023;706;;11088
08:52:16;706;1023;706;;11088
08:52:17;706;1023;706;;11144
08:52:17;706;1023;706;;11088
08:52:18;706;1023;706;;11144
08:52:18;706;1023;706;;11092
08:52:19;706;1023;706;;11116
08:52:19;706;1023;706;;11116
08:52:20;706;1023;706;;11096
08:52:20;706;1023;706;;11060
08:52:21;706;1023;706;;11088
08:52:21;706;1023;706;;11088
08:52:22;706;1023;706;;11084
08:52:22;706;1023;706;;11144
08:52:23;706;1023;706;;11088
08:52:23;706;1023;706;;11084
08:52:24;706;1023;706;;11088
08:52:24;706;1023;706;;11064
08:52:25;706;1023;706;;11060
08:52:25;706;1023;706;;11112
08:52:26;706;1023;706;;11092
08:52:26;706;1023;706;;11092
08:52:27;706;1023;706;;11144
08:52:27;706;1023;706;;11096
08:52:28;706;1023;706;;11092
08:52:29;706;1023;706;;11116
08:52:29;706;1023;706;;11092
08:52:30;706;1023;706;;11088
08:52:30;706;1023;706;;11064
08:52:31;706;1023;706;;11092
08:52:31;706;1023;706;;10972
08:52:32;706;1023;706;;11088
08:52:32;706;1023;706;;11116
08:52:33;706;1023;706;;11116
08:52:33;706;1023;706;;11116
08:52:34;706;1023;706;;11116
08:52:34;706;1023;706;;11112
08:52:35;706;1023;706;;11088
08:52:35;706;1023;706;;11092
08:52:36;706;1023;706;;11116
08:52:36;706;1023;706;;11164
08:52:37;706;1023;706;;11084
08:52:37;706;1023;706;;10968
08:52:38;706;1023;706;;11088
08:52:38;706;1023;706;;11088
08:52:39;706;1023;706;;11088
08:52:39;706;1023;706;;11112
08:52:40;706;1023;706;;11088
08:52:40;706;1023;706;;11088
08:52:41;706;1023;706;;11088
08:52:41;706;1023;706;;11116
08:52:42;706;1023;706;;11088
08:52:42;706;1023;706;;11064
08:52:43;706;1023;706;;11092
08:52:43;706;1023;706;;11092
08:52:44;706;1023;706;;11076
08:52:44;706;1023;706;;11064
08:52:45;706;1023;706;;11092
08:52:45;706;1023;706;;11140
08:52:46;706;1023;706;;11064
08:52:46;706;1023;706;;11096
08:52:47;706;1023;706;;11088
08:52:47;706;1023;706;;11144
08:52:48;706;1023;706;;11116
08:52:48;706;1023;706;;11092
08:52:49;706;1023;706;;10944
08:52:49;706;1023;706;;11096
08:52:50;706;1023;706;;11088
08:52:50;706;1023;706;;10964
08:52:51;706;1023;706;;11116
08:52:51;706;1023;706;;11112
08:52:52;706;1023;706;;11068
08:52:52;706;1023;706;;11068
08:52:53;706;1023;706;;11064
08:52:53;706;1023;706;;11068
08:52:54;706;1023;706;;11088
08:52:54;706;1023;706;;11084
08:52:55;706;1023;706;;11088
08:52:55;706;1023;706;;10940
08:52:56;706;1023;706;;11084
08:52:56;706;1023;706;;11088
08:52:57;706;1023;706;;11072
08:52:58;706;1023;706;;10992
08:52:58;706;1023;706;;11140
08:52:59;706;1023;706;;11088
08:52:59;706;1023;706;;11084
08:53:00;706;1023;706;;11064
08:53:00;706;1023;706;;10948
08:53:01;706;1023;706;;11068
08:53:01;706;1023;706;;11068
08:53:02;706;1023;706;;11112
08:53:02;706;1023;706;;11140
08:53:03;706;1023;706;;11088
08:53:03;706;1023;706;;11096
08:53:04;706;1023;706;;11116
08:53:04;706;1023;706;;11068
08:53:05;706;1023;706;;11088
08:53:05;706;1023;706;;11092
08:53:06;706;1023;706;;11112
08:53:06;706;1023;706;;11064
08:53:07;706;1023;706;;11088
08:53:07;706;1023;706;;11088
08:53:08;706;1023;706;;11112
08:53:08;706;1023;706;;11116
08:53:09;706;1023;706;;11064
08:53:09;706;1023;706;;11092
08:53:10;706;1023;706;;11088
08:53:10;706;1023;706;;11072
08:53:11;706;1023;706;;11112
08:53:11;706;1023;706;;11060
08:53:12;706;1023;706;;11092
08:53:12;706;1023;706;;11096
08:53:13;706;1023;706;;11088
08:53:13;706;1023;706;;11116
08:53:14;706;1023;706;;11092
08:53:14;706;1023;706;;10968
08:53:15;706;1023;706;;11092
08:53:15;706;1023;706;;11092
08:53:16;706;1023;706;;11092
08:53:16;706;1023;706;;11116
08:53:17;706;1023;706;;11088
08:53:17;706;1023;706;;11092
08:53:18;706;1023;706;;11064
08:53:18;706;1023;706;;11088
08:53:19;706;1023;706;;11088
08:53:19;706;1023;706;;11088
08:53:20;706;1023;706;;11088
08:53:20;706;1023;706;;11092
08:53:21;706;1023;706;;11068
08:53:21;706;1023;706;;10944
08:53:22;706;1023;706;;11112
08:53:22;706;1023;706;;11112
08:53:23;706;1023;706;;11112
08:53:23;706;1023;706;;11164
08:53:24;706;1023;706;;11088
08:53:24;706;1023;706;;11092
08:53:25;706;1023;706;;11092
08:53:25;706;1023;706;;11092
08:53:26;706;1023;706;;11092
08:53:27;706;1023;706;;11072
08:53:27;706;1023;706;;11116
08:53:28;706;1023;706;;11092
08:53:28;706;1023;706;;11116
08:53:29;706;1023;706;;11064
08:53:29;706;1023;706;;10916
08:53:30;706;1023;706;;11092
08:53:30;706;1023;706;;11064
08:53:31;706;1023;706;;10944
08:53:31;706;1023;706;;11088
08:53:32;706;1023;706;;11088
08:53:32;706;1023;706;;11092
08:53:33;706;1023;706;;11092
08:53:33;706;1023;706;;11092
08:53:34;706;1023;706;;11064
08:53:34;706;1023;706;;11064
08:53:35;706;1023;706;;11088
08:53:35;706;1023;706;;11088
08:53:36;706;1023;706;;11092
08:53:36;706;1023;706;;11092
08:53:37;706;1023;706;;11092
08:53:37;706;1023;706;;11064
08:53:38;706;1023;706;;11084
08:53:38;706;1023;706;;11116
08:53:39;706;1023;706;;11144
08:53:39;706;1023;706;;11064
08:53:40;706;1023;706;;11116
08:53:40;706;1023;706;;11080
08:53:41;706;1023;706;;11088
08:53:41;706;1023;706;;11116
08:53:42;706;1023;706;;11112
08:53:42;706;1023;706;;11088
08:53:43;706;1023;706;;11092
08:53:43;706;1023;706;;11088
08:53:44;706;1023;706;;11092
08:53:44;706;1023;706;;11092
08:53:45;706;1023;706;;11120
08:53:45;706;1023;706;;11068
08:53:46;706;1023;706;;11088
08:53:46;706;1023;706;;11196
08:53:47;706;1023;706;;11116
08:53:47;706;1023;706;;11116
08:53:48;706;1023;706;;10940
08:53:48;706;1023;706;;11064
08:53:49;706;1023;706;;11092
08:53:49;706;1023;706;;11068
08:53:50;706;1023;706;;11064
08:53:50;706;1023;706;;10992
08:53:51;706;1023;706;;11068
08:53:51;706;1023;706;;11192
08:53:52;706;1023;706;;11092
08:53:52;706;1023;706;;11064
08:53:53;706;1023;706;;11084
08:53:53;706;1023;706;;11092
08:53:54;706;1023;706;;11088
08:53:54;706;1023;706;;11096
08:53:55;706;1023;706;;11092
08:53:56;706;1023;706;;11088
08:53:56;706;1023;706;;11088
08:53:57;706;1023;706;;11084
08:53:57;706;1023;706;;10968
08:53:58;706;1023;706;;10948
08:53:58;706;1023;706;;10968
08:53:59;706;1023;706;;11068
08:53:59;706;1023;706;;11116
08:54:00;706;1023;706;;11092
08:54:00;706;1023;706;;11112
08:54:01;706;1023;706;;11116
08:54:01;706;1023;706;;11116
08:54:02;706;1023;706;;11092
08:54:02;706;1023;706;;11060
08:54:03;706;1023;706;;11060
08:54:03;706;1023;706;;11168
08:54:04;706;1023;706;;11112
08:54:04;706;1023;706;;11088
08:54:05;706;1023;706;;11088
08:54:05;706;1023;706;;11088
08:54:06;706;1023;706;;11072
08:54:06;706;1023;706;;11088
08:54:07;706;1023;706;;11088
08:54:07;706;1023;706;;11088
08:54:08;706;1023;706;;11064
08:54:08;706;1023;706;;10976
08:54:09;706;1023;706;;11092
08:54:09;706;1023;706;;11068
08:54:10;706;1023;706;;11072
08:54:10;706;1023;706;;11092
08:54:11;706;1023;706;;11092
08:54:11;706;1023;706;;10996
08:54:12;706;1023;706;;11088
08:54:12;706;1023;706;;11168
08:54:13;706;1023;706;;11088
08:54:13;706;1023;706;;10916
08:54:14;706;1023;706;;11088
08:54:14;706;1023;706;;11092
08:54:15;706;1023;706;;11092
08:54:15;706;1023;706;;11116
08:54:16;706;1023;706;;11088
08:54:16;706;1023;706;;11116
08:54:17;706;1023;706;;11064
08:54:17;706;1023;706;;11112
08:54:18;706;1023;706;;11140
08:54:18;706;1023;706;;11092
08:54:19;706;1023;706;;11140
08:54:19;706;1023;706;;11060
08:54:20;706;1023;706;;11092
08:54:20;706;1023;706;;11068
08:54:21;706;1023;706;;11092
08:54:21;706;1023;706;;11092
08:54:22;706;1023;706;;11092
08:54:22;706;1023;706;;11144
08:54:23;706;1023;706;;11084
08:54:23;706;1023;706;;11092
08:54:24;706;1023;706;;11092
08:54:25;706;1023;706;;11088
08:54:25;706;1023;706;;11196
08:54:26;706;1023;706;;11112
08:54:26;706;1023;706;;11092
08:54:27;706;1023;706;;11088
08:54:27;706;1023;706;;11088
08:54:28;706;1023;706;;11088
08:54:28;706;1023;706;;11092
08:54:29;706;1023;706;;11092
08:54:29;706;1023;706;;11140
08:54:30;706;1023;706;;11072
08:54:30;706;1023;706;;11064
08:54:31;706;1023;706;;11092
08:54:31;706;1023;706;;11064
08:54:32;706;1023;706;;11144
08:54:32;706;1023;706;;11112
08:54:33;706;1023;706;;11088
08:54:33;706;1023;706;;10944
08:54:34;706;1023;706;;11084
08:54:34;706;1023;706;;11064
08:54:35;706;1023;706;;11112
08:54:35;706;1023;706;;10944
08:54:36;706;1023;706;;11116
08:54:36;706;1023;706;;11140
08:54:37;706;1023;706;;11060
08:54:37;706;1023;706;;11116
08:54:38;706;1023;706;;10944
08:54:38;706;1023;706;;11088
08:54:39;706;1023;706;;11092
08:54:39;706;1023;706;;11112
08:54:40;706;1023;706;;11088
08:54:40;706;1023;706;;10968
08:54:41;706;1023;706;;11088
08:54:41;706;1023;706;;10940
08:54:42;706;1023;706;;11092
08:54:42;706;1023;706;;11112
08:54:43;706;1023;706;;11116
08:54:43;706;1023;706;;11092
08:54:44;706;1023;706;;11084
08:54:44;706;1023;706;;11140
08:54:45;706;1023;706;;11092
08:54:45;706;1023;706;;11088
08:54:46;706;1023;706;;11092
08:54:46;706;1023;706;;10968
08:54:47;706;1023;706;;11088
08:54:47;706;1023;706;;11144
08:54:48;706;1023;706;;11088
08:54:48;706;1023;706;;11060
08:54:49;706;1023;706;;11140
08:54:49;706;1023;706;;11116
08:54:50;706;1023;706;;11064
08:54:50;706;1023;706;;11092
08:54:51;706;1023;706;;11084
08:54:51;706;1023;706;;11092
08:54:52;706;1023;706;;11088
08:54:52;706;1023;706;;11140
08:54:53;706;1023;706;;11064
08:54:54;706;1023;706;;11140
08:54:54;706;1023;706;;11088
08:54:55;706;1023;706;;11088
08:54:55;706;1023;706;;11112
08:54:56;706;1023;706;;11096
08:54:56;706;1023;706;;11092
08:54:57;706;1023;706;;11088
08:54:57;706;1023;706;;11088
08:54:58;706;1023;706;;11092
08:54:58;706;1023;706;;10992
08:54:59;706;1023;706;;11060
08:54:59;706;1023;706;;10968
08:55:00;706;1023;706;;11092
08:55:00;706;1023;706;;11064
08:55:01;706;1023;706;;11064
08:55:01;706;1023;706;;11088
08:55:02;706;1023;706;;11116
08:55:02;706;1023;706;;11088
08:55:03;706;1023;706;;11164
08:55:03;706;1023;706;;11064
08:55:04;706;1023;706;;10896
08:55:04;706;1023;706;;11092
08:55:05;706;1023;706;;11116
08:55:05;706;1023;706;;11088
08:55:06;706;1023;706;;11116
08:55:06;706;1023;706;;11116
08:55:07;706;1023;706;;11088
08:55:07;706;1023;706;;11088
08:55:08;706;1023;706;;11112
08:55:08;706;1023;706;;11140
08:55:09;706;1023;706;;11116
08:55:09;706;1023;706;;11112
08:55:10;706;1023;706;;11112
08:55:10;706;1023;706;;11092
08:55:11;706;1023;706;;11112
08:55:11;706;1023;706;;11112
08:55:12;706;1023;706;;11112
08:55:12;706;1023;706;;11064
08:55:13;706;1023;706;;11088
08:55:13;706;1023;706;;11092
08:55:14;706;1023;706;;11064
08:55:14;706;1023;706;;11088
08:55:15;706;1023;706;;11144
08:55:15;706;1023;706;;11092
08:55:16;706;1023;706;;11140
08:55:16;706;1023;706;;11092
08:55:17;706;1023;706;;11096
08:55:17;706;1023;706;;11092
08:55:18;706;1023;706;;11096
08:55:18;706;1023;706;;10944
08:55:19;706;1023;706;;11144
08:55:19;706;1023;706;;11072
08:55:20;706;1023;706;;11092
08:55:20;706;1023;706;;11092
08:55:21;706;1023;706;;11068
08:55:21;706;1023;706;;11092
08:55:22;706;1023;706;;11088
08:55:23;706;1023;706;;11140
08:55:23;706;1023;706;;11096
08:55:24;706;1023;706;;11140
08:55:24;706;1023;706;;11092
08:55:25;706;1023;706;;11088
08:55:25;706;1023;706;;11088
08:55:26;706;1023;706;;11064
08:55:26;706;1023;706;;11088
08:55:27;706;1023;706;;11088
08:55:27;706;1023;706;;11088
08:55:28;706;1023;706;;11116
08:55:28;706;1023;706;;11064
08:55:29;706;1023;706;;11140
08:55:29;706;1023;706;;11064
08:55:30;706;1023;706;;11112
08:55:30;706;1023;706;;11140
08:55:31;706;1023;706;;11112
08:55:31;706;1023;706;;11060
08:55:32;706;1023;706;;11116
08:55:32;706;1023;706;;11112
08:55:33;706;1023;706;;11084
08:55:33;706;1023;706;;11096
08:55:34;706;1023;706;;11112
08:55:34;706;1023;706;;11112
08:55:35;706;1023;706;;11088
08:55:35;706;1023;706;;11092
08:55:36;706;1023;706;;11088
08:55:36;706;1023;706;;11092
08:55:37;706;1023;706;;11168
08:55:37;706;1023;706;;11144
08:55:38;706;1023;706;;11140
08:55:38;706;1023;706;;11092
08:55:39;706;1023;706;;11116
08:55:39;706;1023;706;;11088
08:55:40;706;1023;706;;11088
08:55:40;706;1023;706;;11092
08:55:41;706;1023;706;;11088
08:55:41;706;1023;706;;11088
08:55:42;706;1023;706;;11092
08:55:42;706;1023;706;;11088
08:55:43;706;1023;706;;11092
08:55:43;706;1023;706;;11092
08:55:44;706;1023;706;;11068
08:55:44;706;1023;706;;11084
08:55:45;706;1023;706;;11088
08:55:45;706;1023;706;;10964
08:55:46;706;1023;706;;11088
08:55:46;706;1023;706;;11092
08:55:47;706;1023;706;;11096
08:55:47;706;1023;706;;11140
08:55:48;706;1023;706;;11072
08:55:48;706;1023;706;;11088
08:55:49;706;1023;706;;11088
08:55:49;706;1023;706;;11116
08:55:50;706;1023;706;;11092
08:55:50;706;1023;706;;11092
08:55:51;706;1023;706;;11088
08:55:52;706;1023;706;;11088
08:55:52;706;1023;706;;11088
08:55:53;706;1023;706;;11068
08:55:53;706;1023;706;;11120
08:55:54;706;1023;706;;11144
08:55:54;706;1023;706;;11068
08:55:55;706;1023;706;;11116
08:55:55;706;1023;706;;11092
08:55:56;706;1023;706;;11068
08:55:56;706;1023;706;;11092
08:55:57;706;1023;706;;11092
08:55:57;706;1023;706;;11092
08:55:58;706;1023;706;;11092
08:55:58;706;1023;706;;11088
08:55:59;706;1023;706;;11088
08:55:59;706;1023;706;;11092
08:56:00;706;1023;706;;11116
08:56:00;706;1023;706;;11088
08:56:01;706;1023;706;;11092
08:56:01;706;1023;706;;11092
08:56:02;706;1023;706;;11092
08:56:02;706;1023;706;;10916
08:56:03;706;1023;706;;11072
08:56:03;706;1023;706;;10992
08:56:04;706;1023;706;;11092
08:56:04;706;1023;706;;11076
08:56:05;706;1023;706;;11088
08:56:05;706;1023;706;;11064
08:56:06;706;1023;706;;11060
08:56:06;706;1023;706;;11112
08:56:07;706;1023;706;;10968
08:56:07;706;1023;706;;10976
08:56:08;706;1023;706;;11088
08:56:08;706;1023;706;;11088
08:56:09;706;1023;706;;11060
08:56:09;706;1023;706;;11092
08:56:10;706;1023;706;;11092
08:56:10;706;1023;706;;11088
08:56:11;706;1023;706;;10944
08:56:11;706;1023;706;;11092
08:56:12;706;1023;706;;11140
08:56:12;706;1023;706;;11088
08:56:13;706;1023;706;;11088
08:56:13;706;1023;706;;11088
08:56:14;706;1023;706;;11068
08:56:14;706;1023;706;;11092
08:56:15;706;1023;706;;11088
08:56:15;706;1023;706;;11088
08:56:16;706;1023;706;;11088
08:56:16;706;1023;706;;11092
08:56:17;706;1023;706;;11088
08:56:17;706;1023;706;;11060
08:56:18;706;1023;706;;11116
08:56:18;706;1023;706;;11088
08:56:19;706;1023;706;;11092
08:56:20;706;1023;706;;11116
08:56:20;706;1023;706;;11096
08:56:21;706;1023;706;;11092
08:56:21;706;1023;706;;11088
08:56:22;706;1023;706;;11092
08:56:22;706;1023;706;;11088
08:56:23;706;1023;706;;11088
08:56:23;706;1023;706;;11112
08:56:24;706;1023;706;;11088
08:56:24;706;1023;706;;11092
08:56:25;706;1023;706;;11092
08:56:25;706;1023;706;;11088
08:56:26;706;1023;706;;11064
08:56:26;706;1023;706;;10968
08:56:27;706;1023;706;;11088
08:56:27;706;1023;706;;11084
08:56:28;706;1023;706;;11096
08:56:28;706;1023;706;;11072
08:56:29;706;1023;706;;11064
08:56:29;706;1023;706;;11112
08:56:30;706;1023;706;;11168
08:56:30;706;1023;706;;11092
08:56:31;706;1023;706;;11168
08:56:31;706;1023;706;;11116
08:56:32;706;1023;706;;11088
08:56:32;706;1023;706;;11116
08:56:33;706;1023;706;;10972
08:56:33;706;1023;706;;11092
08:56:34;706;1023;706;;11064
08:56:34;706;1023;706;;11068
08:56:35;706;1023;706;;11092
08:56:35;706;1023;706;;10944
08:56:36;706;1023;706;;11088
08:56:36;706;1023;706;;11140
08:56:37;706;1023;706;;11144
08:56:37;706;1023;706;;11116
08:56:38;706;1023;706;;11084
08:56:38;706;1023;706;;11112
08:56:39;706;1023;706;;11088
08:56:39;706;1023;706;;11112
08:56:40;706;1023;706;;11088
08:56:40;706;1023;706;;11088
08:56:41;706;1023;706;;11092
08:56:41;706;1023;706;;11088
08:56:42;706;1023;706;;11088
08:56:42;706;1023;706;;11144
08:56:43;706;1023;706;;11088
08:56:43;706;1023;706;;11092
08:56:44;706;1023;706;;11116
08:56:44;706;1023;706;;11088
08:56:45;706;1023;706;;11116
08:56:45;706;1023;706;;11064
08:56:46;706;1023;706;;11092
08:56:46;706;1023;706;;11088
08:56:47;706;1023;706;;11092
08:56:47;706;1023;706;;11088
08:56:48;706;1023;706;;11112
08:56:49;706;1023;706;;11116
08:56:49;706;1023;706;;11092
08:56:50;706;1023;706;;11088
08:56:50;706;1023;706;;11112
08:56:51;706;1023;706;;11116
08:56:51;706;1023;706;;11112
08:56:52;706;1023;706;;11124
08:56:52;706;1023;706;;11140
08:56:53;706;1023;706;;11088
08:56:53;706;1023;706;;11092
08:56:54;706;1023;706;;11088
08:56:54;706;1023;706;;11068
08:56:55;706;1023;706;;11116
08:56:55;706;1023;706;;11088
08:56:56;706;1023;706;;11064
08:56:56;706;1023;706;;11092
08:56:57;706;1023;706;;11088
08:56:57;706;1023;706;;11088
08:56:58;706;1023;706;;11088
08:56:58;706;1023;706;;11088
08:56:59;706;1023;706;;11096
08:56:59;706;1023;706;;11112
08:57:00;706;1023;706;;11112
08:57:00;706;1023;706;;11068
08:57:01;706;1023;706;;11064
08:57:01;706;1023;706;;11092
08:57:02;706;1023;706;;11112
08:57:02;706;1023;706;;11092
08:57:03;706;1023;706;;11088
08:57:03;706;1023;706;;11084
08:57:04;706;1023;706;;11092
08:57:04;706;1023;706;;11092
08:57:05;706;1023;706;;11088
08:57:05;706;1023;706;;11088
08:57:06;706;1023;706;;11084
08:57:06;706;1023;706;;11140
08:57:07;706;1023;706;;11092
08:57:07;706;1023;706;;11088
08:57:08;706;1023;706;;11068
08:57:08;706;1023;706;;11092
08:57:09;706;1023;706;;11092
08:57:09;706;1023;706;;11096
08:57:10;706;1023;706;;11112
08:57:10;706;1023;706;;11116
08:57:11;706;1023;706;;11064
08:57:11;706;1023;706;;11092
08:57:12;706;1023;706;;11088
08:57:12;706;1023;706;;11088
08:57:13;706;1023;706;;11088
08:57:13;706;1023;706;;11068
08:57:14;706;1023;706;;11068
08:57:14;706;1023;706;;11088
08:57:15;706;1023;706;;11112
08:57:15;706;1023;706;;10612
08:57:16;706;1023;706;;11088
08:57:16;706;1023;706;;11060
08:57:17;706;1023;706;;11112
08:57:18;706;1023;706;;11116
08:57:18;706;1023;706;;11088
08:57:19;706;1023;706;;11088
08:57:19;706;1023;706;;11116
08:57:20;706;1023;706;;11088
08:57:20;706;1023;706;;11168
08:57:21;706;1023;706;;11144
08:57:21;706;1023;706;;11088
08:57:22;706;1023;706;;11088
08:57:22;706;1023;706;;11068
08:57:23;706;1023;706;;11068
08:57:23;706;1023;706;;11116
08:57:24;706;1023;706;;11064
08:57:24;706;1023;706;;11112
08:57:25;706;1023;706;;11092
08:57:25;706;1023;706;;11064
08:57:26;706;1023;706;;11092
08:57:26;706;1023;706;;11088
08:57:27;706;1023;706;;11088
08:57:27;706;1023;706;;11064
08:57:28;706;1023;706;;11088
08:57:28;706;1023;706;;11092
08:57:29;706;1023;706;;11140
08:57:29;706;1023;706;;11088
08:57:30;706;1023;706;;11064
08:57:30;706;1023;706;;11088
08:57:31;706;1023;706;;11092
08:57:31;706;1023;706;;11116
08:57:32;706;1023;706;;11092
08:57:32;706;1023;706;;11092
08:57:33;706;1023;706;;11092
08:57:33;706;1023;706;;11140
08:57:34;706;1023;706;;11092
08:57:34;706;1023;706;;11096
08:57:35;706;1023;706;;11116
08:57:35;706;1023;706;;11088
08:57:36;706;1023;706;;11140
08:57:36;706;1023;706;;11112
08:57:37;706;1023;706;;11116
08:57:37;706;1023;706;;11116
08:57:38;706;1023;706;;11116
08:57:38;706;1023;706;;11148
08:57:39;706;1023;706;;11092
08:57:39;706;1023;706;;11096
08:57:40;706;1023;706;;11088
08:57:40;706;1023;706;;11088
08:57:41;706;1023;706;;11064
08:57:41;706;1023;706;;11088
08:57:42;706;1023;706;;11116
08:57:42;706;1023;706;;11112
08:57:43;706;1023;706;;11088
08:57:43;706;1023;706;;11092
08:57:44;706;1023;706;;11112
08:57:44;706;1023;706;;11088
08:57:45;706;1023;706;;11112
08:57:45;706;1023;706;;11092
08:57:46;706;1023;706;;11088
08:57:47;706;1023;706;;11168
08:57:47;706;1023;706;;11060
08:57:48;706;1023;706;;11088
08:57:48;706;1023;706;;11092
08:57:49;706;1023;706;;11112
08:57:49;706;1023;706;;11112
08:57:50;706;1023;706;;11112
08:57:50;706;1023;706;;11088
08:57:51;706;1023;706;;11116
08:57:51;706;1023;706;;10944
08:57:52;706;1023;706;;11064
08:57:52;706;1023;706;;11088
08:57:53;706;1023;706;;11092
08:57:53;706;1023;706;;11088
08:57:54;706;1023;706;;10968
08:57:54;706;1023;706;;10892
08:57:55;706;1023;706;;11088
08:57:55;706;1023;706;;11116
08:57:56;706;1023;706;;11112
08:57:56;706;1023;706;;10992
08:57:57;706;1023;706;;10992
08:57:57;706;1023;706;;11168
08:57:58;706;1023;706;;11088
08:57:58;706;1023;706;;11088
08:57:59;706;1023;706;;11092
08:57:59;706;1023;706;;11092
08:58:00;706;1023;706;;11088
08:58:00;706;1023;706;;11084
08:58:01;706;1023;706;;11072
08:58:01;706;1023;706;;11088
08:58:02;706;1023;706;;11088
08:58:02;706;1023;706;;10944
08:58:03;706;1023;706;;11096
08:58:03;706;1023;706;;11088
08:58:04;706;1023;706;;11116
08:58:04;706;1023;706;;11088
08:58:05;706;1023;706;;11112
08:58:05;706;1023;706;;11140
08:58:06;706;1023;706;;11096
08:58:06;706;1023;706;;11112
08:58:07;706;1023;706;;11092
08:58:07;706;1023;706;;11112
08:58:08;706;1023;706;;11092
08:58:08;706;1023;706;;11096
08:58:09;706;1023;706;;11092
08:58:09;706;1023;706;;11088
08:58:10;706;1023;706;;11116
08:58:10;706;1023;706;;11116
08:58:11;706;1023;706;;11088
08:58:11;706;1023;706;;11140
08:58:12;706;1023;706;;11112
08:58:12;706;1023;706;;11112
08:58:13;706;1023;706;;11096
08:58:13;706;1023;706;;11096
08:58:14;706;1023;706;;11092
08:58:14;706;1023;706;;11140
08:58:15;706;1023;706;;10992
08:58:16;706;1023;706;;11092
08:58:16;706;1023;706;;11088
08:58:17;706;1023;706;;10944
08:58:17;706;1023;706;;11068
08:58:18;706;1023;706;;11092
08:58:18;706;1023;706;;11116
08:58:19;706;1023;706;;11092
08:58:19;706;1023;706;;11092
08:58:20;706;1023;706;;11092
08:58:20;706;1023;706;;11088
08:58:21;706;1023;706;;11088
08:58:21;706;1023;706;;11112
08:58:22;706;1023;706;;11088
08:58:22;706;1023;706;;11116
08:58:23;706;1023;706;;11140
08:58:23;706;1023;706;;11116
08:58:24;706;1023;706;;11116
08:58:24;706;1023;706;;11116
08:58:25;706;1023;706;;11116
08:58:25;706;1023;706;;11112
08:58:26;706;1023;706;;11112
08:58:26;706;1023;706;;11116
08:58:27;706;1023;706;;11092
08:58:27;706;1023;706;;11092
08:58:28;706;1023;706;;11092
08:58:28;706;1023;706;;11064
08:58:29;706;1023;706;;11088
08:58:29;706;1023;706;;11088
08:58:30;706;1023;706;;11092
08:58:30;706;1023;706;;11116
08:58:31;706;1023;706;;11092
08:58:31;706;1023;706;;11112
08:58:32;706;1023;706;;11088
08:58:32;706;1023;706;;11088
08:58:33;706;1023;706;;11084
08:58:33;706;1023;706;;11112
08:58:34;706;1023;706;;11068
08:58:34;706;1023;706;;11072
08:58:35;706;1023;706;;11068
08:58:35;706;1023;706;;11064
08:58:36;706;1023;706;;11088
08:58:36;706;1023;706;;11068
08:58:37;706;1023;706;;11088
08:58:37;706;1023;706;;11112
08:58:38;706;1023;706;;11116
08:58:38;706;1023;706;;11092
08:58:39;706;1023;706;;11096
08:58:39;706;1023;706;;11088
08:58:40;706;1023;706;;11060
08:58:40;706;1023;706;;11092
08:58:41;706;1023;706;;11092
08:58:41;706;1023;706;;11116
08:58:42;706;1023;706;;11088
08:58:42;706;1023;706;;11068
08:58:43;706;1023;706;;11068
08:58:43;706;1023;706;;11088
08:58:44;706;1023;706;;11144
08:58:45;706;1023;706;;11064
08:58:45;706;1023;706;;11088
08:58:46;706;1023;706;;11092
08:58:46;706;1023;706;;10968
08:58:47;706;1023;706;;11140
08:58:47;706;1023;706;;11116
08:58:48;706;1023;706;;11192
08:58:48;706;1023;706;;11088
08:58:49;706;1023;706;;11064
08:58:49;706;1023;706;;11116
08:58:50;706;1023;706;;11092
08:58:50;706;1023;706;;11116
08:58:51;706;1023;706;;11064
08:58:51;706;1023;706;;11116
08:58:52;706;1023;706;;11092
08:58:52;706;1023;706;;11084
08:58:53;706;1023;706;;11088
08:58:53;706;1023;706;;11140
08:58:54;706;1023;706;;11092
08:58:54;706;1023;706;;11140
08:58:55;706;1023;706;;11088
08:58:55;706;1023;706;;11088
08:58:56;706;1023;706;;11064
08:58:56;706;1023;706;;11088
08:58:57;706;1023;706;;11088
08:58:57;706;1023;706;;11116
08:58:58;706;1023;706;;11112
08:58:58;706;1023;706;;11120
08:58:59;706;1023;706;;11088
08:58:59;706;1023;706;;11112
08:59:00;706;1023;706;;11084
08:59:00;706;1023;706;;11060
08:59:01;706;1023;706;;11140
08:59:01;706;1023;706;;11060
08:59:02;706;1023;706;;11068
08:59:02;706;1023;706;;10944
08:59:03;706;1023;706;;10940
08:59:03;706;1023;706;;11164
08:59:04;706;1023;706;;11060
08:59:04;706;1023;706;;10944
08:59:05;706;1023;706;;10940
08:59:05;706;1023;706;;10968
08:59:06;706;1023;706;;11088
08:59:06;706;1023;706;;11076
08:59:07;706;1023;706;;11112
08:59:07;706;1023;706;;11116
08:59:08;706;1023;706;;11064
08:59:08;706;1023;706;;11112
08:59:09;706;1023;706;;11088
08:59:09;706;1023;706;;11088
08:59:10;706;1023;706;;10972
08:59:10;706;1023;706;;11088
08:59:11;706;1023;706;;11140
08:59:11;706;1023;706;;11116
08:59:12;706;1023;706;;11140
08:59:12;706;1023;706;;11092
08:59:13;706;1023;706;;11140
08:59:14;706;1023;706;;10920
08:59:14;706;1023;706;;11144
08:59:15;706;1023;706;;11092
08:59:15;706;1023;706;;11092
08:59:16;706;1023;706;;11084
08:59:16;706;1023;706;;11064
08:59:17;706;1023;706;;11068
08:59:17;706;1023;706;;10968
08:59:18;706;1023;706;;11112
08:59:18;706;1023;706;;11168
08:59:19;706;1023;706;;11092
08:59:19;706;1023;706;;11092
08:59:20;706;1023;706;;11088
08:59:20;706;1023;706;;11068
08:59:21;706;1023;706;;11092
08:59:21;706;1023;706;;11060
08:59:22;706;1023;706;;11088
08:59:22;706;1023;706;;11092
08:59:23;706;1023;706;;11092
08:59:23;706;1023;706;;11084
08:59:24;706;1023;706;;11080
08:59:24;706;1023;706;;11088
08:59:25;706;1023;706;;11088
08:59:25;706;1023;706;;11068
08:59:26;706;1023;706;;11064
08:59:26;706;1023;706;;11084
08:59:27;706;1023;706;;11064
08:59:27;706;1023;706;;11088
08:59:28;706;1023;706;;10968
08:59:28;706;1023;706;;11068
08:59:29;706;1023;706;;11092
08:59:29;706;1023;706;;11088
08:59:30;706;1023;706;;10940
08:59:30;706;1023;706;;11092
08:59:31;706;1023;706;;11092
08:59:31;706;1023;706;;11088
08:59:32;706;1023;706;;11092
08:59:32;706;1023;706;;11092
08:59:33;706;1023;706;;11088
08:59:33;706;1023;706;;11092
08:59:34;706;1023;706;;11088
08:59:34;706;1023;706;;11068
08:59:35;706;1023;706;;10968
08:59:35;706;1023;706;;11092
08:59:36;706;1023;706;;10920
08:59:36;706;1023;706;;11088
08:59:37;706;1023;706;;10916
08:59:37;706;1023;706;;11192
08:59:38;706;1023;706;;11088
08:59:38;706;1023;706;;10992
08:59:39;706;1023;706;;11092
08:59:39;706;1023;706;;10920
08:59:40;706;1023;706;;10972
08:59:40;706;1023;706;;11140
08:59:41;706;1023;706;;11092
08:59:41;706;1023;706;;11096
08:59:42;706;1023;706;;11092
08:59:43;706;1023;706;;10944
08:59:43;706;1023;706;;11140
08:59:44;706;1023;706;;11088
08:59:44;706;1023;706;;11088
08:59:45;706;1023;706;;10972
08:59:45;706;1023;706;;11092
08:59:46;706;1023;706;;11064
08:59:46;706;1023;706;;11092
08:59:47;706;1023;706;;11088
08:59:47;706;1023;706;;11092
08:59:48;706;1023;706;;11140
08:59:48;706;1023;706;;11092
08:59:49;706;1023;706;;11092
08:59:49;706;1023;706;;11116
08:59:50;706;1023;706;;11068
08:59:50;706;1023;706;;11144
08:59:51;706;1023;706;;11088
08:59:51;706;1023;706;;11168
08:59:52;706;1023;706;;11088
08:59:52;706;1023;706;;10892
08:59:53;706;1023;706;;11088
08:59:53;706;1023;706;;11112
08:59:54;706;1023;706;;11088
08:59:54;706;1023;706;;11116
08:59:55;706;1023;706;;10948
08:59:55;706;1023;706;;11092
08:59:56;706;1023;706;;11088
08:59:56;706;1023;706;;11116
08:59:57;706;1023;706;;11088
08:59:57;706;1023;706;;11216
08:59:58;706;1023;706;;11116
08:59:58;706;1023;706;;11092
08:59:59;706;1023;706;;11068
08:59:59;706;1023;706;;11116
