09:00:00;706;1023;706;;11116
09:00:00;706;1023;706;;11112
09:00:01;706;1023;706;;11116
09:00:01;706;1023;706;;11092
09:00:02;706;1023;706;;11088
09:00:02;706;1023;706;;11144
09:00:03;706;1023;706;;11092
09:00:03;706;1023;706;;10968
09:00:04;706;1023;706;;11088
09:00:04;706;1023;706;;11088
09:00:05;706;1023;706;;11112
09:00:05;706;1023;706;;11116
09:00:06;706;1023;706;;11092
09:00:06;706;1023;706;;10992
09:00:07;706;1023;706;;11088
09:00:07;706;1023;706;;11140
09:00:08;706;1023;706;;11096
09:00:08;706;1023;706;;11092
09:00:09;706;1023;706;;10968
09:00:09;706;1023;706;;11092
09:00:10;706;1023;706;;10944
09:00:11;706;1023;706;;11064
09:00:11;706;1023;706;;10972
09:00:12;706;1023;706;;11092
09:00:12;706;1023;706;;11068
09:00:13;706;1023;706;;11112
09:00:13;706;1023;706;;11112
09:00:14;706;1023;706;;11088
09:00:14;706;1023;706;;11112
09:00:15;706;1023;706;;11064
09:00:15;706;1023;706;;11060
09:00:16;706;1023;706;;11088
09:00:16;706;1023;706;;11112
09:00:17;706;1023;706;;11088
09:00:17;706;1023;706;;11088
09:00:18;706;1023;706;;11116
09:00:18;706;1023;706;;11112
09:00:19;706;1023;706;;11116
09:00:19;706;1023;706;;11116
09:00:20;706;1023;706;;11140
09:00:20;706;1023;706;;11092
09:00:21;706;1023;706;;11088
09:00:21;706;1023;706;;11064
09:00:22;706;1023;706;;11092
09:00:22;706;1023;706;;11088
09:00:23;706;1023;706;;11116
09:00:23;706;1023;706;;11088
09:00:24;706;1023;706;;11092
09:00:24;706;1023;706;;11088
09:00:25;706;1023;706;;11088
09:00:25;706;1023;706;;11092
09:00:26;706;1023;706;;11116
09:00:26;706;1023;706;;11092
09:00:27;706;1023;706;;11088
09:00:27;706;1023;706;;11088
09:00:28;706;1023;706;;11140
09:00:28;706;1023;706;;11092
09:00:29;706;1023;706;;11060
09:00:29;706;1023;706;;11060
09:00:30;706;1023;706;;11088
09:00:30;706;1023;706;;11144
09:00:31;706;1023;706;;11064
09:00:31;706;1023;706;;11092
09:00:32;706;1023;706;;11116
09:00:32;706;1023;706;;11092
09:00:33;706;1023;706;;11116
09:00:33;706;1023;706;;11092
09:00:34;706;1023;706;;11092
09:00:34;706;1023;706;;11164
09:00:35;706;1023;706;;11068
09:00:35;706;1023;706;;10920
09:00:36;706;1023;706;;10916
09:00:36;706;1023;706;;10972
09:00:37;706;1023;706;;10972
09:00:37;706;1023;706;;10944
09:00:38;706;1023;706;;11088
09:00:38;706;1023;706;;11088
09:00:39;706;1023;706;;11116
09:00:40;706;1023;706;;11064
09:00:40;706;1023;706;;11116
09:00:41;706;1023;706;;10968
09:00:41;706;1023;706;;10892
09:00:42;706;1023;706;;10972
09:00:42;706;1023;706;;11092
09:00:43;706;1023;706;;11116
09:00:43;706;1023;706;;11112
09:00:44;706;1023;706;;11140
09:00:44;706;1023;706;;11088
09:00:45;706;1023;706;;11092
09:00:45;706;1023;706;;11096
09:00:46;706;1023;706;;11064
09:00:46;706;1023;706;;11092
09:00:47;706;1023;706;;11092
09:00:47;706;1023;706;;11140
09:00:48;706;1023;706;;11068
09:00:48;706;1023;706;;11116
09:00:49;706;1023;706;;11088
09:00:49;706;1023;706;;11064
09:00:50;706;1023;706;;10968
09:00:50;706;1023;706;;11064
09:00:51;706;1023;706;;11088
09:00:51;706;1023;706;;11088
09:00:52;706;1023;706;;11088
09:00:52;706;1023;706;;11088
09:00:53;706;1023;706;;11088
09:00:53;706;1023;706;;11088
09:00:54;706;1023;706;;11088
09:00:54;706;1023;706;;11136
09:00:55;706;1023;706;;11088
09:00:55;706;1023;706;;11088
09:00:56;706;1023;706;;11088
09:00:56;706;1023;706;;11092
09:00:57;706;1023;706;;11116
09:00:57;706;1023;706;;11168
09:00:58;706;1023;706;;11092
09:00:58;706;1023;706;;11092
09:00:59;706;1023;706;;11064
09:00:59;706;1023;706;;11088
09:01:00;706;1023;706;;11072
09:01:00;706;1023;706;;11092
09:01:01;706;1023;706;;11092
09:01:01;706;1023;706;;10968
09:01:02;706;1023;706;;11192
09:01:02;706;1023;706;;11092
09:01:03;706;1023;706;;11068
09:01:03;706;1023;706;;11064
09:01:04;706;1023;706;;11092
09:01:04;706;1023;706;;11064
09:01:05;706;1023;706;;11088
09:01:05;706;1023;706;;11088
09:01:06;706;1023;706;;10968
09:01:06;706;1023;706;;11088
09:01:07;706;1023;706;;11088
09:01:07;706;1023;706;;11092
09:01:08;706;1023;706;;11144
09:01:09;706;1023;706;;11092
09:01:09;706;1023;706;;11120
09:01:10;706;1023;706;;11092
09:01:10;706;1023;706;;10992
09:01:11;706;1023;706;;11096
09:01:11;706;1023;706;;11096
09:01:12;706;1023;706;;11092
09:01:12;706;1023;706;;11088
09:01:13;706;1023;706;;11092
09:01:13;706;1023;706;;10940
09:01:14;706;1023;706;;11088
09:01:14;706;1023;706;;11092
09:01:15;706;1023;706;;11116
09:01:15;706;1023;706;;10944
09:01:16;706;1023;706;;11088
09:01:16;706;1023;706;;11092
09:01:17;706;1023;706;;11116
09:01:17;706;1023;706;;11112
09:01:18;706;1023;706;;11088
09:01:18;706;1023;706;;11140
09:01:19;706;1023;706;;11088
09:01:19;706;1023;706;;11088
09:01:20;706;1023;706;;11068
09:01:20;706;1023;706;;11084
09:01:21;706;1023;706;;11112
09:01:21;706;1023;706;;11060
09:01:22;706;1023;706;;11116
09:01:22;706;1023;706;;11092
09:01:23;706;1023;706;;11164
09:01:23;706;1023;706;;11112
09:01:24;706;1023;706;;11088
09:01:24;706;1023;706;;11088
09:01:25;706;1023;706;;11092
09:01:25;706;1023;706;;11092
09:01:26;706;1023;706;;11060
09:01:26;706;1023;706;;11084
09:01:27;706;1023;706;;11084
09:01:27;706;1023;706;;11064
09:01:28;706;1023;706;;11112
09:01:28;706;1023;706;;11088
09:01:29;706;1023;706;;11088
09:01:29;706;1023;706;;11068
09:01:30;706;1023;706;;11088
09:01:30;706;1023;706;;11164
09:01:31;706;1023;706;;10944
09:01:31;706;1023;706;;11112
09:01:32;706;1023;706;;11140
09:01:32;706;1023;706;;11112
09:01:33;706;1023;706;;11084
09:01:33;706;1023;706;;11092
09:01:34;706;1023;706;;11088
09:01:34;706;1023;706;;11092
09:01:35;706;1023;706;;11096
09:01:35;706;1023;706;;11112
09:01:36;706;1023;706;;11092
09:01:36;706;1023;706;;10944
09:01:37;706;1023;706;;11112
09:01:38;706;1023;706;;11140
09:01:38;706;1023;706;;11088
09:01:39;706;1023;706;;11116
09:01:39;706;1023;706;;11088
09:01:40;706;1023;706;;11112
09:01:40;706;1023;706;;11064
09:01:41;706;1023;706;;11092
09:01:41;706;1023;706;;11088
09:01:42;706;1023;706;;11092
09:01:42;706;1023;706;;11064
09:01:43;706;1023;706;;11116
09:01:43;706;1023;706;;11088
09:01:44;706;1023;706;;10948
09:01:44;706;1023;706;;11092
09:01:45;706;1023;706;;11084
09:01:45;706;1023;706;;11088
09:01:46;706;1023;706;;11088
09:01:46;706;1023;706;;11088
09:01:47;706;1023;706;;10948
09:01:47;706;1023;706;;11088
09:01:48;706;1023;706;;11088
09:01:48;706;1023;706;;11088
09:01:49;706;1023;706;;11068
09:01:49;706;1023;706;;11116
09:01:50;706;1023;706;;11116
09:01:50;706;1023;706;;11092
09:01:51;706;1023;706;;11064
09:01:51;706;1023;706;;11112
09:01:52;706;1023;706;;11092
09:01:52;706;1023;706;;11068
09:01:53;706;1023;706;;11096
09:01:53;706;1023;706;;11112
09:01:54;706;1023;706;;11068
09:01:54;706;1023;706;;11064
09:01:55;706;1023;706;;11164
09:01:55;706;1023;706;;11064
09:01:56;706;1023;706;;11092
09:01:56;706;1023;706;;11096
09:01:57;706;1023;706;;11064
09:01:57;706;1023;706;;10968
09:01:58;706;1023;706;;11064
09:01:58;706;1023;706;;11112
09:01:59;706;1023;706;;11084
09:01:59;706;1023;706;;10992
09:02:00;706;1023;706;;11064
09:02:00;706;1023;706;;11064
09:02:01;706;1023;706;;11092
09:02:01;706;1023;706;;10968
09:02:02;706;1023;706;;10968
09:02:02;706;1023;706;;11088
09:02:03;706;1023;706;;11088
09:02:03;706;1023;706;;11096
09:02:04;706;1023;706;;10992
09:02:04;706;1023;706;;11116
09:02:05;706;1023;706;;11116
09:02:05;706;1023;706;;11068
09:02:06;706;1023;706;;11016
09:02:07;706;1023;706;;10964
09:02:07;706;1023;706;;11116
09:02:08;706;1023;706;;10968
09:02:08;706;1023;706;;11140
09:57:45;715;1023;715;;11056
09:57:45;715;1023;715;;9692
09:57:46;715;1023;715;;9696
09:57:46;715;1023;715;;9640
09:57:47;715;1023;715;;9744
09:57:47;715;1023;715;;9768
09:57:48;715;1023;715;;9652
09:57:48;715;1023;715;;11040
09:57:49;715;1023;715;;9700
09:57:49;715;1023;715;;9720
09:57:50;715;1023;715;;11080
09:57:50;715;1023;715;;9640
09:57:51;715;1023;715;;11072
09:57:51;715;1023;715;;9744
09:57:52;715;1023;715;;9748
09:57:52;715;1023;715;;11024
09:57:53;715;1023;715;;9692
09:57:54;715;1023;715;;9672
09:57:54;715;1023;715;;9592
09:57:55;715;1023;715;;9620
09:57:55;715;1023;715;;9620
09:57:56;715;1023;715;;9776
09:57:56;715;1023;715;;9768
09:57:57;715;1023;715;;9668
09:57:57;715;1023;715;;9668
09:57:58;715;1023;715;;9648
09:57:58;715;1023;715;;11052
09:57:59;715;1023;715;;9672
09:57:59;715;1023;715;;11072
09:58:00;715;1023;715;;11072
09:58:00;715;1023;715;;11048
09:58:01;715;1023;715;;9792
09:58:01;715;1023;715;;9692
09:58:02;715;1023;715;;11028
09:58:02;715;1023;715;;9696
09:58:03;715;1023;715;;11048
09:58:03;715;1023;715;;11056
09:58:04;715;1023;715;;11056
09:58:04;715;1023;715;;11048
09:58:05;715;1023;715;;8792
09:58:05;715;1023;715;;11056
09:58:06;715;1023;715;;9696
09:58:06;715;1023;715;;9692
09:58:07;715;1023;715;;10620
09:58:07;715;1023;715;;9692
09:58:08;715;1023;715;;9724
09:58:08;715;1023;715;;11028
09:58:09;715;1023;715;;11076
09:58:09;715;1023;715;;11128
09:58:10;715;1023;715;;9720
09:58:10;715;1023;715;;11104
09:58:11;715;1023;715;;9792
09:58:11;715;1023;715;;9768
09:58:12;715;1023;715;;11052
09:58:12;715;1023;715;;9720
09:58:13;715;1023;715;;9696
09:58:13;715;1023;715;;11104
09:58:14;715;1023;715;;9644
09:58:14;715;1023;715;;11076
09:58:15;715;1023;715;;9744
09:58:15;715;1023;715;;11052
09:58:16;715;1023;715;;11072
09:58:16;715;1023;715;;11048
09:58:17;715;1023;715;;11072
09:58:17;715;1023;715;;11080
09:58:18;715;1023;714;;11076
09:58:18;715;1023;714;;11076
09:58:19;715;1023;715;;9744
09:58:19;715;1023;715;;11052
09:58:20;715;1023;715;;9888
09:58:20;715;1023;715;;9772
09:58:21;715;1023;715;;11128
09:58:21;715;1023;715;;11080
09:58:22;715;1023;715;;9772
09:58:22;715;1023;715;;9744
09:58:23;715;1023;715;;11060
09:58:23;715;1023;715;;9648
09:58:24;715;1023;715;;9720
09:58:25;715;1023;715;;9676
09:58:25;715;1023;715;;11060
09:58:26;715;1023;714;;11100
09:58:26;715;1023;714;;11052
09:58:27;715;1023;715;;11020
09:58:27;715;1023;715;;9720
09:58:28;715;1023;714;;11052
09:58:28;715;1023;714;;9696
09:58:29;715;1023;715;;9696
09:58:29;715;1023;715;;9720
09:58:30;715;1023;715;;11072
09:58:30;715;1023;715;;11048
09:58:31;715;1023;714;;11052
09:58:31;715;1023;714;;11056
09:58:32;715;1023;714;;9772
09:58:32;715;1023;714;;11052
09:58:33;715;1023;714;;9716
09:58:33;715;1023;714;;11056
09:58:34;715;1023;714;;11060
09:58:34;715;1023;714;;9644
09:58:35;715;1023;714;;11024
09:58:35;715;1023;714;;11056
09:58:36;715;1023;714;;11056
09:58:36;715;1023;714;;11056
09:58:37;715;1023;714;;11052
09:58:37;715;1023;714;;11060
09:58:38;715;1023;714;;9768
09:58:38;715;1023;714;;9716
09:58:39;715;1023;714;;9668
09:58:39;715;1023;714;;9620
09:58:40;715;1023;714;;9720
09:58:40;715;1023;714;;9744
09:58:41;715;1023;714;;11024
09:58:41;715;1023;714;;9676
09:58:42;715;1023;714;;11052
09:58:42;715;1023;714;;9772
09:58:43;715;1023;714;;9720
09:58:43;715;1023;714;;9792
09:58:44;715;1023;714;;9692
09:58:44;715;1023;714;;11072
09:58:45;715;1023;714;;11072
09:58:45;715;1023;714;;11076
09:58:46;714;1023;714;;9744
09:58:46;714;1023;714;;9740
09:58:47;715;1023;714;;11020
09:58:47;715;1023;714;;9648
09:58:48;714;1023;714;;9668
09:58:48;714;1023;714;;9688
09:58:49;714;1023;714;;9740
09:58:49;714;1023;714;;9716
09:58:50;714;1023;714;;9740
09:58:50;714;1023;714;;11060
09:58:51;714;1023;714;;11044
09:58:51;714;1023;714;;11048
09:58:52;714;1023;714;;11040
09:58:52;714;1023;714;;11020
09:58:53;714;1023;714;;9720
09:58:53;714;1023;714;;9716
09:58:54;714;1023;714;;9716
09:58:54;714;1023;714;;11072
09:58:55;714;1023;714;;9816
09:58:56;714;1023;714;;9664
09:58:56;714;1023;714;;9592
09:58:57;714;1023;714;;9640
09:58:57;714;1023;714;;9620
09:58:58;714;1023;714;;9740
09:58:58;714;1023;714;;9740
09:58:59;714;1023;714;;9668
09:58:59;714;1023;714;;9664
09:59:00;714;1023;714;;9668
09:59:00;714;1023;714;;9716
09:59:01;714;1023;714;;9748
09:59:01;714;1023;714;;9640
09:59:02;714;1023;714;;11072
09:59:02;714;1023;714;;11056
09:59:03;714;1023;714;;9692
09:59:03;714;1023;714;;11072
09:59:04;714;1023;714;;11072
09:59:04;714;1023;714;;11060
09:59:05;714;1023;714;;11048
09:59:05;714;1023;714;;9660
09:59:06;714;1023;714;;11052
09:59:06;714;1023;714;;11072
09:59:07;714;1023;714;;11048
09:59:07;714;1023;714;;11048
09:59:08;714;1023;714;;11044
09:59:08;714;1023;714;;9744
09:59:09;714;1023;714;;11068
09:59:09;714;1023;714;;11044
09:59:10;714;1023;714;;8712
09:59:10;714;1023;714;;11044
09:59:11;714;1023;714;;11032
09:59:11;714;1023;714;;11048
09:59:12;714;1023;714;;11072
09:59:12;714;1023;714;;11044
09:59:13;714;1023;714;;11080
09:59:13;714;1023;714;;9688
09:59:14;714;1023;714;;11020
09:59:14;714;1023;714;;10544
09:59:15;714;1023;714;;10492
09:59:15;714;1023;714;;9716
09:59:16;714;1023;714;;9712
09:59:16;714;1023;714;;9788
09:59:17;714;1023;714;;9824
09:59:17;714;1023;714;;9692
09:59:18;714;1023;714;;9664
09:59:18;714;1023;714;;9712
09:59:19;714;1023;714;;9688
09:59:19;714;1023;714;;9784
09:59:20;714;1023;714;;9712
09:59:20;714;1023;714;;9708
09:59:21;714;1023;714;;9684
09:59:21;714;1023;714;;9584
09:59:22;714;1023;714;;9584
09:59:22;714;1023;714;;9660
09:59:23;714;1023;714;;9580
09:59:23;714;1023;714;;11016
09:59:24;714;1023;714;;9732
09:59:24;714;1023;714;;9608
09:59:25;714;1023;714;;11040
09:59:25;714;1023;714;;9708
09:59:26;714;1023;714;;9608
09:59:26;714;1023;714;;9560
09:59:27;714;1023;714;;10916
09:59:28;714;1023;714;;9528
09:59:28;714;1023;714;;9732
09:59:29;714;1023;714;;9684
09:59:29;714;1023;714;;9728
09:59:30;714;1023;714;;9556
09:59:30;714;1023;714;;9684
09:59:31;714;1023;714;;9656
09:59:31;714;1023;714;;9680
09:59:32;714;1023;714;;11064
09:59:32;714;1023;714;;9756
09:59:33;714;1023;714;;9652
09:59:33;714;1023;714;;9680
09:59:34;714;1023;714;;9584
09:59:34;714;1023;714;;9628
09:59:35;714;1023;714;;9584
09:59:35;714;1023;714;;9664
09:59:36;714;1023;714;;9584
09:59:36;714;1023;714;;9608
09:59:37;714;1023;714;;9564
09:59:37;714;1023;714;;9556
09:59:38;714;1023;714;;9656
09:59:38;714;1023;714;;9732
09:59:39;714;1023;714;;9780
09:59:39;714;1023;714;;9732
09:59:40;714;1023;714;;9608
09:59:40;714;1023;714;;9664
09:59:41;714;1023;714;;9704
09:59:41;714;1023;714;;9604
09:59:42;714;1023;714;;9652
09:59:42;714;1023;714;;9652
09:59:43;714;1023;714;;9600
09:59:43;714;1023;714;;9604
09:59:44;714;1023;714;;9628
09:59:44;714;1023;714;;9656
09:59:45;714;1023;714;;9628
09:59:45;714;1023;714;;9628
09:59:46;714;1023;714;;9628
09:59:46;714;1023;714;;9700
09:59:47;714;1023;714;;9704
09:59:47;714;1023;714;;10404
09:59:48;714;1023;714;;10404
09:59:48;714;1023;714;;10356
09:59:49;714;1023;714;;10284
09:59:49;714;1023;714;;10308
09:59:50;714;1023;714;;10384
09:59:50;714;1023;714;;10436
09:59:51;714;1023;714;;11028
09:59:51;714;1023;714;;9628
09:59:52;714;1023;714;;9656
09:59:52;714;1023;714;;9600
09:59:53;714;1023;714;;9580
09:59:53;714;1023;714;;9604
09:59:54;714;1023;714;;9504
09:59:54;714;1023;714;;9680
09:59:55;714;1023;714;;9552
09:59:55;714;1023;714;;9528
09:59:56;714;1023;714;;10528
09:59:56;714;1023;714;;11048
09:59:57;714;1023;714;;9684
09:59:57;714;1023;714;;9704
09:59:58;714;1023;714;;11084
09:59:58;714;1023;714;;9704
09:59:59;714;1023;714;;9628
